Source,Location ID,City,State,Country,Latitude,Longitude,Time Zone,Elevation,Local Time Zone,Clearsky DHI Units,Clearsky DNI Units,Clearsky GHI Units,Dew Point Units,DHI Units,DNI Units,GHI Units,Solar Zenith Angle Units,Temperature Units,Pressure Units,Relative Humidity Units,Precipitable Water Units,Wind Direction Units,Wind Speed,Cloud Type -15,Cloud Type 0,Cloud Type 1,Cloud Type 2,Cloud Type 3,Cloud Type 4,Cloud Type 5,Cloud Type 6,Cloud Type 7,Cloud Type 8,Cloud Type 9,Cloud Type 10,Cloud Type 11,Cloud Type 12,Fill Flag 0,Fill Flag 1,Fill Flag 2,Fill Flag 3,Fill Flag 4,Fill Flag 5,Surface Albedo Units,Version
NSRDB,100293,-,-,-,35.69,-105.94,-7,2166,-7,w/m2,w/m2,w/m2,c,w/m2,w/m2,w/m2,Degree,c,mbar,%,cm,Degrees,m/s,N/A,Clear,Probably Clear,Fog,Water,Super-Cooled Water,Mixed,Opaque Ice,Cirrus,Overlapping,Overshooting,Unknown,Dust,Smoke,N/A,Missing Image,Low Irradiance,Exceeds Clearsky,Missing CLoud Properties,Rayleigh Violation,N/A,3.0.6
Year,Month,Day,Hour,Minute,DHI,DNI,GHI,Surface Albedo,Wind Speed,Relative Humidity,Temperature,Pressure,
2011,1,1,0,0,0,0,0,0.866,1.7000000000000002,67.67,-16,770,N/A
2011,1,1,0,30,0,0,0,0.866,1.7000000000000002,67.69,-16,770,N/A
2011,1,1,1,0,0,0,0,0.866,1.7000000000000002,67.78,-17,770,N/A
2011,1,1,1,30,0,0,0,0.866,1.7000000000000002,67.8,-17,770,N/A
2011,1,1,2,0,0,0,0,0.866,1.7000000000000002,67.54,-17,770,N/A
2011,1,1,2,30,0,0,0,0.866,1.7000000000000002,67.54,-17,770,N/A
2011,1,1,3,0,0,0,0,0.866,1.8,73.31,-17,770,N/A
2011,1,1,3,30,0,0,0,0.866,1.8,73.32000000000001,-17,770,N/A
2011,1,1,4,0,0,0,0,0.866,1.8,73.67,-18,770,N/A
2011,1,1,4,30,0,0,0,0.866,1.7000000000000002,73.68,-18,770,N/A
2011,1,1,5,0,0,0,0,0.866,1.7000000000000002,74.3,-18,780,N/A
2011,1,1,5,30,0,0,0,0.866,1.7000000000000002,74.32000000000001,-18,780,N/A
2011,1,1,6,0,0,0,0,0.866,1.7000000000000002,74.24,-18,780,N/A
2011,1,1,6,30,0,0,0,0.866,1.7000000000000002,74.26,-18,780,N/A
2011,1,1,7,0,0,0,0,0.866,1.8,73.59,-18,780,N/A
2011,1,1,7,30,15,371,29,0.866,2.3000000000000003,62.230000000000004,-16,780,N/A
2011,1,1,8,0,32,667,116,0.866,2.9000000000000004,59.18,-15,780,N/A
2011,1,1,8,30,45,810,214,0.866,3.4000000000000004,50.27,-13,780,N/A
2011,1,1,9,0,53,899,308,0.866,3.9000000000000004,49.85,-11,780,N/A
2011,1,1,9,30,60,953,395,0.866,4,42.52,-10,780,N/A
2011,1,1,10,0,65,993,470,0.866,4.1000000000000005,41.58,-9,780,N/A
2011,1,1,10,30,69,1017,530,0.866,4.1000000000000005,38.46,-8,780,N/A
2011,1,1,11,0,72,1032,576,0.866,4.3,41.39,-7,780,N/A
2011,1,1,11,30,74,1039,604,0.866,4.4,38.300000000000004,-6,780,N/A
2011,1,1,12,0,75,1041,616,0.866,4.6000000000000005,37.88,-6,780,N/A
2011,1,1,12,30,74,1036,610,0.866,4.6000000000000005,35.11,-5,780,N/A
2011,1,1,13,0,74,1024,587,0.866,4.7,36.89,-5,780,N/A
2011,1,1,13,30,72,1009,548,0.866,4.7,36.89,-5,780,N/A
2011,1,1,14,0,69,984,494,0.866,4.7,40.83,-5,780,N/A
2011,1,1,14,30,64,953,426,0.866,4.6000000000000005,40.84,-5,780,N/A
2011,1,1,15,0,58,905,346,0.866,4.5,43.92,-6,780,N/A
2011,1,1,15,30,50,838,256,0.866,4.2,47.46,-7,780,N/A
2011,1,1,16,0,39,733,161,0.866,3.9000000000000004,48.800000000000004,-8,780,N/A
2011,1,1,16,30,24,539,68,0.866,3.5,52.82,-9,780,N/A
2011,1,1,17,0,0,0,0,0.866,3.1,51.93,-11,780,N/A
2011,1,1,17,30,0,0,0,0.866,2.9000000000000004,56.28,-12,780,N/A
2011,1,1,18,0,0,0,0,0.866,2.7,58.72,-13,780,N/A
2011,1,1,18,30,0,0,0,0.866,2.5,58.730000000000004,-13,780,N/A
2011,1,1,19,0,0,0,0,0.866,2.3000000000000003,61.6,-14,780,N/A
2011,1,1,19,30,0,0,0,0.866,2.2,61.61,-14,780,N/A
2011,1,1,20,0,0,0,0,0.866,2.1,64.45,-14,780,N/A
2011,1,1,20,30,0,0,0,0.866,1.9000000000000001,64.45,-14,780,N/A
2011,1,1,21,0,0,0,0,0.866,1.7000000000000002,62.57,-15,780,N/A
2011,1,1,21,30,0,0,0,0.866,1.6,62.57,-15,780,N/A
2011,1,1,22,0,0,0,0,0.866,1.6,60.85,-15,780,N/A
2011,1,1,22,30,0,0,0,0.866,1.6,60.85,-15,780,N/A
2011,1,1,23,0,0,0,0,0.866,1.6,58.43,-15,780,N/A
2011,1,1,23,30,0,0,0,0.866,1.6,58.43,-15,780,N/A
2011,1,2,0,0,0,0,0,0.866,1.6,60.800000000000004,-15,780,N/A
2011,1,2,0,30,0,0,0,0.866,1.6,60.81,-15,780,N/A
2011,1,2,1,0,0,0,0,0.866,1.6,58.31,-15,780,N/A
2011,1,2,1,30,0,0,0,0.866,1.6,58.31,-15,780,N/A
2011,1,2,2,0,0,0,0,0.866,1.7000000000000002,56.28,-15,780,N/A
2011,1,2,2,30,0,0,0,0.866,1.8,56.27,-15,780,N/A
2011,1,2,3,0,0,0,0,0.866,1.9000000000000001,54.61,-16,780,N/A
2011,1,2,3,30,0,0,0,0.866,1.9000000000000001,54.6,-16,780,N/A
2011,1,2,4,0,0,0,0,0.866,2,53.04,-16,780,N/A
2011,1,2,4,30,0,0,0,0.866,2.1,53.04,-16,780,N/A
2011,1,2,5,0,0,0,0,0.866,2.2,51.39,-16,780,N/A
2011,1,2,5,30,0,0,0,0.866,2.2,51.39,-15,780,N/A
2011,1,2,6,0,0,0,0,0.866,2.3000000000000003,49.800000000000004,-15,780,N/A
2011,1,2,6,30,0,0,0,0.866,2.4000000000000004,45.84,-15,780,N/A
2011,1,2,7,0,0,0,0,0.866,2.6,45.12,-15,780,N/A
2011,1,2,7,30,30,0,30,0.866,2.7,38.32,-13,780,N/A
2011,1,2,8,0,31,698,118,0.866,2.9000000000000004,39.77,-11,780,N/A
2011,1,2,8,30,42,836,216,0.866,2.7,31.36,-9,780,N/A
2011,1,2,9,0,50,915,310,0.866,2.5,34.25,-7,780,N/A
2011,1,2,9,30,57,966,396,0.866,2.7,29.400000000000002,-5,780,N/A
2011,1,2,10,0,64,997,470,0.866,2.9000000000000004,32.57,-3,780,N/A
2011,1,2,10,30,68,1018,530,0.866,2.9000000000000004,28.05,-2,780,N/A
2011,1,2,11,0,75,1022,574,0.866,3,30.91,-1,780,N/A
2011,1,2,11,30,76,1029,602,0.866,3.1,28.73,0,780,N/A
2011,1,2,12,0,77,1030,614,0.866,3.2,33.05,0,780,N/A
2011,1,2,12,30,76,1026,608,0.866,3.2,33.03,0,780,N/A
2011,1,2,13,0,73,1020,585,0.866,3.3000000000000003,36.660000000000004,0,780,N/A
2011,1,2,13,30,70,1004,546,0.866,3.2,36.660000000000004,0,780,N/A
2011,1,2,14,0,66,984,493,0.866,3.2,39.57,0,780,N/A
2011,1,2,14,30,61,953,425,0.866,2.9000000000000004,39.57,0,780,N/A
2011,1,2,15,0,54,909,345,0.866,2.6,42.53,0,780,N/A
2011,1,2,15,30,47,843,256,0.866,2,45.74,-1,780,N/A
2011,1,2,16,0,37,736,162,0.866,1.4000000000000001,52.65,-3,780,N/A
2011,1,2,16,30,24,547,69,0.866,1.4000000000000001,56.74,-4,780,N/A
2011,1,2,17,0,0,0,0,0.866,1.4000000000000001,60.99,-6,780,N/A
2011,1,2,17,30,0,0,0,0.866,1.4000000000000001,61,-6,780,N/A
2011,1,2,18,0,0,0,0,0.866,1.4000000000000001,65.81,-6,780,N/A
2011,1,2,18,30,0,0,0,0.866,1.3,65.81,-6,780,N/A
2011,1,2,19,0,0,0,0,0.866,1.3,64.92,-7,780,N/A
2011,1,2,19,30,0,0,0,0.866,1.2000000000000002,64.91,-7,780,N/A
2011,1,2,20,0,0,0,0,0.866,1.2000000000000002,67.25,-8,780,N/A
2011,1,2,20,30,0,0,0,0.866,1.2000000000000002,67.24,-8,780,N/A
2011,1,2,21,0,0,0,0,0.866,1.2000000000000002,64.01,-8,780,N/A
2011,1,2,21,30,0,0,0,0.866,1.2000000000000002,64,-8,780,N/A
2011,1,2,22,0,0,0,0,0.866,1.2000000000000002,61.4,-8,780,N/A
2011,1,2,22,30,0,0,0,0.866,1.2000000000000002,61.39,-8,780,N/A
2011,1,2,23,0,0,0,0,0.866,1.2000000000000002,60.14,-8,780,N/A
2011,1,2,23,30,0,0,0,0.866,1.2000000000000002,55.660000000000004,-7,780,N/A
2011,1,3,0,0,0,0,0,0.866,1.2000000000000002,54.86,-7,780,N/A
2011,1,3,0,30,0,0,0,0.866,1.2000000000000002,54.85,-7,780,N/A
2011,1,3,1,0,0,0,0,0.866,1.2000000000000002,54.22,-7,780,N/A
2011,1,3,1,30,0,0,0,0.866,1.1,54.22,-6,780,N/A
2011,1,3,2,0,0,0,0,0.866,1.1,54.050000000000004,-6,780,N/A
2011,1,3,2,30,0,0,0,0.866,1,54.04,-6,780,N/A
2011,1,3,3,0,0,0,0,0.866,1,53.75,-6,780,N/A
2011,1,3,3,30,0,0,0,0.866,1,53.730000000000004,-6,780,N/A
2011,1,3,4,0,0,0,0,0.866,1,52.96,-6,780,N/A
2011,1,3,4,30,0,0,0,0.866,1,52.96,-6,780,N/A
2011,1,3,5,0,0,0,0,0.866,1,51.89,-6,780,N/A
2011,1,3,5,30,0,0,0,0.866,1,51.88,-6,780,N/A
2011,1,3,6,0,0,0,0,0.866,1.1,51.08,-7,780,N/A
2011,1,3,6,30,0,0,0,0.866,1.1,51.08,-6,780,N/A
2011,1,3,7,0,0,0,0,0.866,1.1,51.39,-6,780,N/A
2011,1,3,7,30,8,0,8,0.866,1.1,44.12,-5,780,N/A
2011,1,3,8,0,33,0,33,0.866,1.2000000000000002,46.01,-4,780,N/A
2011,1,3,8,30,61,0,61,0.866,1.4000000000000001,39.65,-2,780,N/A
2011,1,3,9,0,84,0,84,0.866,1.6,38.75,-1,780,N/A
2011,1,3,9,30,154,199,224,0.866,1.6,36.03,0,780,N/A
2011,1,3,10,0,167,358,314,0.866,1.6,38.82,1,780,N/A
2011,1,3,10,30,185,404,369,0.866,1.8,36.1,2,780,N/A
2011,1,3,11,0,87,838,497,0.866,2,35.65,3,780,N/A
2011,1,3,11,30,82,885,535,0.866,2.1,35.63,3,780,N/A
2011,1,3,12,0,78,1018,610,0.866,2.2,34.43,3,780,N/A
2011,1,3,12,30,87,873,540,0.866,2.3000000000000003,34.42,3,780,N/A
2011,1,3,13,0,76,1012,586,0.866,2.4000000000000004,34.78,4,780,N/A
2011,1,3,13,30,73,1000,549,0.866,2.3000000000000003,34.78,3,780,N/A
2011,1,3,14,0,67,986,497,0.866,2.2,35.57,3,780,N/A
2011,1,3,14,30,62,957,430,0.866,1.7000000000000002,38.19,2,780,N/A
2011,1,3,15,0,55,917,351,0.866,1.3,42.68,2,780,N/A
2011,1,3,15,30,48,851,262,0.866,1.1,49.28,0,780,N/A
2011,1,3,16,0,38,742,166,0.866,0.9,50.22,-1,780,N/A
2011,1,3,16,30,25,554,72,0.866,0.8,54.06,-2,780,N/A
2011,1,3,17,0,0,0,0,0.866,0.8,48.54,-3,780,N/A
2011,1,3,17,30,0,0,0,0.866,0.7000000000000001,48.56,-3,780,N/A
2011,1,3,18,0,0,0,0,0.866,0.6000000000000001,46.980000000000004,-3,780,N/A
2011,1,3,18,30,0,0,0,0.866,0.5,46.99,-3,780,N/A
2011,1,3,19,0,0,0,0,0.866,0.4,46.21,-3,780,N/A
2011,1,3,19,30,0,0,0,0.866,0.4,46.22,-3,780,N/A
2011,1,3,20,0,0,0,0,0.866,0.4,49.36,-3,780,N/A
2011,1,3,20,30,0,0,0,0.866,0.5,49.36,-3,780,N/A
2011,1,3,21,0,0,0,0,0.866,0.6000000000000001,48.68,-4,780,N/A
2011,1,3,21,30,0,0,0,0.866,0.6000000000000001,48.69,-4,780,N/A
2011,1,3,22,0,0,0,0,0.866,0.7000000000000001,51.5,-5,780,N/A
2011,1,3,22,30,0,0,0,0.866,0.8,51.49,-5,780,N/A
2011,1,3,23,0,0,0,0,0.866,0.9,54.99,-5,780,N/A
2011,1,3,23,30,0,0,0,0.866,0.9,54.980000000000004,-5,780,N/A
2011,1,4,0,0,0,0,0,0.866,1,54.34,-6,780,N/A
2011,1,4,0,30,0,0,0,0.866,1,54.33,-6,780,N/A
2011,1,4,1,0,0,0,0,0.866,1.1,57.59,-7,780,N/A
2011,1,4,1,30,0,0,0,0.866,1.1,57.59,-7,780,N/A
2011,1,4,2,0,0,0,0,0.866,1.1,61,-7,780,N/A
2011,1,4,2,30,0,0,0,0.866,1.1,60.99,-7,780,N/A
2011,1,4,3,0,0,0,0,0.866,1.2000000000000002,59.63,-8,780,N/A
2011,1,4,3,30,0,0,0,0.866,1.2000000000000002,59.620000000000005,-8,780,N/A
2011,1,4,4,0,0,0,0,0.866,1.2000000000000002,64.05,-8,780,N/A
2011,1,4,4,30,0,0,0,0.866,1.2000000000000002,64.05,-8,780,N/A
2011,1,4,5,0,0,0,0,0.866,1.2000000000000002,64.29,-9,780,N/A
2011,1,4,5,30,0,0,0,0.866,1.2000000000000002,64.3,-9,780,N/A
2011,1,4,6,0,0,0,0,0.866,1.2000000000000002,64.5,-9,780,N/A
2011,1,4,6,30,0,0,0,0.866,1.1,64.51,-9,780,N/A
2011,1,4,7,0,0,0,0,0.866,1.1,65.96000000000001,-9,780,N/A
2011,1,4,7,30,15,358,27,0.866,1.4000000000000001,56.49,-7,780,N/A
2011,1,4,8,0,31,641,111,0.866,1.8,53.82,-5,780,N/A
2011,1,4,8,30,43,783,206,0.866,1.8,46.33,-3,780,N/A
2011,1,4,9,0,104,357,206,0.866,1.9000000000000001,48.43,-2,780,N/A
2011,1,4,9,30,147,277,245,0.866,2.4000000000000004,45,-1,780,N/A
2011,1,4,10,0,126,566,358,0.866,3,43.97,0,780,N/A
2011,1,4,10,30,69,984,517,0.866,3.3000000000000003,43.95,0,780,N/A
2011,1,4,11,0,70,1003,563,0.866,3.7,41.49,1,780,N/A
2011,1,4,11,30,135,699,495,0.866,4,41.47,1,780,N/A
2011,1,4,12,0,140,698,506,0.866,4.4,41.88,1,780,N/A
2011,1,4,12,30,133,710,503,0.866,4.7,41.87,1,780,N/A
2011,1,4,13,0,133,696,485,0.866,5,42.04,1,780,N/A
2011,1,4,13,30,96,790,473,0.866,5.2,45.19,0,780,N/A
2011,1,4,14,0,110,676,406,0.866,5.4,45.89,0,780,N/A
2011,1,4,14,30,92,676,353,0.866,5.300000000000001,45.910000000000004,0,780,N/A
2011,1,4,15,0,87,593,280,0.866,5.2,50.19,0,780,N/A
2011,1,4,15,30,51,827,261,0.866,4.5,50.19,-1,780,N/A
2011,1,4,16,0,41,718,166,0.866,3.9000000000000004,54.31,-2,780,N/A
2011,1,4,16,30,27,534,74,0.866,3.2,58.49,-3,780,N/A
2011,1,4,17,0,0,0,0,0.866,2.5,66.03,-4,780,N/A
2011,1,4,17,30,0,0,0,0.866,2.4000000000000004,66.04,-5,780,N/A
2011,1,4,18,0,0,0,0,0.866,2.3000000000000003,70.14,-6,780,N/A
2011,1,4,18,30,0,0,0,0.866,2.2,70.15,-6,780,N/A
2011,1,4,19,0,0,0,0,0.866,2.2,75.54,-6,780,N/A
2011,1,4,19,30,0,0,0,0.866,2.2,75.55,-6,780,N/A
2011,1,4,20,0,0,0,0,0.866,2.2,75.32000000000001,-7,780,N/A
2011,1,4,20,30,0,0,0,0.866,2.1,75.32000000000001,-7,780,N/A
2011,1,4,21,0,0,0,0,0.866,2.1,74.67,-7,780,N/A
2011,1,4,21,30,0,0,0,0.866,2,74.67,-7,780,N/A
2011,1,4,22,0,0,0,0,0.866,2,79.64,-8,780,N/A
2011,1,4,22,30,0,0,0,0.866,1.9000000000000001,79.63,-8,780,N/A
2011,1,4,23,0,0,0,0,0.866,1.9000000000000001,78.28,-8,780,N/A
2011,1,4,23,30,0,0,0,0.866,1.8,78.27,-8,780,N/A
2011,1,5,0,0,0,0,0,0.866,1.8,82.64,-9,780,N/A
2011,1,5,0,30,0,0,0,0.866,1.8,82.65,-9,780,N/A
2011,1,5,1,0,0,0,0,0.866,1.8,80.63,-9,780,N/A
2011,1,5,1,30,0,0,0,0.866,1.8,80.64,-9,780,N/A
2011,1,5,2,0,0,0,0,0.866,1.8,85.23,-10,780,N/A
2011,1,5,2,30,0,0,0,0.866,1.8,85.23,-10,780,N/A
2011,1,5,3,0,0,0,0,0.866,1.8,83.23,-10,780,N/A
2011,1,5,3,30,0,0,0,0.866,1.8,83.25,-10,780,N/A
2011,1,5,4,0,0,0,0,0.866,1.9000000000000001,81.44,-10,780,N/A
2011,1,5,4,30,0,0,0,0.866,1.9000000000000001,81.45,-10,780,N/A
2011,1,5,5,0,0,0,0,0.866,2,79.56,-10,780,N/A
2011,1,5,5,30,0,0,0,0.866,2,79.57000000000001,-10,780,N/A
2011,1,5,6,0,0,0,0,0.866,2,83.92,-10,780,N/A
2011,1,5,6,30,0,0,0,0.866,2,77.52,-10,780,N/A
2011,1,5,7,0,0,0,0,0.866,2.1,75.96000000000001,-10,780,N/A
2011,1,5,7,30,15,334,27,0.866,2.6,64.96000000000001,-8,780,N/A
2011,1,5,8,0,33,628,112,0.866,3.1,63.13,-7,780,N/A
2011,1,5,8,30,46,774,207,0.866,3.7,54.21,-5,780,N/A
2011,1,5,9,0,56,860,301,0.866,4.3,52.730000000000004,-3,780,N/A
2011,1,5,9,30,63,916,386,0.866,4.6000000000000005,45.45,-1,780,N/A
2011,1,5,10,0,69,954,460,0.866,5.1000000000000005,43.59,0,780,N/A
2011,1,5,10,30,73,979,521,0.866,5.2,40.52,0,780,N/A
2011,1,5,11,0,77,995,566,0.866,5.4,39.63,1,780,N/A
2011,1,5,11,30,79,1005,596,0.866,5.4,39.61,1,780,N/A
2011,1,5,12,0,79,1008,609,0.866,5.5,39.03,2,780,N/A
2011,1,5,12,30,79,1007,606,0.866,5.5,39.02,2,780,N/A
2011,1,5,13,0,78,999,586,0.866,5.5,40.67,3,780,N/A
2011,1,5,13,30,76,986,549,0.866,5.300000000000001,40.68,2,780,N/A
2011,1,5,14,0,71,967,497,0.866,5.2,41.77,2,780,N/A
2011,1,5,14,30,66,937,431,0.866,4.9,44.87,1,780,N/A
2011,1,5,15,0,61,889,352,0.866,4.7,48.96,1,780,N/A
2011,1,5,15,30,52,821,263,0.866,3.8000000000000003,48.96,0,780,N/A
2011,1,5,16,0,42,708,167,0.866,3,52.1,-1,780,N/A
2011,1,5,16,30,27,514,74,0.866,2.7,56.07,-2,780,N/A
2011,1,5,17,0,0,0,0,0.866,2.4000000000000004,62,-4,780,N/A
2011,1,5,17,30,0,0,0,0.866,2.5,62,-4,780,N/A
2011,1,5,18,0,0,0,0,0.866,2.6,66.05,-5,780,N/A
2011,1,5,18,30,0,0,0,0.866,2.6,66.04,-5,780,N/A
2011,1,5,19,0,0,0,0,0.866,2.7,65.2,-5,780,N/A
2011,1,5,19,30,0,0,0,0.866,2.6,65.2,-5,780,N/A
2011,1,5,20,0,0,0,0,0.866,2.5,69.57000000000001,-6,780,N/A
2011,1,5,20,30,0,0,0,0.866,2.4000000000000004,69.57000000000001,-6,780,N/A
2011,1,5,21,0,0,0,0,0.866,2.3000000000000003,74.51,-6,780,N/A
2011,1,5,21,30,0,0,0,0.866,2.2,74.52,-6,780,N/A
2011,1,5,22,0,0,0,0,0.866,2.1,73.61,-7,780,N/A
2011,1,5,22,30,0,0,0,0.866,2,73.62,-7,780,N/A
2011,1,5,23,0,0,0,0,0.866,2,78.2,-7,780,N/A
2011,1,5,23,30,0,0,0,0.866,1.9000000000000001,78.21000000000001,-7,780,N/A
2011,1,6,0,0,0,0,0,0.866,1.8,76.57000000000001,-8,780,N/A
2011,1,6,0,30,0,0,0,0.866,1.8,76.59,-8,780,N/A
2011,1,6,1,0,0,0,0,0.866,1.8,80.82000000000001,-8,780,N/A
2011,1,6,1,30,0,0,0,0.866,1.9000000000000001,80.83,-8,780,N/A
2011,1,6,2,0,0,0,0,0.866,2,78.2,-9,780,N/A
2011,1,6,2,30,0,0,0,0.866,2.1,78.18,-9,780,N/A
2011,1,6,3,0,0,0,0,0.866,2.2,75.31,-9,780,N/A
2011,1,6,3,30,0,0,0,0.866,2.3000000000000003,75.3,-9,780,N/A
2011,1,6,4,0,0,0,0,0.866,2.4000000000000004,72.47,-9,780,N/A
2011,1,6,4,30,0,0,0,0.866,2.4000000000000004,72.46000000000001,-9,780,N/A
2011,1,6,5,0,0,0,0,0.866,2.4000000000000004,69.83,-9,780,N/A
2011,1,6,5,30,0,0,0,0.866,2.3000000000000003,69.83,-9,780,N/A
2011,1,6,6,0,0,0,0,0.866,2.3000000000000003,67.68,-9,780,N/A
2011,1,6,6,30,0,0,0,0.866,2.5,62.59,-8,780,N/A
2011,1,6,7,0,0,0,0,0.866,2.7,61.72,-8,780,N/A
2011,1,6,7,30,28,0,28,0.866,3,52.92,-6,780,N/A
2011,1,6,8,0,33,647,114,0.866,3.4000000000000004,52.980000000000004,-5,780,N/A
2011,1,6,8,30,46,793,211,0.866,3.3000000000000003,45.61,-3,780,N/A
2011,1,6,9,0,47,767,265,0.866,3.3000000000000003,47.82,-1,780,N/A
2011,1,6,9,30,52,831,346,0.866,3.7,41.31,0,780,N/A
2011,1,6,10,0,61,855,413,0.866,4.1000000000000005,42.550000000000004,1,780,N/A
2011,1,6,10,30,71,864,467,0.866,4.1000000000000005,39.61,2,780,N/A
2011,1,6,11,0,80,866,508,0.866,4.1000000000000005,41.57,4,780,N/A
2011,1,6,11,30,82,887,540,0.866,4,38.730000000000004,4,780,N/A
2011,1,6,12,0,83,894,555,0.866,3.9000000000000004,38.7,5,780,N/A
2011,1,6,12,30,86,882,548,0.866,3.7,38.69,5,780,N/A
2011,1,6,13,0,97,823,517,0.866,3.6,40.28,6,780,N/A
2011,1,6,13,30,80,857,493,0.866,3.4000000000000004,40.28,6,780,N/A
2011,1,6,14,0,91,762,428,0.866,3.3000000000000003,42.58,6,780,N/A
2011,1,6,14,30,130,517,332,0.866,2.8000000000000003,45.660000000000004,5,780,N/A
2011,1,6,15,0,114,442,260,0.866,2.3000000000000003,50.79,4,780,N/A
2011,1,6,15,30,48,860,271,0.866,1.9000000000000001,58.5,2,780,N/A
2011,1,6,16,0,63,295,116,0.866,1.6,64.49,0,780,N/A
2011,1,6,16,30,33,212,53,0.866,1.7000000000000002,69.36,-1,780,N/A
2011,1,6,17,0,0,0,0,0.866,1.8,74.88,-2,780,N/A
2011,1,6,17,30,0,0,0,0.866,1.8,74.89,-2,780,N/A
2011,1,6,18,0,0,0,0,0.866,1.9000000000000001,75.35000000000001,-3,780,N/A
2011,1,6,18,30,0,0,0,0.866,1.9000000000000001,75.35000000000001,-3,780,N/A
2011,1,6,19,0,0,0,0,0.866,2,81.13,-3,780,N/A
2011,1,6,19,30,0,0,0,0.866,2,81.11,-3,780,N/A
2011,1,6,20,0,0,0,0,0.866,2.1,79.53,-4,780,N/A
2011,1,6,20,30,0,0,0,0.866,2.2,79.5,-4,780,N/A
2011,1,6,21,0,0,0,0,0.866,2.3000000000000003,77.08,-4,780,N/A
2011,1,6,21,30,0,0,0,0.866,2.3000000000000003,77.07000000000001,-4,780,N/A
2011,1,6,22,0,0,0,0,0.866,2.3000000000000003,80.55,-4,780,N/A
2011,1,6,22,30,0,0,0,0.866,2.3000000000000003,80.54,-4,780,N/A
2011,1,6,23,0,0,0,0,0.866,2.3000000000000003,78.36,-5,780,N/A
2011,1,6,23,30,0,0,0,0.866,2.4000000000000004,78.34,-5,780,N/A
2011,1,7,0,0,0,0,0,0.866,2.5,76.48,-5,780,N/A
2011,1,7,0,30,0,0,0,0.866,2.5,76.46000000000001,-5,780,N/A
2011,1,7,1,0,0,0,0,0.866,2.6,74.91,-5,780,N/A
2011,1,7,1,30,0,0,0,0.866,2.5,74.89,-5,780,N/A
2011,1,7,2,0,0,0,0,0.866,2.5,73.59,-5,780,N/A
2011,1,7,2,30,0,0,0,0.866,2.4000000000000004,73.57000000000001,-5,780,N/A
2011,1,7,3,0,0,0,0,0.866,2.3000000000000003,72.47,-5,780,N/A
2011,1,7,3,30,0,0,0,0.866,2.3000000000000003,72.45,-5,780,N/A
2011,1,7,4,0,0,0,0,0.866,2.3000000000000003,77.22,-5,780,N/A
2011,1,7,4,30,0,0,0,0.866,2.2,77.21000000000001,-5,780,N/A
2011,1,7,5,0,0,0,0,0.866,2.2,76.67,-5,780,N/A
2011,1,7,5,30,0,0,0,0.866,2.3000000000000003,76.66,-5,780,N/A
2011,1,7,6,0,0,0,0,0.866,2.4000000000000004,76.25,-5,780,N/A
2011,1,7,6,30,0,0,0,0.866,2.5,70.66,-5,780,N/A
2011,1,7,7,0,0,0,0,0.866,2.6,70.72,-5,780,N/A
2011,1,7,7,30,20,0,20,0.866,2.9000000000000004,65.59,-3,780,N/A
2011,1,7,8,0,42,308,80,0.866,3.2,64.7,-2,780,N/A
2011,1,7,8,30,68,388,149,0.866,2.9000000000000004,55.83,-1,780,N/A
2011,1,7,9,0,59,683,254,0.866,2.7,56.92,0,780,N/A
2011,1,7,9,30,64,760,333,0.866,2.7,52.95,2,780,N/A
2011,1,7,10,0,99,683,380,0.866,2.8000000000000003,51.2,4,780,N/A
2011,1,7,10,30,90,787,452,0.866,2.7,47.69,5,780,N/A
2011,1,7,11,0,75,996,568,0.866,2.6,41.75,7,780,N/A
2011,1,7,11,30,77,1006,598,0.866,2.2,38.96,7,780,N/A
2011,1,7,12,0,75,1015,612,0.866,1.8,34.89,8,780,N/A
2011,1,7,12,30,75,1013,609,0.866,1.3,34.89,8,780,N/A
2011,1,7,13,0,72,1009,589,0.866,0.8,34.22,9,780,N/A
2011,1,7,13,30,70,996,553,0.866,0.8,34.22,8,780,N/A
2011,1,7,14,0,67,975,501,0.866,0.8,35.4,8,780,N/A
2011,1,7,14,30,62,947,435,0.866,0.7000000000000001,37.9,7,780,N/A
2011,1,7,15,0,57,903,357,0.866,0.7000000000000001,50.75,6,780,N/A
2011,1,7,15,30,49,840,269,0.866,0.8,62.57,3,780,N/A
2011,1,7,16,0,40,738,174,0.866,1,61.800000000000004,1,780,N/A
2011,1,7,16,30,27,562,81,0.866,0.9,66.43,0,780,N/A
2011,1,7,17,0,0,0,0,0.152,0.9,58.160000000000004,0,780,N/A
2011,1,7,17,30,0,0,0,0.152,0.6000000000000001,58.160000000000004,0,780,N/A
2011,1,7,18,0,0,0,0,0.152,0.4,57.92,0,780,N/A
2011,1,7,18,30,0,0,0,0.152,0.4,57.92,0,780,N/A
2011,1,7,19,0,0,0,0,0.152,0.5,61.79,-1,780,N/A
2011,1,7,19,30,0,0,0,0.152,0.7000000000000001,61.78,-1,780,N/A
2011,1,7,20,0,0,0,0,0.152,1,65.99,-2,780,N/A
2011,1,7,20,30,0,0,0,0.152,1,65.98,-2,780,N/A
2011,1,7,21,0,0,0,0,0.152,1.1,70.27,-2,780,N/A
2011,1,7,21,30,0,0,0,0.152,1.1,70.27,-2,780,N/A
2011,1,7,22,0,0,0,0,0.152,1.1,69.69,-3,780,N/A
2011,1,7,22,30,0,0,0,0.152,1.1,69.67,-3,780,N/A
2011,1,7,23,0,0,0,0,0.152,1.1,74.88,-3,780,N/A
2011,1,7,23,30,0,0,0,0.152,1.1,74.86,-3,780,N/A
2011,1,8,0,0,0,0,0,0.152,1.1,75.03,-4,780,N/A
2011,1,8,0,30,0,0,0,0.152,1.1,75.01,-4,780,N/A
2011,1,8,1,0,0,0,0,0.152,1.1,75.16,-4,780,N/A
2011,1,8,1,30,0,0,0,0.152,1.1,75.13,-4,780,N/A
2011,1,8,2,0,0,0,0,0.152,1.1,75.22,-4,780,N/A
2011,1,8,2,30,0,0,0,0.152,1.1,75.2,-4,780,N/A
2011,1,8,3,0,0,0,0,0.152,1.1,81.13,-4,770,N/A
2011,1,8,3,30,0,0,0,0.152,1,81.10000000000001,-4,770,N/A
2011,1,8,4,0,0,0,0,0.152,1,80.83,-4,770,N/A
2011,1,8,4,30,0,0,0,0.152,1,80.81,-4,770,N/A
2011,1,8,5,0,0,0,0,0.152,1,79.86,-4,770,N/A
2011,1,8,5,30,0,0,0,0.152,0.9,79.85000000000001,-4,770,N/A
2011,1,8,6,0,0,0,0,0.152,0.9,78.55,-4,770,N/A
2011,1,8,6,30,0,0,0,0.152,0.8,72.84,-4,770,N/A
2011,1,8,7,0,0,0,0,0.152,0.8,71.76,-4,770,N/A
2011,1,8,7,30,14,314,26,0.152,0.6000000000000001,66.6,-2,770,N/A
2011,1,8,8,0,31,606,107,0.152,0.4,65.76,-1,770,N/A
2011,1,8,8,30,41,754,199,0.152,0.7000000000000001,56.81,0,770,N/A
2011,1,8,9,0,49,840,289,0.152,1,53.21,1,770,N/A
2011,1,8,9,30,54,896,372,0.152,1.7000000000000002,49.52,2,770,N/A
2011,1,8,10,0,59,931,443,0.152,2.5,42.15,4,770,N/A
2011,1,8,10,30,61,956,502,0.152,2.6,42.13,4,770,N/A
2011,1,8,11,0,64,972,546,0.152,2.8000000000000003,39.22,5,770,N/A
2011,1,8,11,30,65,982,575,0.152,2.9000000000000004,39.19,5,770,N/A
2011,1,8,12,0,66,983,588,0.152,3,39.67,6,770,N/A
2011,1,8,12,30,66,982,586,0.152,2.9000000000000004,39.65,6,770,N/A
2011,1,8,13,0,66,972,566,0.152,2.9000000000000004,40.15,6,770,N/A
2011,1,8,13,30,65,959,532,0.152,2.8000000000000003,40.14,5,770,N/A
2011,1,8,14,0,61,942,483,0.152,2.7,40.29,5,770,N/A
2011,1,8,14,30,58,912,420,0.152,2.2,43.21,4,770,N/A
2011,1,8,15,0,53,869,345,0.152,1.8,43.9,4,770,N/A
2011,1,8,15,30,48,805,260,0.152,1.5,50.57,2,770,N/A
2011,1,8,16,0,39,707,170,0.152,1.3,57.730000000000004,0,770,N/A
2011,1,8,16,30,27,529,79,0.152,1.3,62.09,-1,770,N/A
2011,1,8,17,0,0,0,0,0.151,1.4000000000000001,61.46,-2,770,N/A
2011,1,8,17,30,0,0,0,0.151,1.4000000000000001,61.480000000000004,-2,770,N/A
2011,1,8,18,0,0,0,0,0.151,1.4000000000000001,60.77,-2,770,N/A
2011,1,8,18,30,0,0,0,0.151,1.3,60.77,-2,770,N/A
2011,1,8,19,0,0,0,0,0.151,1.3,66.13,-3,770,N/A
2011,1,8,19,30,0,0,0,0.151,1.2000000000000002,66.12,-3,770,N/A
2011,1,8,20,0,0,0,0,0.151,1.2000000000000002,73.44,-3,770,N/A
2011,1,8,20,30,0,0,0,0.151,1.2000000000000002,73.43,-3,770,N/A
2011,1,8,21,0,0,0,0,0.151,1.2000000000000002,76.32000000000001,-4,770,N/A
2011,1,8,21,30,0,0,0,0.151,1.2000000000000002,76.3,-4,770,N/A
2011,1,8,22,0,0,0,0,0.151,1.2000000000000002,78.91,-4,770,N/A
2011,1,8,22,30,0,0,0,0.151,1.2000000000000002,78.9,-4,770,N/A
2011,1,8,23,0,0,0,0,0.151,1.3,80.87,-4,770,N/A
2011,1,8,23,30,0,0,0,0.151,1.3,80.86,-4,770,N/A
2011,1,9,0,0,0,0,0,0.151,1.4000000000000001,81.92,-4,770,N/A
2011,1,9,0,30,0,0,0,0.151,1.4000000000000001,81.92,-4,770,N/A
2011,1,9,1,0,0,0,0,0.151,1.4000000000000001,88.21000000000001,-4,770,N/A
2011,1,9,1,30,0,0,0,0.151,1.4000000000000001,88.21000000000001,-4,770,N/A
2011,1,9,2,0,0,0,0,0.151,1.4000000000000001,87.14,-4,770,N/A
2011,1,9,2,30,0,0,0,0.151,1.4000000000000001,87.14,-4,770,N/A
2011,1,9,3,0,0,0,0,0.151,1.5,85.98,-4,770,N/A
2011,1,9,3,30,0,0,0,0.151,1.6,85.98,-4,770,N/A
2011,1,9,4,0,0,0,0,0.151,1.7000000000000002,84.88,-4,770,N/A
2011,1,9,4,30,0,0,0,0.151,1.6,84.89,-4,770,N/A
2011,1,9,5,0,0,0,0,0.151,1.6,84.51,-5,770,N/A
2011,1,9,5,30,0,0,0,0.151,1.5,84.52,-5,770,N/A
2011,1,9,6,0,0,0,0,0.151,1.5,84.88,-5,770,N/A
2011,1,9,6,30,0,0,0,0.151,1.4000000000000001,84.89,-5,770,N/A
2011,1,9,7,0,0,0,0,0.151,1.4000000000000001,85.89,-5,770,N/A
2011,1,9,7,30,15,281,25,0.151,1.9000000000000001,73.95,-3,770,N/A
2011,1,9,8,0,33,570,105,0.151,2.5,71.84,-2,770,N/A
2011,1,9,8,30,44,725,197,0.151,3.1,66.76,-1,770,N/A
2011,1,9,9,0,52,817,287,0.151,3.7,66.61,0,770,N/A
2011,1,9,9,30,58,878,370,0.151,3.9000000000000004,61.97,1,770,N/A
2011,1,9,10,0,62,921,444,0.151,4.1000000000000005,59.28,2,770,N/A
2011,1,9,10,30,65,950,504,0.151,4.3,59.27,2,770,N/A
2011,1,9,11,0,71,958,548,0.151,4.5,54.730000000000004,3,770,N/A
2011,1,9,11,30,73,970,579,0.151,4.7,54.71,3,770,N/A
2011,1,9,12,0,74,974,593,0.151,4.9,53.63,4,770,N/A
2011,1,9,12,30,74,973,591,0.151,5,53.620000000000005,4,770,N/A
2011,1,9,13,0,73,967,572,0.151,5.1000000000000005,52.04,4,770,N/A
2011,1,9,13,30,71,954,538,0.151,4.9,52.050000000000004,3,770,N/A
2011,1,9,14,0,207,245,318,0.151,4.800000000000001,50.42,3,770,N/A
2011,1,9,14,30,181,200,261,0.151,4.2,54.13,2,770,N/A
2011,1,9,15,0,54,883,353,0.151,3.7,52.88,2,770,N/A
2011,1,9,15,30,48,818,267,0.151,2.7,56.81,1,770,N/A
2011,1,9,16,0,39,724,175,0.151,1.8,60.050000000000004,0,770,N/A
2011,1,9,16,30,27,549,83,0.151,1.6,64.59,-1,770,N/A
2011,1,9,17,0,0,0,0,0.151,1.5,67.56,-2,770,N/A
2011,1,9,17,30,0,0,0,0.151,1.4000000000000001,67.57000000000001,-2,770,N/A
2011,1,9,18,0,0,0,0,0.151,1.4000000000000001,72.64,-3,770,N/A
2011,1,9,18,30,0,0,0,0.151,1.3,72.65,-3,770,N/A
2011,1,9,19,0,0,0,0,0.151,1.3,78.09,-3,770,N/A
2011,1,9,19,30,0,0,0,0.151,1.3,78.09,-3,770,N/A
2011,1,9,20,0,0,0,0,0.151,1.3,77.60000000000001,-4,770,N/A
2011,1,9,20,30,0,0,0,0.151,1.3,77.60000000000001,-4,770,N/A
2011,1,9,21,0,0,0,0,0.151,1.3,77.5,-4,770,N/A
2011,1,9,21,30,0,0,0,0.151,1.3,77.49,-4,770,N/A
2011,1,9,22,0,0,0,0,0.151,1.3,79.02,-4,770,N/A
2011,1,9,22,30,0,0,0,0.151,1.4000000000000001,79.01,-4,770,N/A
2011,1,9,23,0,0,0,0,0.151,1.5,83.15,-4,770,N/A
2011,1,9,23,30,0,0,0,0.151,1.6,83.15,-3,770,N/A
2011,1,10,0,0,0,0,0,0.151,1.7000000000000002,89.01,-3,770,N/A
2011,1,10,0,30,0,0,0,0.151,1.6,89.03,-3,770,N/A
2011,1,10,1,0,0,0,0,0.151,1.5,92.09,-4,770,N/A
2011,1,10,1,30,0,0,0,0.151,1.4000000000000001,92.10000000000001,-4,770,N/A
2011,1,10,2,0,0,0,0,0.151,1.4000000000000001,92.68,-4,770,N/A
2011,1,10,2,30,0,0,0,0.151,1.3,92.68,-4,770,N/A
2011,1,10,3,0,0,0,0,0.151,1.3,96.60000000000001,-4,770,N/A
2011,1,10,3,30,0,0,0,0.151,1.3,96.61,-4,770,N/A
2011,1,10,4,0,0,0,0,0.151,1.4000000000000001,89.94,-5,770,N/A
2011,1,10,4,30,0,0,0,0.151,1.6,89.98,-5,770,N/A
2011,1,10,5,0,0,0,0,0.151,1.8,85.18,-5,770,N/A
2011,1,10,5,30,0,0,0,0.151,1.9000000000000001,85.24,-5,770,N/A
2011,1,10,6,0,0,0,0,0.151,2.1,77.17,-6,770,N/A
2011,1,10,6,30,0,0,0,0.151,2.2,77.21000000000001,-6,770,N/A
2011,1,10,7,0,0,0,0,0.151,2.3000000000000003,68.51,-6,780,N/A
2011,1,10,7,30,8,0,8,0.151,2.9000000000000004,63.49,-5,780,N/A
2011,1,10,8,0,36,0,36,0.151,3.6,53.09,-5,780,N/A
2011,1,10,8,30,67,0,67,0.151,3.9000000000000004,49.25,-4,780,N/A
2011,1,10,9,0,69,0,69,0.151,4.2,42.19,-3,780,N/A
2011,1,10,9,30,123,4,124,0.151,4.4,39.160000000000004,-2,780,N/A
2011,1,10,10,0,187,91,225,0.151,4.6000000000000005,34.980000000000004,-2,780,N/A
2011,1,10,10,30,217,116,271,0.151,4.800000000000001,32.480000000000004,-1,780,N/A
2011,1,10,11,0,167,9,172,0.151,5,28.900000000000002,-1,780,N/A
2011,1,10,11,30,158,636,491,0.151,5.2,28.900000000000002,-1,780,N/A
2011,1,10,12,0,195,522,474,0.151,5.4,25.29,-1,780,N/A
2011,1,10,12,30,177,555,473,0.151,5.5,25.29,-1,780,N/A
2011,1,10,13,0,55,1058,604,0.151,5.6000000000000005,22.67,-1,780,N/A
2011,1,10,13,30,54,1048,569,0.151,5.6000000000000005,22.68,-1,780,N/A
2011,1,10,14,0,55,1024,519,0.151,5.6000000000000005,21.23,-2,780,N/A
2011,1,10,14,30,52,997,453,0.151,5.5,21.240000000000002,-2,780,N/A
2011,1,10,15,0,48,960,375,0.151,5.4,22.490000000000002,-3,780,N/A
2011,1,10,15,30,43,902,287,0.151,4.9,24.240000000000002,-4,780,N/A
2011,1,10,16,0,36,812,191,0.151,4.5,26.830000000000002,-5,780,N/A
2011,1,10,16,30,26,650,94,0.151,3.8000000000000003,28.96,-6,780,N/A
2011,1,10,17,0,0,0,0,0.151,3.2,32.910000000000004,-7,780,N/A
2011,1,10,17,30,0,0,0,0.151,3,32.93,-7,780,N/A
2011,1,10,18,0,0,0,0,0.151,2.8000000000000003,37.37,-8,780,N/A
2011,1,10,18,30,0,0,0,0.151,2.2,37.39,-8,780,N/A
2011,1,10,19,0,0,0,0,0.151,1.7000000000000002,42.79,-9,780,N/A
2011,1,10,19,30,0,0,0,0.151,1.5,42.800000000000004,-9,780,N/A
2011,1,10,20,0,0,0,0,0.151,1.3,47.68,-10,780,N/A
2011,1,10,20,30,0,0,0,0.151,1.2000000000000002,47.69,-10,780,N/A
2011,1,10,21,0,0,0,0,0.151,1.1,51.81,-11,780,N/A
2011,1,10,21,30,0,0,0,0.151,1.1,51.83,-11,780,N/A
2011,1,10,22,0,0,0,0,0.151,1.1,55.26,-12,780,N/A
2011,1,10,22,30,0,0,0,0.151,1.1,55.27,-12,780,N/A
2011,1,10,23,0,0,0,0,0.151,1.1,58.81,-12,780,N/A
2011,1,10,23,30,0,0,0,0.151,1,58.82,-12,780,N/A
2011,1,11,0,0,0,0,0,0.151,1,57.4,-13,780,N/A
2011,1,11,0,30,0,0,0,0.151,1,57.42,-13,780,N/A
2011,1,11,1,0,0,0,0,0.151,1,60.660000000000004,-13,780,N/A
2011,1,11,1,30,0,0,0,0.151,0.9,60.67,-13,780,N/A
2011,1,11,2,0,0,0,0,0.151,0.9,58.800000000000004,-14,780,N/A
2011,1,11,2,30,0,0,0,0.151,0.9,58.800000000000004,-14,780,N/A
2011,1,11,3,0,0,0,0,0.151,0.9,61.15,-14,780,N/A
2011,1,11,3,30,0,0,0,0.151,0.9,61.15,-14,780,N/A
2011,1,11,4,0,0,0,0,0.151,0.9,57.65,-15,780,N/A
2011,1,11,4,30,0,0,0,0.151,0.9,57.660000000000004,-15,780,N/A
2011,1,11,5,0,0,0,0,0.151,0.9,53.550000000000004,-15,780,N/A
2011,1,11,5,30,0,0,0,0.151,0.9,53.550000000000004,-15,780,N/A
2011,1,11,6,0,0,0,0,0.151,1,49.2,-15,780,N/A
2011,1,11,6,30,0,0,0,0.151,1.1,45.33,-14,780,N/A
2011,1,11,7,0,0,0,0,0.151,1.2000000000000002,43.08,-14,790,N/A
2011,1,11,7,30,14,417,29,0.151,1.7000000000000002,36.65,-12,790,N/A
2011,1,11,8,0,28,694,116,0.151,2.2,28.62,-10,790,N/A
2011,1,11,8,30,37,830,213,0.151,2,24.48,-8,790,N/A
2011,1,11,9,0,43,906,305,0.151,1.9000000000000001,19.990000000000002,-6,790,N/A
2011,1,11,9,30,48,956,390,0.151,2,17.18,-4,790,N/A
2011,1,11,10,0,52,987,463,0.151,2.2,15.06,-2,790,N/A
2011,1,11,10,30,54,1009,523,0.151,2.3000000000000003,12.99,-1,790,N/A
2011,1,11,11,0,59,1015,568,0.151,2.5,13.38,0,790,N/A
2011,1,11,11,30,61,1022,598,0.151,2.5,13.370000000000001,0,790,N/A
2011,1,11,12,0,64,1017,610,0.151,2.5,15.18,0,780,N/A
2011,1,11,12,30,64,1013,607,0.151,2.5,15.17,0,780,N/A
2011,1,11,13,0,68,991,585,0.151,2.5,16.15,1,780,N/A
2011,1,11,13,30,67,976,549,0.151,2.3000000000000003,17.36,1,780,N/A
2011,1,11,14,0,134,608,411,0.151,2.2,19.46,1,780,N/A
2011,1,11,14,30,169,328,303,0.151,1.9000000000000001,19.47,0,780,N/A
2011,1,11,15,0,115,474,279,0.151,1.6,23.84,0,780,N/A
2011,1,11,15,30,111,218,171,0.151,1.2000000000000002,23.84,0,780,N/A
2011,1,11,16,0,75,186,111,0.151,0.9,33.25,-1,780,N/A
2011,1,11,16,30,40,123,54,0.151,0.9,35.79,-2,780,N/A
2011,1,11,17,0,0,0,0,0.151,0.9,39.44,-3,780,N/A
2011,1,11,17,30,0,0,0,0.151,0.9,39.45,-3,780,N/A
2011,1,11,18,0,0,0,0,0.151,0.9,41.64,-4,790,N/A
2011,1,11,18,30,0,0,0,0.151,0.9,41.660000000000004,-4,790,N/A
2011,1,11,19,0,0,0,0,0.151,0.9,45.37,-4,790,N/A
2011,1,11,19,30,0,0,0,0.151,0.8,45.37,-4,790,N/A
2011,1,11,20,0,0,0,0,0.151,0.8,46.75,-4,790,N/A
2011,1,11,20,30,0,0,0,0.151,0.7000000000000001,46.75,-4,790,N/A
2011,1,11,21,0,0,0,0,0.151,0.7000000000000001,46.81,-4,790,N/A
2011,1,11,21,30,0,0,0,0.151,0.6000000000000001,46.81,-4,790,N/A
2011,1,11,22,0,0,0,0,0.151,0.6000000000000001,45.800000000000004,-5,790,N/A
2011,1,11,22,30,0,0,0,0.151,0.6000000000000001,45.79,-5,790,N/A
2011,1,11,23,0,0,0,0,0.151,0.6000000000000001,43.910000000000004,-5,790,N/A
2011,1,11,23,30,0,0,0,0.151,0.6000000000000001,43.910000000000004,-5,790,N/A
2011,1,12,0,0,0,0,0,0.151,0.6000000000000001,42.21,-5,790,N/A
2011,1,12,0,30,0,0,0,0.151,0.6000000000000001,42.21,-5,790,N/A
2011,1,12,1,0,0,0,0,0.151,0.7000000000000001,40.27,-5,790,N/A
2011,1,12,1,30,0,0,0,0.151,0.7000000000000001,40.27,-5,790,N/A
2011,1,12,2,0,0,0,0,0.151,0.8,40.17,-5,790,N/A
2011,1,12,2,30,0,0,0,0.151,0.8,40.160000000000004,-5,790,N/A
2011,1,12,3,0,0,0,0,0.151,0.8,39.75,-5,790,N/A
2011,1,12,3,30,0,0,0,0.151,0.8,39.75,-5,790,N/A
2011,1,12,4,0,0,0,0,0.151,0.9,39.52,-5,790,N/A
2011,1,12,4,30,0,0,0,0.151,0.9,39.52,-5,790,N/A
2011,1,12,5,0,0,0,0,0.151,1,39.86,-5,790,N/A
2011,1,12,5,30,0,0,0,0.151,1,39.87,-5,790,N/A
2011,1,12,6,0,0,0,0,0.151,1,44.67,-5,790,N/A
2011,1,12,6,30,0,0,0,0.151,1,44.68,-5,790,N/A
2011,1,12,7,0,0,0,0,0.151,1,47.12,-5,790,N/A
2011,1,12,7,30,25,0,25,0.151,1.3,43.68,-4,790,N/A
2011,1,12,8,0,33,555,104,0.151,1.6,44.93,-4,790,N/A
2011,1,12,8,30,36,746,194,0.151,1.9000000000000001,41.7,-3,790,N/A
2011,1,12,9,0,121,201,179,0.151,2.2,36.62,-2,790,N/A
2011,1,12,9,30,120,486,295,0.151,2.1,34.01,-1,790,N/A
2011,1,12,10,0,191,110,237,0.151,2.1,31.04,0,790,N/A
2011,1,12,10,30,216,239,328,0.151,1.9000000000000001,28.85,0,790,N/A
2011,1,12,11,0,149,628,466,0.151,1.8,29.78,0,790,N/A
2011,1,12,11,30,70,971,582,0.151,1.7000000000000002,27.69,1,790,N/A
2011,1,12,12,0,180,579,492,0.151,1.6,28,2,790,N/A
2011,1,12,12,30,173,603,497,0.151,1.6,28,2,790,N/A
2011,1,12,13,0,65,983,580,0.151,1.6,28.330000000000002,3,790,N/A
2011,1,12,13,30,63,972,547,0.151,1.6,28.330000000000002,3,790,N/A
2011,1,12,14,0,58,961,499,0.151,1.7000000000000002,29.89,3,790,N/A
2011,1,12,14,30,55,934,437,0.151,1.5,32.08,3,790,N/A
2011,1,12,15,0,50,898,362,0.151,1.4000000000000001,35.29,3,790,N/A
2011,1,12,15,30,45,840,277,0.151,1.2000000000000002,37.910000000000004,1,790,N/A
2011,1,12,16,0,38,751,186,0.151,1,47.31,0,790,N/A
2011,1,12,16,30,27,593,93,0.151,1.1,50.89,-1,790,N/A
2011,1,12,17,0,10,276,16,0.151,1.2000000000000002,49.85,-2,790,N/A
2011,1,12,17,30,0,0,0,0.151,1.2000000000000002,49.86,-2,790,N/A
2011,1,12,18,0,0,0,0,0.151,1.3,53.410000000000004,-3,790,N/A
2011,1,12,18,30,0,0,0,0.151,1.3,53.42,-3,790,N/A
2011,1,12,19,0,0,0,0,0.151,1.3,57.49,-3,790,N/A
2011,1,12,19,30,0,0,0,0.151,1.2000000000000002,57.49,-3,790,N/A
2011,1,12,20,0,0,0,0,0.151,1.2000000000000002,57.6,-4,790,N/A
2011,1,12,20,30,0,0,0,0.151,1.2000000000000002,57.6,-4,790,N/A
2011,1,12,21,0,0,0,0,0.151,1.2000000000000002,61.92,-5,790,N/A
2011,1,12,21,30,0,0,0,0.151,1.2000000000000002,61.92,-5,790,N/A
2011,1,12,22,0,0,0,0,0.151,1.2000000000000002,66.18,-5,790,N/A
2011,1,12,22,30,0,0,0,0.151,1.2000000000000002,66.17,-5,790,N/A
2011,1,12,23,0,0,0,0,0.151,1.2000000000000002,65.61,-6,790,N/A
2011,1,12,23,30,0,0,0,0.151,1.2000000000000002,65.6,-6,790,N/A
2011,1,13,0,0,0,0,0,0.151,1.2000000000000002,65.33,-6,790,N/A
2011,1,13,0,30,0,0,0,0.151,1.2000000000000002,65.33,-6,790,N/A
2011,1,13,1,0,0,0,0,0.151,1.2000000000000002,70.3,-6,790,N/A
2011,1,13,1,30,0,0,0,0.151,1.2000000000000002,70.3,-6,790,N/A
2011,1,13,2,0,0,0,0,0.151,1.3,69.9,-7,790,N/A
2011,1,13,2,30,0,0,0,0.151,1.3,69.89,-7,790,N/A
2011,1,13,3,0,0,0,0,0.151,1.4000000000000001,69.74,-7,790,N/A
2011,1,13,3,30,0,0,0,0.151,1.5,69.73,-7,790,N/A
2011,1,13,4,0,0,0,0,0.151,1.6,69.67,-7,790,N/A
2011,1,13,4,30,0,0,0,0.151,1.6,69.67,-7,790,N/A
2011,1,13,5,0,0,0,0,0.151,1.7000000000000002,69.66,-7,790,N/A
2011,1,13,5,30,0,0,0,0.151,1.7000000000000002,69.66,-7,790,N/A
2011,1,13,6,0,0,0,0,0.151,1.7000000000000002,75.63,-7,790,N/A
2011,1,13,6,30,0,0,0,0.151,1.9000000000000001,70.01,-7,790,N/A
2011,1,13,7,0,0,0,0,0.151,2.1,71.15,-7,790,N/A
2011,1,13,7,30,28,0,28,0.151,2.4000000000000004,61.1,-5,790,N/A
2011,1,13,8,0,28,647,111,0.151,2.8000000000000003,59.89,-4,790,N/A
2011,1,13,8,30,36,784,204,0.151,2.7,51.63,-2,790,N/A
2011,1,13,9,0,43,864,294,0.151,2.7,48.67,0,790,N/A
2011,1,13,9,30,47,916,377,0.151,3,45.28,1,790,N/A
2011,1,13,10,0,51,948,449,0.151,3.3000000000000003,42.32,3,790,N/A
2011,1,13,10,30,54,972,509,0.151,3.3000000000000003,39.43,4,790,N/A
2011,1,13,11,0,56,987,555,0.151,3.3000000000000003,37.480000000000004,6,790,N/A
2011,1,13,11,30,57,996,585,0.151,3.2,34.96,6,790,N/A
2011,1,13,12,0,59,997,599,0.151,3.1,32.79,7,780,N/A
2011,1,13,12,30,59,996,598,0.151,3,32.78,7,780,N/A
2011,1,13,13,0,58,989,580,0.151,3,33.47,8,780,N/A
2011,1,13,13,30,57,977,546,0.151,2.9000000000000004,33.46,7,780,N/A
2011,1,13,14,0,54,963,498,0.151,2.9000000000000004,35.07,7,780,N/A
2011,1,13,14,30,51,936,436,0.151,2.4000000000000004,37.56,6,780,N/A
2011,1,13,15,0,47,897,361,0.151,2,42.58,6,780,N/A
2011,1,13,15,30,43,839,277,0.151,1.6,52.51,3,780,N/A
2011,1,13,16,0,36,749,186,0.151,1.3,60.7,1,780,N/A
2011,1,13,16,30,26,595,94,0.151,1.4000000000000001,65.24,0,780,N/A
2011,1,13,17,0,11,289,17,0.151,1.5,64.99,0,780,N/A
2011,1,13,17,30,0,0,0,0.151,1.5,64.99,0,780,N/A
2011,1,13,18,0,0,0,0,0.151,1.5,65.35,-1,780,N/A
2011,1,13,18,30,0,0,0,0.151,1.5,65.34,-1,780,N/A
2011,1,13,19,0,0,0,0,0.151,1.6,70.55,-1,780,N/A
2011,1,13,19,30,0,0,0,0.151,1.5,70.54,-1,780,N/A
2011,1,13,20,0,0,0,0,0.151,1.5,70.85000000000001,-2,780,N/A
2011,1,13,20,30,0,0,0,0.151,1.4000000000000001,70.85000000000001,-2,780,N/A
2011,1,13,21,0,0,0,0,0.151,1.3,71.13,-2,780,N/A
2011,1,13,21,30,0,0,0,0.151,1.3,71.12,-2,780,N/A
2011,1,13,22,0,0,0,0,0.151,1.3,76.74,-3,780,N/A
2011,1,13,22,30,0,0,0,0.151,1.2000000000000002,76.71000000000001,-3,780,N/A
2011,1,13,23,0,0,0,0,0.151,1.2000000000000002,76.73,-3,780,N/A
2011,1,13,23,30,0,0,0,0.151,1.1,76.69,-3,780,N/A
2011,1,14,0,0,0,0,0,0.151,1.1,76.5,-3,780,N/A
2011,1,14,0,30,0,0,0,0.151,1.1,76.48,-3,780,N/A
2011,1,14,1,0,0,0,0,0.151,1.2000000000000002,76.26,-3,780,N/A
2011,1,14,1,30,0,0,0,0.151,1.2000000000000002,76.24,-2,780,N/A
2011,1,14,2,0,0,0,0,0.151,1.4000000000000001,75.93,-2,780,N/A
2011,1,14,2,30,0,0,0,0.151,1.5,70.49,-2,780,N/A
2011,1,14,3,0,0,0,0,0.151,1.7000000000000002,69.92,-2,780,N/A
2011,1,14,3,30,0,0,0,0.151,1.8,69.91,-2,780,N/A
2011,1,14,4,0,0,0,0,0.151,1.9000000000000001,68.7,-2,780,N/A
2011,1,14,4,30,0,0,0,0.151,1.9000000000000001,68.7,-2,780,N/A
2011,1,14,5,0,0,0,0,0.151,2,72.39,-3,780,N/A
2011,1,14,5,30,0,0,0,0.151,2,72.39,-3,780,N/A
2011,1,14,6,0,0,0,0,0.151,2.1,71.24,-3,780,N/A
2011,1,14,6,30,0,0,0,0.151,2.2,71.25,-2,780,N/A
2011,1,14,7,0,0,0,0,0.151,2.3000000000000003,72.2,-2,780,N/A
2011,1,14,7,30,16,277,26,0.151,2.7,62.32,-1,780,N/A
2011,1,14,8,0,32,576,107,0.151,3.1,61.690000000000005,0,780,N/A
2011,1,14,8,30,43,725,198,0.151,3.7,57.410000000000004,1,780,N/A
2011,1,14,9,0,48,824,290,0.151,4.4,59.43,2,780,N/A
2011,1,14,9,30,53,883,373,0.151,4.4,55.36,3,780,N/A
2011,1,14,10,0,55,929,447,0.151,4.4,53.28,5,780,N/A
2011,1,14,10,30,58,957,508,0.151,4.1000000000000005,49.67,6,780,N/A
2011,1,14,11,0,61,971,554,0.151,3.8000000000000003,45.74,7,780,N/A
2011,1,14,11,30,63,983,586,0.151,3.5,45.730000000000004,7,780,N/A
2011,1,14,12,0,63,990,602,0.151,3.2,42.51,8,780,N/A
2011,1,14,12,30,63,990,601,0.151,2.9000000000000004,42.51,8,780,N/A
2011,1,14,13,0,62,983,583,0.151,2.7,40.31,8,780,N/A
2011,1,14,13,30,61,972,550,0.151,2.4000000000000004,40.32,8,780,N/A
2011,1,14,14,0,57,958,503,0.151,2.2,41.46,8,780,N/A
2011,1,14,14,30,55,932,441,0.151,1.6,44.4,7,780,N/A
2011,1,14,15,0,98,589,307,0.151,1,51.85,7,780,N/A
2011,1,14,15,30,45,839,282,0.151,0.8,59.61,5,780,N/A
2011,1,14,16,0,38,751,191,0.151,0.7000000000000001,61.13,3,780,N/A
2011,1,14,16,30,28,599,98,0.151,0.7000000000000001,65.66,2,780,N/A
2011,1,14,17,0,12,304,20,0.151,0.8,65.54,1,780,N/A
2011,1,14,17,30,0,0,0,0.151,0.8,70.48,0,780,N/A
2011,1,14,18,0,0,0,0,0.151,0.9,70.86,0,790,N/A
2011,1,14,18,30,0,0,0,0.151,0.9,70.89,0,790,N/A
2011,1,14,19,0,0,0,0,0.151,0.9,71.16,0,790,N/A
2011,1,14,19,30,0,0,0,0.151,0.9,71.18,0,790,N/A
2011,1,14,20,0,0,0,0,0.151,1,71.12,0,790,N/A
2011,1,14,20,30,0,0,0,0.151,1,71.13,0,790,N/A
2011,1,14,21,0,0,0,0,0.151,1,75.98,0,790,N/A
2011,1,14,21,30,0,0,0,0.151,1,75.98,0,790,N/A
2011,1,14,22,0,0,0,0,0.151,1,75.19,-1,790,N/A
2011,1,14,22,30,0,0,0,0.151,1,75.17,-1,790,N/A
2011,1,14,23,0,0,0,0,0.151,1,74.07000000000001,-1,790,N/A
2011,1,14,23,30,0,0,0,0.151,0.9,74.05,-1,790,N/A
2011,1,15,0,0,0,0,0,0.151,0.9,72.58,-1,790,N/A
2011,1,15,0,30,0,0,0,0.151,0.8,72.56,-1,790,N/A
2011,1,15,1,0,0,0,0,0.151,0.8,71.02,-1,790,N/A
2011,1,15,1,30,0,0,0,0.151,0.8,71.01,-1,790,N/A
2011,1,15,2,0,0,0,0,0.151,0.8,69.65,-1,790,N/A
2011,1,15,2,30,0,0,0,0.151,0.8,69.63,-1,780,N/A
2011,1,15,3,0,0,0,0,0.151,0.9,73.54,-2,780,N/A
2011,1,15,3,30,0,0,0,0.151,0.9,73.53,-2,780,N/A
2011,1,15,4,0,0,0,0,0.151,1,77.73,-2,780,N/A
2011,1,15,4,30,0,0,0,0.151,1,77.73,-2,780,N/A
2011,1,15,5,0,0,0,0,0.151,1.1,76.06,-3,780,N/A
2011,1,15,5,30,0,0,0,0.151,1.1,76.06,-3,780,N/A
2011,1,15,6,0,0,0,0,0.151,1.1,79.71000000000001,-3,780,N/A
2011,1,15,6,30,0,0,0,0.151,1,73.97,-3,780,N/A
2011,1,15,7,0,0,0,0,0.151,1,72.75,-3,780,N/A
2011,1,15,7,30,14,382,30,0.151,1.5,62.78,-1,780,N/A
2011,1,15,8,0,28,653,114,0.151,2,58.94,0,780,N/A
2011,1,15,8,30,37,791,208,0.151,2,54.84,1,780,N/A
2011,1,15,9,0,43,871,300,0.151,2.1,46.34,3,780,N/A
2011,1,15,9,30,47,924,384,0.151,2.3000000000000003,43.18,4,780,N/A
2011,1,15,10,0,51,959,458,0.151,2.6,35.51,6,780,N/A
2011,1,15,10,30,53,983,518,0.151,2.7,35.480000000000004,6,780,N/A
2011,1,15,11,0,53,1003,565,0.151,2.8000000000000003,31.34,7,780,N/A
2011,1,15,11,30,54,1012,596,0.151,2.8000000000000003,31.32,7,780,N/A
2011,1,15,12,0,55,1015,611,0.151,2.9000000000000004,28.68,8,780,N/A
2011,1,15,12,30,55,1014,609,0.151,2.9000000000000004,28.66,8,780,N/A
2011,1,15,13,0,57,1003,592,0.151,3,29.2,9,780,N/A
2011,1,15,13,30,56,992,558,0.151,2.8000000000000003,29.19,8,780,N/A
2011,1,15,14,0,57,967,509,0.151,2.7,31,8,780,N/A
2011,1,15,14,30,54,940,447,0.151,2.1,35.54,7,780,N/A
2011,1,15,15,0,51,898,372,0.151,1.6,44.6,6,780,N/A
2011,1,15,15,30,46,840,286,0.151,1.5,51.31,3,780,N/A
2011,1,15,16,0,38,763,195,0.151,1.5,57.96,1,780,N/A
2011,1,15,16,30,28,614,102,0.151,1.5,62.300000000000004,0,780,N/A
2011,1,15,17,0,12,326,22,0.151,1.6,62.620000000000005,-1,780,N/A
2011,1,15,17,30,0,0,0,0.151,1.6,62.64,-1,780,N/A
2011,1,15,18,0,0,0,0,0.151,1.7000000000000002,68.75,-1,780,N/A
2011,1,15,18,30,0,0,0,0.151,1.7000000000000002,68.76,-1,780,N/A
2011,1,15,19,0,0,0,0,0.151,1.7000000000000002,70.52,-2,780,N/A
2011,1,15,19,30,0,0,0,0.151,1.6,70.52,-2,780,N/A
2011,1,15,20,0,0,0,0,0.151,1.6,72.78,-2,780,N/A
2011,1,15,20,30,0,0,0,0.151,1.5,72.77,-2,780,N/A
2011,1,15,21,0,0,0,0,0.151,1.5,75.56,-2,780,N/A
2011,1,15,21,30,0,0,0,0.151,1.5,75.54,-2,780,N/A
2011,1,15,22,0,0,0,0,0.151,1.5,78.28,-2,780,N/A
2011,1,15,22,30,0,0,0,0.151,1.4000000000000001,78.25,-2,780,N/A
2011,1,15,23,0,0,0,0,0.151,1.4000000000000001,86.14,-2,780,N/A
2011,1,15,23,30,0,0,0,0.151,1.4000000000000001,86.12,-2,780,N/A
2011,1,16,0,0,0,0,0,0.151,1.4000000000000001,86.5,-3,780,N/A
2011,1,16,0,30,0,0,0,0.151,1.4000000000000001,86.49,-3,780,N/A
2011,1,16,1,0,0,0,0,0.151,1.4000000000000001,85.24,-3,780,N/A
2011,1,16,1,30,0,0,0,0.151,1.4000000000000001,85.23,-3,780,N/A
2011,1,16,2,0,0,0,0,0.151,1.5,88.93,-3,780,N/A
2011,1,16,2,30,0,0,0,0.151,1.5,88.91,-3,780,N/A
2011,1,16,3,0,0,0,0,0.151,1.6,85.12,-4,780,N/A
2011,1,16,3,30,0,0,0,0.151,1.6,85.09,-4,780,N/A
2011,1,16,4,0,0,0,0,0.151,1.7000000000000002,81.39,-4,780,N/A
2011,1,16,4,30,0,0,0,0.151,1.8,81.4,-4,780,N/A
2011,1,16,5,0,0,0,0,0.151,1.9000000000000001,84.52,-4,780,N/A
2011,1,16,5,30,0,0,0,0.151,2.2,84.57000000000001,-4,780,N/A
2011,1,16,6,0,0,0,0,0.151,2.5,81.91,-4,780,N/A
2011,1,16,6,30,0,0,0,0.151,2.4000000000000004,75.97,-3,780,N/A
2011,1,16,7,0,0,0,0,0.151,2.4000000000000004,74.25,-3,780,N/A
2011,1,16,7,30,30,0,30,0.151,2.2,63.99,-1,780,N/A
2011,1,16,8,0,31,630,114,0.151,2.1,59.14,0,780,N/A
2011,1,16,8,30,40,770,208,0.151,2.1,54.99,1,780,N/A
2011,1,16,9,0,47,852,299,0.151,2.1,44.95,2,780,N/A
2011,1,16,9,30,52,905,383,0.151,2.3000000000000003,41.86,3,780,N/A
2011,1,16,10,0,55,943,456,0.151,2.5,32.55,5,780,N/A
2011,1,16,10,30,57,967,517,0.151,2.7,30.36,6,780,N/A
2011,1,16,11,0,70,954,558,0.151,3,27.59,7,780,N/A
2011,1,16,11,30,187,552,483,0.151,3.3000000000000003,27.580000000000002,7,780,N/A
2011,1,16,12,0,196,541,493,0.151,3.7,27.150000000000002,8,780,N/A
2011,1,16,12,30,77,952,600,0.151,3.8000000000000003,27.14,8,780,N/A
2011,1,16,13,0,78,938,581,0.151,4,29.28,8,780,N/A
2011,1,16,13,30,215,403,420,0.151,4.2,29.27,8,780,N/A
2011,1,16,14,0,190,417,387,0.151,4.4,31.62,8,780,N/A
2011,1,16,14,30,164,411,338,0.151,4.1000000000000005,33.85,7,780,N/A
2011,1,16,15,0,57,860,366,0.151,3.9000000000000004,38.99,6,780,N/A
2011,1,16,15,30,92,467,227,0.151,3,44.81,4,780,N/A
2011,1,16,16,0,84,144,114,0.151,2.1,55.1,3,780,N/A
2011,1,16,16,30,32,551,100,0.151,2,59.2,1,780,N/A
2011,1,16,17,0,22,0,22,0.153,1.9000000000000001,64.99,0,780,N/A
2011,1,16,17,30,0,0,0,0.153,1.8,64.99,0,780,N/A
2011,1,16,18,0,0,0,0,0.153,1.8,72.36,0,780,N/A
2011,1,16,18,30,0,0,0,0.153,1.8,72.37,0,780,N/A
2011,1,16,19,0,0,0,0,0.153,1.9000000000000001,75,-1,780,N/A
2011,1,16,19,30,0,0,0,0.153,1.9000000000000001,75,-1,780,N/A
2011,1,16,20,0,0,0,0,0.153,2,77.89,-1,780,N/A
2011,1,16,20,30,0,0,0,0.153,2,77.88,-1,780,N/A
2011,1,16,21,0,0,0,0,0.153,2,80.59,-1,780,N/A
2011,1,16,21,30,0,0,0,0.153,2,80.58,-1,780,N/A
2011,1,16,22,0,0,0,0,0.153,2,82.92,-1,780,N/A
2011,1,16,22,30,0,0,0,0.153,1.9000000000000001,82.89,-1,780,N/A
2011,1,16,23,0,0,0,0,0.153,1.9000000000000001,84.86,-1,780,N/A
2011,1,16,23,30,0,0,0,0.153,1.9000000000000001,84.84,-1,780,N/A
2011,1,17,0,0,0,0,0,0.153,2,86.59,-1,780,N/A
2011,1,17,0,30,0,0,0,0.153,2,86.57000000000001,-1,780,N/A
2011,1,17,1,0,0,0,0,0.153,2,88.22,-1,780,N/A
2011,1,17,1,30,0,0,0,0.153,2,88.2,-1,780,N/A
2011,1,17,2,0,0,0,0,0.153,2,89.73,-1,780,N/A
2011,1,17,2,30,0,0,0,0.153,2.1,89.71000000000001,-1,780,N/A
2011,1,17,3,0,0,0,0,0.153,2.2,91.09,-1,780,N/A
2011,1,17,3,30,0,0,0,0.153,2.2,91.09,-1,780,N/A
2011,1,17,4,0,0,0,0,0.153,2.3000000000000003,92.26,-1,780,N/A
2011,1,17,4,30,0,0,0,0.153,2.3000000000000003,92.26,-1,780,N/A
2011,1,17,5,0,0,0,0,0.153,2.3000000000000003,93.17,-1,780,N/A
2011,1,17,5,30,0,0,0,0.153,2.2,93.16,-1,780,N/A
2011,1,17,6,0,0,0,0,0.153,2.2,93.98,-1,780,N/A
2011,1,17,6,30,0,0,0,0.153,2.2,87.37,0,780,N/A
2011,1,17,7,0,0,0,0,0.153,2.3000000000000003,88.5,0,780,N/A
2011,1,17,7,30,15,345,30,0.153,2.9000000000000004,88.51,1,780,N/A
2011,1,17,8,0,29,626,113,0.153,3.5,85.78,2,780,N/A
2011,1,17,8,30,38,767,206,0.153,4.2,74.39,3,780,N/A
2011,1,17,9,0,45,852,298,0.153,5,70.15,5,780,N/A
2011,1,17,9,30,49,909,383,0.153,5.300000000000001,65.44,6,780,N/A
2011,1,17,10,0,53,950,459,0.153,5.6000000000000005,65.42,8,780,N/A
2011,1,17,10,30,55,977,521,0.153,5.9,61.08,8,780,N/A
2011,1,17,11,0,66,972,566,0.153,6.2,57.79,9,780,N/A
2011,1,17,11,30,68,984,599,0.153,6.5,57.76,9,780,N/A
2011,1,17,12,0,71,982,614,0.153,6.800000000000001,51.84,10,770,N/A
2011,1,17,12,30,71,982,613,0.153,6.9,55.43,10,770,N/A
2011,1,17,13,0,162,647,511,0.153,7.1000000000000005,53.52,10,770,N/A
2011,1,17,13,30,68,966,563,0.153,6.9,53.52,9,770,N/A
2011,1,17,14,0,61,959,516,0.153,6.800000000000001,52.6,9,770,N/A
2011,1,17,14,30,17,0,17,0.153,6.300000000000001,56.28,8,770,N/A
2011,1,17,15,0,14,0,14,0.153,5.800000000000001,55.4,8,770,N/A
2011,1,17,15,30,11,0,11,0.153,4.9,63.54,7,780,N/A
2011,1,17,16,0,7,0,7,0.153,4.1000000000000005,68.51,6,780,N/A
2011,1,17,16,30,32,589,107,0.153,3.5,78.85000000000001,4,780,N/A
2011,1,17,17,0,14,323,26,0.153,3,86.89,2,780,N/A
2011,1,17,17,30,0,0,0,0.153,2.8000000000000003,93.36,1,780,N/A
2011,1,17,18,0,0,0,0,0.153,2.7,100,1,780,N/A
2011,1,17,18,30,0,0,0,0.153,2.6,100,0,780,N/A
2011,1,17,19,0,0,0,0,0.153,2.5,100,0,780,N/A
2011,1,17,19,30,0,0,0,0.153,2.2,100,0,780,N/A
2011,1,17,20,0,0,0,0,0.153,2,100,0,780,N/A
2011,1,17,20,30,0,0,0,0.153,1.8,100,0,780,N/A
2011,1,17,21,0,0,0,0,0.153,1.7000000000000002,100,-1,780,N/A
2011,1,17,21,30,0,0,0,0.153,1.6,100,-1,780,N/A
2011,1,17,22,0,0,0,0,0.153,1.6,100,-1,780,N/A
2011,1,17,22,30,0,0,0,0.153,1.5,100,-1,780,N/A
2011,1,17,23,0,0,0,0,0.153,1.4000000000000001,100,-2,780,N/A
2011,1,17,23,30,0,0,0,0.153,1.3,100,-2,780,N/A
2011,1,18,0,0,0,0,0,0.153,1.3,100,-2,780,N/A
2011,1,18,0,30,0,0,0,0.153,1.3,100,-2,780,N/A
2011,1,18,1,0,0,0,0,0.153,1.3,100,-3,780,N/A
2011,1,18,1,30,0,0,0,0.153,1.2000000000000002,100,-3,780,N/A
2011,1,18,2,0,0,0,0,0.153,1.2000000000000002,99.49000000000001,-3,780,N/A
2011,1,18,2,30,0,0,0,0.153,1.2000000000000002,99.52,-3,780,N/A
2011,1,18,3,0,0,0,0,0.153,1.3,97.37,-3,780,N/A
2011,1,18,3,30,0,0,0,0.153,1.3,97.39,-2,780,N/A
2011,1,18,4,0,0,0,0,0.153,1.4000000000000001,96.11,-2,780,N/A
2011,1,18,4,30,0,0,0,0.153,1.4000000000000001,96.14,-2,780,N/A
2011,1,18,5,0,0,0,0,0.153,1.4000000000000001,95.43,-3,780,N/A
2011,1,18,5,30,0,0,0,0.153,1.4000000000000001,95.46000000000001,-3,780,N/A
2011,1,18,6,0,0,0,0,0.153,1.4000000000000001,94.58,-3,780,N/A
2011,1,18,6,30,0,0,0,0.153,1.3,87.85000000000001,-2,780,N/A
2011,1,18,7,0,0,0,0,0.153,1.3,86.93,-2,780,N/A
2011,1,18,7,30,16,401,33,0.153,1.7000000000000002,75.12,0,780,N/A
2011,1,18,8,0,30,681,122,0.153,2.1,68.46000000000001,1,780,N/A
2011,1,18,8,30,75,354,153,0.153,2.5,63.74,2,780,N/A
2011,1,18,9,0,98,457,235,0.153,3,45.33,4,780,N/A
2011,1,18,9,30,122,504,308,0.153,3,42.28,5,780,N/A
2011,1,18,10,0,142,535,372,0.153,3,32.64,6,780,N/A
2011,1,18,10,30,167,524,418,0.153,2.9000000000000004,30.46,7,780,N/A
2011,1,18,11,0,67,1001,585,0.153,2.9000000000000004,25.12,8,780,N/A
2011,1,18,11,30,69,1010,617,0.153,2.9000000000000004,25.11,8,780,N/A
2011,1,18,12,0,67,1017,632,0.153,3,22.080000000000002,9,780,N/A
2011,1,18,12,30,67,1015,631,0.153,3.1,22.080000000000002,9,780,N/A
2011,1,18,13,0,178,593,499,0.153,3.3000000000000003,21.87,10,780,N/A
2011,1,18,13,30,63,1000,578,0.153,3.4000000000000004,21.87,9,780,N/A
2011,1,18,14,0,62,974,528,0.153,3.5,22.57,9,780,N/A
2011,1,18,14,30,125,598,380,0.153,3,24.150000000000002,8,780,N/A
2011,1,18,15,0,163,123,209,0.153,2.6,29.2,8,780,N/A
2011,1,18,15,30,105,392,221,0.153,2,33.52,5,780,N/A
2011,1,18,16,0,83,228,133,0.153,1.4000000000000001,44.85,3,780,N/A
2011,1,18,16,30,49,170,71,0.153,1.4000000000000001,51.730000000000004,1,780,N/A
2011,1,18,17,0,17,0,17,0.153,1.5,53.57,0,780,N/A
2011,1,18,17,30,0,0,0,0.153,1.4000000000000001,53.57,0,780,N/A
2011,1,18,18,0,0,0,0,0.153,1.4000000000000001,53.31,0,780,N/A
2011,1,18,18,30,0,0,0,0.153,1.4000000000000001,53.31,0,780,N/A
2011,1,18,19,0,0,0,0,0.153,1.4000000000000001,57.68,-1,780,N/A
2011,1,18,19,30,0,0,0,0.153,1.4000000000000001,57.67,-1,780,N/A
2011,1,18,20,0,0,0,0,0.153,1.4000000000000001,62.42,-1,780,N/A
2011,1,18,20,30,0,0,0,0.153,1.3,62.410000000000004,-1,780,N/A
2011,1,18,21,0,0,0,0,0.153,1.3,62.24,-2,780,N/A
2011,1,18,21,30,0,0,0,0.153,1.3,62.22,-2,780,N/A
2011,1,18,22,0,0,0,0,0.153,1.3,61.800000000000004,-2,780,N/A
2011,1,18,22,30,0,0,0,0.153,1.3,61.77,-2,780,N/A
2011,1,18,23,0,0,0,0,0.153,1.3,61.47,-2,780,N/A
2011,1,18,23,30,0,0,0,0.153,1.3,61.45,-2,780,N/A
2011,1,19,0,0,0,0,0,0.153,1.3,61.4,-2,780,N/A
2011,1,19,0,30,0,0,0,0.153,1.2000000000000002,61.38,-1,780,N/A
2011,1,19,1,0,0,0,0,0.153,1.2000000000000002,61.19,-1,780,N/A
2011,1,19,1,30,0,0,0,0.153,1.1,61.160000000000004,-1,780,N/A
2011,1,19,2,0,0,0,0,0.153,1.1,60.68,-1,780,N/A
2011,1,19,2,30,0,0,0,0.153,1,56.370000000000005,-1,780,N/A
2011,1,19,3,0,0,0,0,0.153,1,55.79,-1,780,N/A
2011,1,19,3,30,0,0,0,0.153,0.9,55.77,-1,780,N/A
2011,1,19,4,0,0,0,0,0.153,0.9,55.43,-1,780,N/A
2011,1,19,4,30,0,0,0,0.153,0.9,55.42,-1,780,N/A
2011,1,19,5,0,0,0,0,0.153,1,55.38,-1,780,N/A
2011,1,19,5,30,0,0,0,0.153,1,55.370000000000005,0,780,N/A
2011,1,19,6,0,0,0,0,0.153,1,55.7,0,780,N/A
2011,1,19,6,30,0,0,0,0.153,1.1,51.78,0,780,N/A
2011,1,19,7,0,0,0,0,0.153,1.2000000000000002,53.2,0,770,N/A
2011,1,19,7,30,30,0,30,0.153,1.5,49.480000000000004,1,770,N/A
2011,1,19,8,0,32,587,112,0.153,1.8,46.7,3,770,N/A
2011,1,19,8,30,43,733,206,0.153,2.3000000000000003,43.49,4,770,N/A
2011,1,19,9,0,84,559,253,0.153,2.8000000000000003,36.730000000000004,5,770,N/A
2011,1,19,9,30,127,484,307,0.153,3.6,34.27,6,770,N/A
2011,1,19,10,0,175,386,342,0.153,4.4,30.39,8,770,N/A
2011,1,19,10,30,222,271,353,0.153,4.7,28.37,8,770,N/A
2011,1,19,11,0,67,963,568,0.153,5.1000000000000005,25.830000000000002,9,770,N/A
2011,1,19,11,30,69,975,601,0.153,5.2,25.810000000000002,9,770,N/A
2011,1,19,12,0,70,980,617,0.153,5.4,26.63,9,770,N/A
2011,1,19,12,30,70,980,617,0.153,5.4,26.63,9,770,N/A
2011,1,19,13,0,69,976,601,0.153,5.5,28.150000000000002,9,770,N/A
2011,1,19,13,30,68,964,568,0.153,5.4,30.12,9,770,N/A
2011,1,19,14,0,65,948,520,0.153,5.300000000000001,31.45,9,770,N/A
2011,1,19,14,30,61,919,457,0.153,4.9,33.67,8,770,N/A
2011,1,19,15,0,157,55,178,0.153,4.5,34.57,8,770,N/A
2011,1,19,15,30,122,52,138,0.153,3.3000000000000003,39.69,6,770,N/A
2011,1,19,16,0,21,0,21,0.153,2.2,44.54,4,770,N/A
2011,1,19,16,30,11,0,11,0.153,2,51.33,2,770,N/A
2011,1,19,17,0,3,0,3,0.153,1.8,58.24,0,770,N/A
2011,1,19,17,30,0,0,0,0.153,1.9000000000000001,58.27,0,770,N/A
2011,1,19,18,0,0,0,0,0.153,2,61.61,-1,770,N/A
2011,1,19,18,30,0,0,0,0.153,2.1,61.63,-1,770,N/A
2011,1,19,19,0,0,0,0,0.153,2.3000000000000003,61.44,-1,780,N/A
2011,1,19,19,30,0,0,0,0.153,2,61.46,-1,780,N/A
2011,1,19,20,0,0,0,0,0.153,1.9000000000000001,69.23,-2,780,N/A
2011,1,19,20,30,0,0,0,0.153,1.7000000000000002,69.25,-2,780,N/A
2011,1,19,21,0,0,0,0,0.153,1.6,74.57000000000001,-2,780,N/A
2011,1,19,21,30,0,0,0,0.153,1.4000000000000001,74.58,-2,780,N/A
2011,1,19,22,0,0,0,0,0.153,1.3,84.91,-3,780,N/A
2011,1,19,22,30,0,0,0,0.153,1.2000000000000002,84.92,-3,780,N/A
2011,1,19,23,0,0,0,0,0.153,1.1,86.67,-3,780,N/A
2011,1,19,23,30,0,0,0,0.153,1,86.69,-3,780,N/A
2011,1,20,0,0,0,0,0,0.153,1,85.94,-3,780,N/A
2011,1,20,0,30,0,0,0,0.153,0.8,85.97,-3,780,N/A
2011,1,20,1,0,0,0,0,0.153,0.7000000000000001,83.88,-3,780,N/A
2011,1,20,1,30,0,0,0,0.153,0.6000000000000001,83.9,-3,780,N/A
2011,1,20,2,0,0,0,0,0.153,0.5,86.9,-4,780,N/A
2011,1,20,2,30,0,0,0,0.153,0.4,86.92,-4,780,N/A
2011,1,20,3,0,0,0,0,0.153,0.30000000000000004,83,-4,780,N/A
2011,1,20,3,30,0,0,0,0.153,0.5,83.03,-4,780,N/A
2011,1,20,4,0,0,0,0,0.153,0.8,79.5,-4,780,N/A
2011,1,20,4,30,0,0,0,0.153,1,79.54,-4,780,N/A
2011,1,20,5,0,0,0,0,0.153,1.2000000000000002,82.41,-5,780,N/A
2011,1,20,5,30,0,0,0,0.153,1.2000000000000002,82.45,-5,780,N/A
2011,1,20,6,0,0,0,0,0.153,1.3,79.56,-5,780,N/A
2011,1,20,6,30,0,0,0,0.153,1.5,79.60000000000001,-4,780,N/A
2011,1,20,7,0,0,0,0,0.153,1.7000000000000002,77.09,-4,780,N/A
2011,1,20,7,30,19,274,31,0.153,2.3000000000000003,71.53,-3,780,N/A
2011,1,20,8,0,39,562,116,0.153,2.9000000000000004,64.42,-2,780,N/A
2011,1,20,8,30,81,8,83,0.153,2.9000000000000004,59.85,-1,780,N/A
2011,1,20,9,0,116,24,124,0.153,3,52.730000000000004,-1,780,N/A
2011,1,20,9,30,161,71,188,0.153,2.8000000000000003,49.04,0,780,N/A
2011,1,20,10,0,192,282,315,0.153,2.6,47.09,0,780,N/A
2011,1,20,10,30,199,410,398,0.153,2.3000000000000003,47.07,0,780,N/A
2011,1,20,11,0,224,393,430,0.153,2,42.4,1,780,N/A
2011,1,20,11,30,236,397,454,0.153,1.8,42.38,1,780,N/A
2011,1,20,12,0,230,453,484,0.153,1.6,38.12,2,780,N/A
2011,1,20,12,30,69,1013,637,0.153,1.5,38.1,2,780,N/A
2011,1,20,13,0,66,1014,622,0.153,1.4000000000000001,36.79,2,780,N/A
2011,1,20,13,30,216,428,440,0.153,1.5,36.78,2,780,N/A
2011,1,20,14,0,217,310,368,0.153,1.7000000000000002,35.65,3,780,N/A
2011,1,20,14,30,59,962,476,0.153,1.9000000000000001,35.65,2,780,N/A
2011,1,20,15,0,53,930,401,0.153,2.1,35.43,2,780,N/A
2011,1,20,15,30,48,877,314,0.153,1.7000000000000002,38.06,1,780,N/A
2011,1,20,16,0,40,801,220,0.153,1.3,44.56,0,780,N/A
2011,1,20,16,30,31,666,122,0.153,1.3,47.93,-1,780,N/A
2011,1,20,17,0,34,0,34,0.153,1.3,53.74,-3,780,N/A
2011,1,20,17,30,0,0,0,0.153,1.3,53.74,-3,780,N/A
2011,1,20,18,0,0,0,0,0.153,1.4000000000000001,56.06,-3,780,N/A
2011,1,20,18,30,0,0,0,0.153,1.4000000000000001,56.06,-3,780,N/A
2011,1,20,19,0,0,0,0,0.153,1.5,54.44,-4,780,N/A
2011,1,20,19,30,0,0,0,0.153,1.5,54.43,-4,780,N/A
2011,1,20,20,0,0,0,0,0.153,1.6,52.63,-4,780,N/A
2011,1,20,20,30,0,0,0,0.153,1.6,52.61,-4,780,N/A
2011,1,20,21,0,0,0,0,0.153,1.6,50.88,-4,780,N/A
2011,1,20,21,30,0,0,0,0.153,1.6,50.86,-4,780,N/A
2011,1,20,22,0,0,0,0,0.153,1.7000000000000002,53.230000000000004,-4,780,N/A
2011,1,20,22,30,0,0,0,0.153,1.7000000000000002,53.2,-4,780,N/A
2011,1,20,23,0,0,0,0,0.153,1.7000000000000002,51.85,-4,780,N/A
2011,1,20,23,30,0,0,0,0.153,1.7000000000000002,51.82,-4,780,N/A
2011,1,21,0,0,0,0,0,0.153,1.7000000000000002,50.67,-4,780,N/A
2011,1,21,0,30,0,0,0,0.153,1.7000000000000002,50.660000000000004,-4,780,N/A
2011,1,21,1,0,0,0,0,0.153,1.8,49.78,-4,780,N/A
2011,1,21,1,30,0,0,0,0.153,1.8,49.78,-4,780,N/A
2011,1,21,2,0,0,0,0,0.153,1.9000000000000001,49.19,-5,780,N/A
2011,1,21,2,30,0,0,0,0.153,1.9000000000000001,49.18,-5,780,N/A
2011,1,21,3,0,0,0,0,0.153,2,49,-5,780,N/A
2011,1,21,3,30,0,0,0,0.153,1.9000000000000001,48.99,-5,780,N/A
2011,1,21,4,0,0,0,0,0.153,1.9000000000000001,49.06,-5,780,N/A
2011,1,21,4,30,0,0,0,0.153,1.9000000000000001,49.06,-5,780,N/A
2011,1,21,5,0,0,0,0,0.153,1.9000000000000001,49.18,-5,780,N/A
2011,1,21,5,30,0,0,0,0.153,1.8,49.19,-5,780,N/A
2011,1,21,6,0,0,0,0,0.153,1.8,49.38,-5,780,N/A
2011,1,21,6,30,0,0,0,0.153,2,49.39,-4,780,N/A
2011,1,21,7,0,0,0,0,0.153,2.2,49.93,-4,780,N/A
2011,1,21,7,30,35,0,35,0.153,2.8000000000000003,43,-3,780,N/A
2011,1,21,8,0,30,662,123,0.153,3.5,41.18,-2,780,N/A
2011,1,21,8,30,39,800,220,0.153,3.9000000000000004,38.28,-1,780,N/A
2011,1,21,9,0,46,879,315,0.153,4.4,39.64,0,780,N/A
2011,1,21,9,30,51,935,403,0.153,4.4,36.89,1,780,N/A
2011,1,21,10,0,54,974,480,0.153,4.5,35.24,3,780,N/A
2011,1,21,10,30,57,1001,545,0.153,4.3,32.84,4,780,N/A
2011,1,21,11,0,63,1009,593,0.153,4.2,31.04,6,780,N/A
2011,1,21,11,30,65,1021,627,0.153,4,31.03,6,780,N/A
2011,1,21,12,0,68,1021,644,0.153,3.9000000000000004,27.98,6,780,N/A
2011,1,21,12,30,68,1021,644,0.153,3.8000000000000003,27.97,6,780,N/A
2011,1,21,13,0,69,1010,627,0.153,3.8000000000000003,26.95,7,780,N/A
2011,1,21,13,30,68,1000,594,0.153,3.7,26.96,6,780,N/A
2011,1,21,14,0,63,990,546,0.153,3.7,26.59,6,780,N/A
2011,1,21,14,30,60,966,483,0.153,3.2,28.5,5,780,N/A
2011,1,21,15,0,57,928,407,0.153,2.8000000000000003,29.38,5,780,N/A
2011,1,21,15,30,51,875,319,0.153,2,33.81,3,780,N/A
2011,1,21,16,0,44,794,224,0.153,1.4000000000000001,44.09,1,780,N/A
2011,1,21,16,30,34,654,126,0.153,1.4000000000000001,47.4,0,780,N/A
2011,1,21,17,0,18,395,37,0.153,1.4000000000000001,51.65,-2,780,N/A
2011,1,21,17,30,0,0,0,0.153,1.4000000000000001,51.67,-2,780,N/A
2011,1,21,18,0,0,0,0,0.153,1.4000000000000001,52.45,-2,780,N/A
2011,1,21,18,30,0,0,0,0.153,1.3,52.45,-2,780,N/A
2011,1,21,19,0,0,0,0,0.153,1.3,57.53,-3,780,N/A
2011,1,21,19,30,0,0,0,0.153,1.3,57.52,-3,780,N/A
2011,1,21,20,0,0,0,0,0.153,1.4000000000000001,58.43,-3,780,N/A
2011,1,21,20,30,0,0,0,0.153,1.4000000000000001,58.43,-3,780,N/A
2011,1,21,21,0,0,0,0,0.153,1.5,64.09,-3,780,N/A
2011,1,21,21,30,0,0,0,0.153,1.5,64.09,-3,780,N/A
2011,1,21,22,0,0,0,0,0.153,1.6,65.2,-4,780,N/A
2011,1,21,22,30,0,0,0,0.153,1.6,65.19,-4,780,N/A
2011,1,21,23,0,0,0,0,0.153,1.6,65.94,-4,780,N/A
2011,1,21,23,30,0,0,0,0.153,1.5,65.91,-4,780,N/A
2011,1,22,0,0,0,0,0,0.153,1.5,70.95,-4,780,N/A
2011,1,22,0,30,0,0,0,0.153,1.4000000000000001,70.91,-4,780,N/A
2011,1,22,1,0,0,0,0,0.153,1.4000000000000001,69.73,-5,780,N/A
2011,1,22,1,30,0,0,0,0.153,1.3,69.7,-5,780,N/A
2011,1,22,2,0,0,0,0,0.153,1.3,67.7,-5,780,N/A
2011,1,22,2,30,0,0,0,0.153,1.2000000000000002,67.67,-5,780,N/A
2011,1,22,3,0,0,0,0,0.153,1.2000000000000002,65.5,-5,780,N/A
2011,1,22,3,30,0,0,0,0.153,1.2000000000000002,65.48,-5,780,N/A
2011,1,22,4,0,0,0,0,0.153,1.3,63.59,-5,780,N/A
2011,1,22,4,30,0,0,0,0.153,1.3,63.56,-5,780,N/A
2011,1,22,5,0,0,0,0,0.153,1.4000000000000001,62.36,-5,780,N/A
2011,1,22,5,30,0,0,0,0.153,1.4000000000000001,62.35,-5,780,N/A
2011,1,22,6,0,0,0,0,0.153,1.5,62.09,-5,780,N/A
2011,1,22,6,30,0,0,0,0.153,1.8,57.58,-4,780,N/A
2011,1,22,7,0,0,0,0,0.153,2.1,58.120000000000005,-4,780,N/A
2011,1,22,7,30,17,376,35,0.153,2.4000000000000004,50.09,-2,780,N/A
2011,1,22,8,0,32,638,122,0.153,2.7,47.71,-1,780,N/A
2011,1,22,8,30,41,772,217,0.153,3.3000000000000003,44.36,0,780,N/A
2011,1,22,9,0,106,430,238,0.153,3.9000000000000004,42.27,1,780,N/A
2011,1,22,9,30,126,505,317,0.153,4.3,39.34,2,780,N/A
2011,1,22,10,0,119,640,401,0.153,4.800000000000001,38.7,4,780,N/A
2011,1,22,10,30,217,332,380,0.153,4.9,36.08,5,780,N/A
2011,1,22,11,0,236,339,415,0.153,5.1000000000000005,38.53,6,780,N/A
2011,1,22,11,30,239,411,467,0.153,5.1000000000000005,38.51,6,770,N/A
2011,1,22,12,0,261,347,459,0.153,5.2,37.36,7,770,N/A
2011,1,22,12,30,254,363,460,0.153,5.2,37.35,7,770,N/A
2011,1,22,13,0,202,532,497,0.153,5.300000000000001,35.95,7,770,N/A
2011,1,22,13,30,169,603,489,0.153,5.1000000000000005,35.95,7,770,N/A
2011,1,22,14,0,166,549,435,0.153,5,32.980000000000004,7,770,N/A
2011,1,22,14,30,178,398,354,0.153,4.6000000000000005,35.33,6,770,N/A
2011,1,22,15,0,52,936,409,0.153,4.3,34.63,6,770,N/A
2011,1,22,15,30,48,889,323,0.153,3.2,39.86,4,770,N/A
2011,1,22,16,0,41,815,229,0.153,2.1,43.050000000000004,2,770,N/A
2011,1,22,16,30,32,686,131,0.153,1.8,49.71,0,770,N/A
2011,1,22,17,0,18,432,40,0.153,1.6,56.050000000000004,-1,780,N/A
2011,1,22,17,30,0,0,0,0.153,1.5,56.06,-1,780,N/A
2011,1,22,18,0,0,0,0,0.153,1.5,59.980000000000004,-2,780,N/A
2011,1,22,18,30,0,0,0,0.153,1.5,59.99,-2,780,N/A
2011,1,22,19,0,0,0,0,0.153,1.5,59.5,-3,780,N/A
2011,1,22,19,30,0,0,0,0.153,1.4000000000000001,59.51,-3,780,N/A
2011,1,22,20,0,0,0,0,0.153,1.4000000000000001,58.84,-3,780,N/A
2011,1,22,20,30,0,0,0,0.153,1.4000000000000001,58.85,-3,780,N/A
2011,1,22,21,0,0,0,0,0.153,1.4000000000000001,62.620000000000005,-4,780,N/A
2011,1,22,21,30,0,0,0,0.153,1.4000000000000001,62.63,-4,780,N/A
2011,1,22,22,0,0,0,0,0.153,1.4000000000000001,61.93,-4,780,N/A
2011,1,22,22,30,0,0,0,0.153,1.3,61.940000000000005,-4,780,N/A
2011,1,22,23,0,0,0,0,0.153,1.3,66.13,-4,780,N/A
2011,1,22,23,30,0,0,0,0.153,1.2000000000000002,66.13,-4,780,N/A
2011,1,23,0,0,0,0,0,0.153,1.2000000000000002,65.85,-4,780,N/A
2011,1,23,0,30,0,0,0,0.153,1.1,65.86,-4,780,N/A
2011,1,23,1,0,0,0,0,0.153,1.1,65.85,-5,780,N/A
2011,1,23,1,30,0,0,0,0.153,1.1,65.86,-5,780,N/A
2011,1,23,2,0,0,0,0,0.153,1.1,66.51,-5,780,N/A
2011,1,23,2,30,0,0,0,0.153,1,66.52,-5,780,N/A
2011,1,23,3,0,0,0,0,0.153,1,68.04,-5,780,N/A
2011,1,23,3,30,0,0,0,0.153,1,68.04,-4,780,N/A
2011,1,23,4,0,0,0,0,0.153,1.1,69.65,-4,780,N/A
2011,1,23,4,30,0,0,0,0.153,1.2000000000000002,69.67,-4,780,N/A
2011,1,23,5,0,0,0,0,0.153,1.3,70.9,-4,780,N/A
2011,1,23,5,30,0,0,0,0.153,1.2000000000000002,70.93,-4,780,N/A
2011,1,23,6,0,0,0,0,0.153,1.2000000000000002,72.96000000000001,-5,780,N/A
2011,1,23,6,30,0,0,0,0.153,1.2000000000000002,72.98,-4,780,N/A
2011,1,23,7,0,0,0,0,0.153,1.2000000000000002,74.8,-4,780,N/A
2011,1,23,7,30,19,346,36,0.153,1.6,64.4,-2,780,N/A
2011,1,23,8,0,34,642,126,0.153,2,62.17,-1,780,N/A
2011,1,23,8,30,85,286,151,0.153,1.9000000000000001,57.78,0,780,N/A
2011,1,23,9,0,121,309,217,0.153,1.9000000000000001,52.68,0,780,N/A
2011,1,23,9,30,55,926,408,0.153,1.8,52.68,0,780,N/A
2011,1,23,10,0,59,964,485,0.153,1.7000000000000002,44.730000000000004,1,780,N/A
2011,1,23,10,30,62,991,550,0.153,1.8,44.72,2,780,N/A
2011,1,23,11,0,66,1004,599,0.153,1.9000000000000001,38.29,3,780,N/A
2011,1,23,11,30,67,1016,634,0.153,2,38.26,3,780,N/A
2011,1,23,12,0,67,1026,652,0.153,2.1,32.69,4,780,N/A
2011,1,23,12,30,67,1028,654,0.153,2.2,32.67,4,780,N/A
2011,1,23,13,0,65,1027,639,0.153,2.4000000000000004,27.69,4,780,N/A
2011,1,23,13,30,64,1018,606,0.153,2.6,27.68,4,780,N/A
2011,1,23,14,0,60,1008,559,0.153,2.9000000000000004,25.22,4,780,N/A
2011,1,23,14,30,57,984,495,0.153,2.9000000000000004,27.05,4,780,N/A
2011,1,23,15,0,53,953,419,0.153,2.9000000000000004,25.82,4,780,N/A
2011,1,23,15,30,48,902,331,0.153,2.2,29.77,2,780,N/A
2011,1,23,16,0,42,826,235,0.153,1.6,35.52,0,780,N/A
2011,1,23,16,30,46,351,98,0.153,1.7000000000000002,38.21,-1,780,N/A
2011,1,23,17,0,20,207,31,0.153,1.8,42.99,-2,780,N/A
2011,1,23,17,30,0,0,0,0.153,1.9000000000000001,43,-2,780,N/A
2011,1,23,18,0,0,0,0,0.153,2,41.61,-3,780,N/A
2011,1,23,18,30,0,0,0,0.153,2,41.61,-3,780,N/A
2011,1,23,19,0,0,0,0,0.153,2,41.51,-3,780,N/A
2011,1,23,19,30,0,0,0,0.153,1.8,41.5,-3,780,N/A
2011,1,23,20,0,0,0,0,0.153,1.7000000000000002,45.49,-4,780,N/A
2011,1,23,20,30,0,0,0,0.153,1.6,45.47,-4,780,N/A
2011,1,23,21,0,0,0,0,0.153,1.6,49.92,-4,780,N/A
2011,1,23,21,30,0,0,0,0.153,1.6,49.910000000000004,-4,780,N/A
2011,1,23,22,0,0,0,0,0.153,1.6,50.96,-5,780,N/A
2011,1,23,22,30,0,0,0,0.153,1.6,50.94,-5,780,N/A
2011,1,23,23,0,0,0,0,0.153,1.6,52,-5,780,N/A
2011,1,23,23,30,0,0,0,0.153,1.7000000000000002,51.99,-5,780,N/A
2011,1,24,0,0,0,0,0,0.153,1.8,56.79,-5,780,N/A
2011,1,24,0,30,0,0,0,0.153,1.8,56.78,-5,780,N/A
2011,1,24,1,0,0,0,0,0.153,1.9000000000000001,56.94,-6,780,N/A
2011,1,24,1,30,0,0,0,0.153,1.8,56.92,-6,780,N/A
2011,1,24,2,0,0,0,0,0.153,1.8,56.480000000000004,-6,780,N/A
2011,1,24,2,30,0,0,0,0.153,1.7000000000000002,56.46,-6,780,N/A
2011,1,24,3,0,0,0,0,0.153,1.7000000000000002,60.03,-6,780,N/A
2011,1,24,3,30,0,0,0,0.153,1.7000000000000002,60.02,-6,780,N/A
2011,1,24,4,0,0,0,0,0.153,1.7000000000000002,59.04,-7,780,N/A
2011,1,24,4,30,0,0,0,0.153,1.7000000000000002,59.03,-7,780,N/A
2011,1,24,5,0,0,0,0,0.153,1.7000000000000002,63,-7,780,N/A
2011,1,24,5,30,0,0,0,0.153,1.7000000000000002,63.01,-7,780,N/A
2011,1,24,6,0,0,0,0,0.153,1.7000000000000002,62.56,-8,780,N/A
2011,1,24,6,30,0,0,0,0.153,2.1,57.92,-7,780,N/A
2011,1,24,7,0,0,0,0,0.153,2.6,57.65,-7,780,N/A
2011,1,24,7,30,26,0,26,0.153,2.8000000000000003,49.51,-5,780,N/A
2011,1,24,8,0,53,228,87,0.153,3.1,46.03,-4,780,N/A
2011,1,24,8,30,86,291,153,0.153,3.4000000000000004,39.69,-2,780,N/A
2011,1,24,9,0,106,441,244,0.153,3.8000000000000003,37.78,-1,780,N/A
2011,1,24,9,30,94,0,94,0.153,3.4000000000000004,35.13,0,780,N/A
2011,1,24,10,0,87,0,87,0.153,3.1,39.74,0,780,N/A
2011,1,24,10,30,238,152,314,0.153,2.8000000000000003,39.74,0,780,N/A
2011,1,24,11,0,245,65,280,0.153,2.6,43.82,0,780,N/A
2011,1,24,11,30,265,79,310,0.153,2.5,43.82,0,780,N/A
2011,1,24,12,0,221,497,507,0.153,2.4000000000000004,46.34,0,780,N/A
2011,1,24,12,30,258,381,477,0.153,2.4000000000000004,46.35,0,780,N/A
2011,1,24,13,0,264,311,439,0.153,2.4000000000000004,47.06,0,780,N/A
2011,1,24,13,30,249,306,414,0.153,2.2,47.07,0,780,N/A
2011,1,24,14,0,217,360,396,0.153,2.1,45.94,0,780,N/A
2011,1,24,14,30,169,459,375,0.153,1.8,45.95,0,780,N/A
2011,1,24,15,0,133,489,323,0.153,1.6,44.2,0,780,N/A
2011,1,24,15,30,125,314,224,0.153,1.1,44.22,0,780,N/A
2011,1,24,16,0,78,405,174,0.153,0.6000000000000001,52.43,0,780,N/A
2011,1,24,16,30,52,260,92,0.153,0.6000000000000001,52.45,-1,780,N/A
2011,1,24,17,0,21,139,29,0.153,0.6000000000000001,52.93,-2,780,N/A
2011,1,24,17,30,0,0,0,0.153,0.6000000000000001,52.95,-2,780,N/A
2011,1,24,18,0,0,0,0,0.153,0.7000000000000001,57.17,-3,780,N/A
2011,1,24,18,30,0,0,0,0.153,0.7000000000000001,57.19,-3,780,N/A
2011,1,24,19,0,0,0,0,0.153,0.8,58.59,-3,780,N/A
2011,1,24,19,30,0,0,0,0.153,0.8,58.6,-3,780,N/A
2011,1,24,20,0,0,0,0,0.153,0.9,64.35,-4,780,N/A
2011,1,24,20,30,0,0,0,0.153,0.9,64.36,-4,780,N/A
2011,1,24,21,0,0,0,0,0.153,0.9,70.2,-5,780,N/A
2011,1,24,21,30,0,0,0,0.153,0.9,70.2,-5,780,N/A
2011,1,24,22,0,0,0,0,0.153,0.9,76.16,-6,780,N/A
2011,1,24,22,30,0,0,0,0.153,0.9,76.16,-6,780,N/A
2011,1,24,23,0,0,0,0,0.153,0.9,81.60000000000001,-6,780,N/A
2011,1,24,23,30,0,0,0,0.153,0.9,81.58,-6,780,N/A
2011,1,25,0,0,0,0,0,0.153,0.9,80.38,-7,780,N/A
2011,1,25,0,30,0,0,0,0.153,0.9,80.36,-7,780,N/A
2011,1,25,1,0,0,0,0,0.153,0.9,86.39,-7,780,N/A
2011,1,25,1,30,0,0,0,0.153,0.9,86.36,-7,780,N/A
2011,1,25,2,0,0,0,0,0.153,0.9,85.67,-8,780,N/A
2011,1,25,2,30,0,0,0,0.153,0.9,85.64,-8,780,N/A
2011,1,25,3,0,0,0,0,0.153,0.9,84.3,-8,780,N/A
2011,1,25,3,30,0,0,0,0.153,0.9,84.28,-8,780,N/A
2011,1,25,4,0,0,0,0,0.153,0.9,81.92,-8,780,N/A
2011,1,25,4,30,0,0,0,0.153,0.8,81.92,-8,780,N/A
2011,1,25,5,0,0,0,0,0.153,0.8,85.47,-8,780,N/A
2011,1,25,5,30,0,0,0,0.153,0.8,85.47,-8,780,N/A
2011,1,25,6,0,0,0,0,0.153,0.8,82.26,-9,780,N/A
2011,1,25,6,30,0,0,0,0.153,0.8,76.10000000000001,-8,780,N/A
2011,1,25,7,0,0,0,0,0.153,0.8,73.99,-8,780,N/A
2011,1,25,7,30,18,435,42,0.153,1.1,63.440000000000005,-6,780,N/A
2011,1,25,8,0,34,681,134,0.153,1.5,56.85,-5,780,N/A
2011,1,25,8,30,43,815,235,0.153,2.1,48.93,-3,780,N/A
2011,1,25,9,0,63,705,285,0.153,2.7,39.43,-1,780,N/A
2011,1,25,9,30,112,584,337,0.153,2.9000000000000004,36.63,0,780,N/A
2011,1,25,10,0,157,510,385,0.153,3.1,29.93,0,780,N/A
2011,1,25,10,30,138,663,468,0.153,3.1,29.91,1,780,N/A
2011,1,25,11,0,134,734,529,0.153,3.2,26.01,2,780,N/A
2011,1,25,11,30,98,950,633,0.153,3.2,24.19,2,780,N/A
2011,1,25,12,0,226,488,508,0.153,3.3000000000000003,21.52,3,780,N/A
2011,1,25,12,30,193,607,544,0.153,3.3000000000000003,21.51,3,780,N/A
2011,1,25,13,0,168,669,546,0.153,3.4000000000000004,20.990000000000002,3,780,N/A
2011,1,25,13,30,254,293,412,0.153,3.3000000000000003,20.98,3,780,N/A
2011,1,25,14,0,224,331,391,0.153,3.2,21,3,780,N/A
2011,1,25,14,30,170,473,384,0.153,2.8000000000000003,22.55,2,780,N/A
2011,1,25,15,0,142,468,325,0.153,2.5,24.13,2,780,N/A
2011,1,25,15,30,105,473,257,0.153,1.9000000000000001,25.92,1,780,N/A
2011,1,25,16,0,94,232,151,0.153,1.4000000000000001,33.88,0,780,N/A
2011,1,25,16,30,47,382,106,0.153,1.4000000000000001,36.44,-1,780,N/A
2011,1,25,17,0,21,387,45,0.153,1.4000000000000001,42.39,-2,780,N/A
2011,1,25,17,30,0,0,0,0.153,1.4000000000000001,42.410000000000004,-2,780,N/A
2011,1,25,18,0,0,0,0,0.153,1.4000000000000001,44.28,-3,780,N/A
2011,1,25,18,30,0,0,0,0.153,1.4000000000000001,44.29,-3,780,N/A
2011,1,25,19,0,0,0,0,0.153,1.4000000000000001,43.81,-4,780,N/A
2011,1,25,19,30,0,0,0,0.153,1.4000000000000001,43.81,-4,780,N/A
2011,1,25,20,0,0,0,0,0.153,1.4000000000000001,47.24,-5,780,N/A
2011,1,25,20,30,0,0,0,0.153,1.4000000000000001,47.24,-5,780,N/A
2011,1,25,21,0,0,0,0,0.153,1.4000000000000001,47.730000000000004,-5,780,N/A
2011,1,25,21,30,0,0,0,0.153,1.4000000000000001,47.730000000000004,-5,780,N/A
2011,1,25,22,0,0,0,0,0.153,1.4000000000000001,52.44,-5,780,N/A
2011,1,25,22,30,0,0,0,0.153,1.4000000000000001,52.44,-5,780,N/A
2011,1,25,23,0,0,0,0,0.153,1.4000000000000001,53.59,-6,780,N/A
2011,1,25,23,30,0,0,0,0.153,1.4000000000000001,53.59,-6,780,N/A
2011,1,26,0,0,0,0,0,0.153,1.5,54.26,-6,780,N/A
2011,1,26,0,30,0,0,0,0.153,1.6,54.27,-6,780,N/A
2011,1,26,1,0,0,0,0,0.153,1.7000000000000002,59.18,-6,780,N/A
2011,1,26,1,30,0,0,0,0.153,1.6,59.2,-6,780,N/A
2011,1,26,2,0,0,0,0,0.153,1.6,58.68,-6,780,N/A
2011,1,26,2,30,0,0,0,0.153,1.5,58.69,-6,780,N/A
2011,1,26,3,0,0,0,0,0.153,1.5,56.83,-7,780,N/A
2011,1,26,3,30,0,0,0,0.153,1.4000000000000001,56.83,-7,780,N/A
2011,1,26,4,0,0,0,0,0.153,1.4000000000000001,54.59,-7,780,N/A
2011,1,26,4,30,0,0,0,0.153,1.4000000000000001,54.6,-7,780,N/A
2011,1,26,5,0,0,0,0,0.153,1.4000000000000001,57.77,-8,780,N/A
2011,1,26,5,30,0,0,0,0.153,1.3,57.800000000000004,-8,780,N/A
2011,1,26,6,0,0,0,0,0.153,1.3,58.410000000000004,-8,780,N/A
2011,1,26,6,30,0,0,0,0.153,1.2000000000000002,54.09,-7,780,N/A
2011,1,26,7,0,0,0,0,0.153,1.2000000000000002,57.800000000000004,-7,780,N/A
2011,1,26,7,30,20,357,40,0.153,1.4000000000000001,49.64,-5,780,N/A
2011,1,26,8,0,37,627,131,0.153,1.7000000000000002,45.08,-3,780,N/A
2011,1,26,8,30,48,766,229,0.153,1.8,38.910000000000004,-1,780,N/A
2011,1,26,9,0,55,850,325,0.153,1.9000000000000001,33.63,0,780,N/A
2011,1,26,9,30,61,906,413,0.153,1.5,31.29,1,780,N/A
2011,1,26,10,0,65,943,491,0.153,1.1,29.04,2,780,N/A
2011,1,26,10,30,69,970,555,0.153,0.9,29.03,3,780,N/A
2011,1,26,11,0,73,982,604,0.153,0.8,27.830000000000002,4,780,N/A
2011,1,26,11,30,74,994,638,0.153,1,27.82,4,780,N/A
2011,1,26,12,0,76,998,656,0.153,1.3,26.35,4,780,N/A
2011,1,26,12,30,76,998,657,0.153,1.5,26.34,4,780,N/A
2011,1,26,13,0,76,991,640,0.153,1.8,26.490000000000002,5,780,N/A
2011,1,26,13,30,74,980,607,0.153,1.9000000000000001,26.490000000000002,4,780,N/A
2011,1,26,14,0,183,512,442,0.153,2.1,26.490000000000002,4,780,N/A
2011,1,26,14,30,63,957,499,0.153,1.9000000000000001,28.43,4,780,N/A
2011,1,26,15,0,58,925,423,0.153,1.8,30.01,4,780,N/A
2011,1,26,15,30,52,874,336,0.153,1.4000000000000001,32.22,2,780,N/A
2011,1,26,16,0,45,803,242,0.153,1,44.28,1,780,N/A
2011,1,26,16,30,35,678,143,0.153,1.1,47.6,0,780,N/A
2011,1,26,17,0,21,449,50,0.153,1.2000000000000002,41.34,0,780,N/A
2011,1,26,17,30,0,0,0,0.153,1.2000000000000002,41.35,0,780,N/A
2011,1,26,18,0,0,0,0,0.153,1.2000000000000002,44.6,-1,780,N/A
2011,1,26,18,30,0,0,0,0.153,1.2000000000000002,44.61,-1,780,N/A
2011,1,26,19,0,0,0,0,0.153,1.2000000000000002,47.870000000000005,-2,780,N/A
2011,1,26,19,30,0,0,0,0.153,1.2000000000000002,47.88,-2,780,N/A
2011,1,26,20,0,0,0,0,0.153,1.2000000000000002,51.21,-2,780,N/A
2011,1,26,20,30,0,0,0,0.153,1.2000000000000002,51.21,-2,780,N/A
2011,1,26,21,0,0,0,0,0.153,1.2000000000000002,51.32,-3,780,N/A
2011,1,26,21,30,0,0,0,0.153,1.1,51.32,-3,780,N/A
2011,1,26,22,0,0,0,0,0.153,1.1,56.07,-4,780,N/A
2011,1,26,22,30,0,0,0,0.153,1.1,56.07,-4,780,N/A
2011,1,26,23,0,0,0,0,0.153,1.2000000000000002,61.33,-5,780,N/A
2011,1,26,23,30,0,0,0,0.153,1.2000000000000002,61.32,-5,780,N/A
2011,1,27,0,0,0,0,0,0.153,1.3,61.71,-5,780,N/A
2011,1,27,0,30,0,0,0,0.153,1.3,61.7,-5,780,N/A
2011,1,27,1,0,0,0,0,0.153,1.3,66.74,-5,780,N/A
2011,1,27,1,30,0,0,0,0.153,1.3,66.73,-5,780,N/A
2011,1,27,2,0,0,0,0,0.153,1.4000000000000001,66.43,-6,780,N/A
2011,1,27,2,30,0,0,0,0.153,1.5,66.42,-6,780,N/A
2011,1,27,3,0,0,0,0,0.153,1.6,65.51,-6,780,N/A
2011,1,27,3,30,0,0,0,0.153,1.7000000000000002,65.51,-6,780,N/A
2011,1,27,4,0,0,0,0,0.153,1.8,69.23,-6,780,N/A
2011,1,27,4,30,0,0,0,0.153,1.9000000000000001,69.23,-6,780,N/A
2011,1,27,5,0,0,0,0,0.153,2,67.72,-7,780,N/A
2011,1,27,5,30,0,0,0,0.153,2,67.72,-7,780,N/A
2011,1,27,6,0,0,0,0,0.153,2,66.51,-7,780,N/A
2011,1,27,6,30,0,0,0,0.153,2.3000000000000003,61.620000000000005,-6,780,N/A
2011,1,27,7,0,0,0,0,0.153,2.6,61.160000000000004,-6,780,N/A
2011,1,27,7,30,19,437,45,0.153,2.8000000000000003,52.59,-4,780,N/A
2011,1,27,8,0,33,685,137,0.153,3,49.25,-2,780,N/A
2011,1,27,8,30,42,812,237,0.153,3,42.51,-1,780,N/A
2011,1,27,9,0,48,888,333,0.153,3.1,38.88,0,790,N/A
2011,1,27,9,30,53,938,421,0.153,3,33.67,2,790,N/A
2011,1,27,10,0,56,972,497,0.153,3,25.580000000000002,4,790,N/A
2011,1,27,10,30,59,995,561,0.153,2.8000000000000003,23.84,5,780,N/A
2011,1,27,11,0,73,977,605,0.153,2.7,18.46,7,780,N/A
2011,1,27,11,30,75,988,639,0.153,2.5,18.45,8,780,N/A
2011,1,27,12,0,75,996,657,0.153,2.3000000000000003,17.16,9,780,N/A
2011,1,27,12,30,75,996,658,0.153,2.1,17.150000000000002,9,780,N/A
2011,1,27,13,0,73,994,642,0.153,2,16.7,9,780,N/A
2011,1,27,13,30,71,984,610,0.153,1.8,16.7,9,780,N/A
2011,1,27,14,0,62,987,565,0.153,1.7000000000000002,17.79,9,780,N/A
2011,1,27,14,30,59,964,502,0.153,1.4000000000000001,19.03,8,780,N/A
2011,1,27,15,0,55,931,427,0.153,1.1,31.2,8,780,N/A
2011,1,27,15,30,50,881,340,0.153,1.1,35.82,5,780,N/A
2011,1,27,16,0,44,805,244,0.153,1.2000000000000002,42.64,3,780,N/A
2011,1,27,16,30,35,681,145,0.153,1.3,49.18,1,780,N/A
2011,1,27,17,0,21,451,52,0.153,1.5,41.37,0,780,N/A
2011,1,27,17,30,0,0,0,0.153,1.4000000000000001,41.39,0,780,N/A
2011,1,27,18,0,0,0,0,0.153,1.4000000000000001,42.39,0,780,N/A
2011,1,27,18,30,0,0,0,0.153,1.3,42.39,0,780,N/A
2011,1,27,19,0,0,0,0,0.153,1.3,46.94,-1,780,N/A
2011,1,27,19,30,0,0,0,0.153,1.3,46.94,-1,780,N/A
2011,1,27,20,0,0,0,0,0.153,1.3,51.72,-1,780,N/A
2011,1,27,20,30,0,0,0,0.153,1.2000000000000002,51.72,-1,780,N/A
2011,1,27,21,0,0,0,0,0.153,1.2000000000000002,52.79,-1,780,N/A
2011,1,27,21,30,0,0,0,0.153,1.2000000000000002,52.78,-1,780,N/A
2011,1,27,22,0,0,0,0,0.153,1.2000000000000002,53.980000000000004,-1,780,N/A
2011,1,27,22,30,0,0,0,0.153,1.2000000000000002,50.15,-1,780,N/A
2011,1,27,23,0,0,0,0,0.153,1.2000000000000002,50.97,-1,780,N/A
2011,1,27,23,30,0,0,0,0.153,1.2000000000000002,50.96,-1,780,N/A
2011,1,28,0,0,0,0,0,0.153,1.2000000000000002,51.53,-1,780,N/A
2011,1,28,0,30,0,0,0,0.153,1.2000000000000002,51.52,-1,780,N/A
2011,1,28,1,0,0,0,0,0.153,1.2000000000000002,52.38,-1,780,N/A
2011,1,28,1,30,0,0,0,0.153,1.2000000000000002,52.38,-1,780,N/A
2011,1,28,2,0,0,0,0,0.153,1.2000000000000002,57.79,-1,780,N/A
2011,1,28,2,30,0,0,0,0.153,1.2000000000000002,57.78,-1,780,N/A
2011,1,28,3,0,0,0,0,0.153,1.2000000000000002,59.36,-2,780,N/A
2011,1,28,3,30,0,0,0,0.153,1.2000000000000002,59.35,-2,780,N/A
2011,1,28,4,0,0,0,0,0.153,1.3,65.76,-2,780,N/A
2011,1,28,4,30,0,0,0,0.153,1.3,65.76,-2,780,N/A
2011,1,28,5,0,0,0,0,0.153,1.3,67.66,-3,780,N/A
2011,1,28,5,30,0,0,0,0.153,1.3,67.66,-3,780,N/A
2011,1,28,6,0,0,0,0,0.153,1.3,69.24,-3,780,N/A
2011,1,28,6,30,0,0,0,0.153,1.4000000000000001,64.3,-2,780,N/A
2011,1,28,7,0,0,0,0,0.153,1.5,67.12,-2,780,N/A
2011,1,28,7,30,19,445,46,0.153,2,57.99,0,780,N/A
2011,1,28,8,0,33,688,139,0.153,2.6,56.230000000000004,2,780,N/A
2011,1,28,8,30,41,814,239,0.153,2.5,48.76,3,780,N/A
2011,1,28,9,0,47,892,335,0.153,2.4000000000000004,41.32,5,780,N/A
2011,1,28,9,30,52,943,424,0.153,2.4000000000000004,38.54,6,780,N/A
2011,1,28,10,0,55,978,502,0.153,2.4000000000000004,31.76,8,780,N/A
2011,1,28,10,30,57,1002,567,0.153,2.2,29.67,9,780,N/A
2011,1,28,11,0,64,1008,616,0.153,2.1,26.6,10,780,N/A
2011,1,28,11,30,65,1019,650,0.153,2,26.580000000000002,10,780,N/A
2011,1,28,12,0,65,1024,668,0.153,2,24.02,11,780,N/A
2011,1,28,12,30,65,1025,669,0.153,2,24.01,11,780,N/A
2011,1,28,13,0,64,1021,653,0.153,2,23.52,12,780,N/A
2011,1,28,13,30,63,1011,621,0.153,2,23.51,12,780,N/A
2011,1,28,14,0,60,998,573,0.153,2.1,23.95,12,780,N/A
2011,1,28,14,30,58,975,510,0.153,1.9000000000000001,25.59,11,780,N/A
2011,1,28,15,0,54,941,433,0.153,1.7000000000000002,35.64,10,780,N/A
2011,1,28,15,30,49,892,346,0.153,1.5,43.730000000000004,7,780,N/A
2011,1,28,16,0,43,819,250,0.153,1.4000000000000001,49.14,4,780,N/A
2011,1,28,16,30,35,699,150,0.153,1.5,56.620000000000005,2,780,N/A
2011,1,28,17,0,21,482,56,0.153,1.6,55.620000000000005,0,780,N/A
2011,1,28,17,30,0,0,0,0.153,1.6,55.63,0,780,N/A
2011,1,28,18,0,0,0,0,0.153,1.6,56.17,0,780,N/A
2011,1,28,18,30,0,0,0,0.153,1.6,56.17,0,780,N/A
2011,1,28,19,0,0,0,0,0.153,1.6,61.51,-1,780,N/A
2011,1,28,19,30,0,0,0,0.153,1.6,61.5,-1,780,N/A
2011,1,28,20,0,0,0,0,0.153,1.6,67.32000000000001,-1,780,N/A
2011,1,28,20,30,0,0,0,0.153,1.5,67.32000000000001,-1,780,N/A
2011,1,28,21,0,0,0,0,0.153,1.5,68.05,-2,780,N/A
2011,1,28,21,30,0,0,0,0.153,1.4000000000000001,68.03,-2,780,N/A
2011,1,28,22,0,0,0,0,0.153,1.4000000000000001,68.33,-2,780,N/A
2011,1,28,22,30,0,0,0,0.153,1.3,68.32000000000001,-2,780,N/A
2011,1,28,23,0,0,0,0,0.153,1.3,68.45,-2,780,N/A
2011,1,28,23,30,0,0,0,0.153,1.3,68.43,-2,780,N/A
2011,1,29,0,0,0,0,0,0.153,1.3,68.60000000000001,-2,780,N/A
2011,1,29,0,30,0,0,0,0.153,1.3,68.58,-2,780,N/A
2011,1,29,1,0,0,0,0,0.153,1.3,68.9,-2,780,N/A
2011,1,29,1,30,0,0,0,0.153,1.3,68.89,-2,780,N/A
2011,1,29,2,0,0,0,0,0.153,1.3,74.5,-2,780,N/A
2011,1,29,2,30,0,0,0,0.153,1.3,74.48,-2,780,N/A
2011,1,29,3,0,0,0,0,0.153,1.3,74.62,-2,780,N/A
2011,1,29,3,30,0,0,0,0.153,1.3,69.28,-2,780,N/A
2011,1,29,4,0,0,0,0,0.153,1.3,69.25,-2,780,N/A
2011,1,29,4,30,0,0,0,0.153,1.3,69.24,-2,780,N/A
2011,1,29,5,0,0,0,0,0.153,1.3,68.91,-2,780,N/A
2011,1,29,5,30,0,0,0,0.153,1.3,68.91,-2,780,N/A
2011,1,29,6,0,0,0,0,0.153,1.3,73.52,-2,780,N/A
2011,1,29,6,30,0,0,0,0.153,1.3,68.28,-1,780,N/A
2011,1,29,7,0,0,0,0,0.153,1.3,64.13,-1,780,N/A
2011,1,29,7,30,20,457,49,0.153,1.9000000000000001,59.63,0,780,N/A
2011,1,29,8,0,33,698,143,0.153,2.5,55.64,2,780,N/A
2011,1,29,8,30,42,823,244,0.153,3,51.800000000000004,3,780,N/A
2011,1,29,9,0,48,898,341,0.153,3.5,42.7,5,780,N/A
2011,1,29,9,30,53,948,430,0.153,3.7,39.82,6,780,N/A
2011,1,29,10,0,57,981,508,0.153,4,33.08,7,780,N/A
2011,1,29,10,30,59,1004,573,0.153,4.1000000000000005,33.07,8,780,N/A
2011,1,29,11,0,60,1022,623,0.153,4.3,30.07,9,780,N/A
2011,1,29,11,30,61,1031,657,0.153,4.5,30.05,9,780,N/A
2011,1,29,12,0,63,1034,675,0.153,4.7,27.740000000000002,10,780,N/A
2011,1,29,12,30,63,1033,676,0.153,4.7,27.73,10,780,N/A
2011,1,29,13,0,63,1026,659,0.153,4.800000000000001,25.810000000000002,10,780,N/A
2011,1,29,13,30,62,1016,626,0.153,4.6000000000000005,27.6,10,780,N/A
2011,1,29,14,0,62,995,577,0.153,4.5,27.72,10,780,N/A
2011,1,29,14,30,59,971,514,0.153,4,29.66,9,780,N/A
2011,1,29,15,0,56,936,437,0.153,3.6,31,9,780,N/A
2011,1,29,15,30,51,886,349,0.153,2.7,35.56,6,780,N/A
2011,1,29,16,0,45,813,253,0.153,1.8,45.24,4,780,N/A
2011,1,29,16,30,36,693,153,0.153,1.8,52.120000000000005,2,780,N/A
2011,1,29,17,0,22,488,59,0.153,1.9000000000000001,55.730000000000004,0,780,N/A
2011,1,29,17,30,0,0,0,0.153,1.9000000000000001,55.75,0,780,N/A
2011,1,29,18,0,0,0,0,0.153,2,60.07,0,780,N/A
2011,1,29,18,30,0,0,0,0.153,1.9000000000000001,60.08,0,780,N/A
2011,1,29,19,0,0,0,0,0.153,1.9000000000000001,60.67,-1,780,N/A
2011,1,29,19,30,0,0,0,0.153,1.8,60.68,-1,780,N/A
2011,1,29,20,0,0,0,0,0.153,1.8,61.33,-1,780,N/A
2011,1,29,20,30,0,0,0,0.153,1.7000000000000002,61.34,-1,780,N/A
2011,1,29,21,0,0,0,0,0.153,1.7000000000000002,66.6,-1,780,N/A
2011,1,29,21,30,0,0,0,0.153,1.6,66.6,-1,780,N/A
2011,1,29,22,0,0,0,0,0.153,1.5,66.69,-1,780,N/A
2011,1,29,22,30,0,0,0,0.153,1.4000000000000001,66.69,-1,780,N/A
2011,1,29,23,0,0,0,0,0.153,1.4000000000000001,66.48,-1,780,N/A
2011,1,29,23,30,0,0,0,0.153,1.2000000000000002,66.48,-1,780,N/A
2011,1,30,0,0,0,0,0,0.153,1.2000000000000002,66.22,-1,780,N/A
2011,1,30,0,30,0,0,0,0.153,1.2000000000000002,61.53,-1,780,N/A
2011,1,30,1,0,0,0,0,0.153,1.2000000000000002,61.38,-1,780,N/A
2011,1,30,1,30,0,0,0,0.153,1.1,61.38,-1,780,N/A
2011,1,30,2,0,0,0,0,0.153,1.1,61.4,-1,780,N/A
2011,1,30,2,30,0,0,0,0.153,1.1,61.39,-1,780,N/A
2011,1,30,3,0,0,0,0,0.153,1.1,61.4,-1,780,N/A
2011,1,30,3,30,0,0,0,0.153,1.1,61.39,-1,780,N/A
2011,1,30,4,0,0,0,0,0.153,1.1,61.27,-1,780,N/A
2011,1,30,4,30,0,0,0,0.153,1,61.27,-1,780,N/A
2011,1,30,5,0,0,0,0,0.153,1,60.800000000000004,-1,780,N/A
2011,1,30,5,30,0,0,0,0.153,0.9,60.800000000000004,-1,780,N/A
2011,1,30,6,0,0,0,0,0.153,0.9,59.99,-1,780,N/A
2011,1,30,6,30,0,0,0,0.153,0.7000000000000001,55.78,0,780,N/A
2011,1,30,7,0,0,0,0,0.153,0.6000000000000001,58.38,0,780,N/A
2011,1,30,7,30,22,422,49,0.153,0.6000000000000001,54.32,1,780,N/A
2011,1,30,8,0,37,670,143,0.153,0.6000000000000001,51.14,2,780,N/A
2011,1,30,8,30,46,799,244,0.153,1.2000000000000002,47.64,3,780,N/A
2011,1,30,9,0,53,876,341,0.153,2,36.9,5,780,N/A
2011,1,30,9,30,58,927,430,0.153,2.6,34.43,6,780,N/A
2011,1,30,10,0,63,960,508,0.153,3.2,30.23,7,780,N/A
2011,1,30,10,30,66,984,573,0.153,3.4000000000000004,30.22,7,780,N/A
2011,1,30,11,0,149,710,542,0.153,3.6,27.86,8,780,N/A
2011,1,30,11,30,213,538,526,0.153,3.7,27.84,8,780,N/A
2011,1,30,12,0,223,528,538,0.153,3.9000000000000004,27.87,9,780,N/A
2011,1,30,12,30,219,536,539,0.153,4,27.86,9,780,N/A
2011,1,30,13,0,200,593,547,0.153,4.2,27.67,9,780,N/A
2011,1,30,13,30,199,545,504,0.153,4.1000000000000005,27.66,8,780,N/A
2011,1,30,14,0,187,521,459,0.153,4.1000000000000005,27.07,8,780,N/A
2011,1,30,14,30,153,561,417,0.153,3.5,28.98,7,780,N/A
2011,1,30,15,0,133,538,354,0.153,3,30.740000000000002,7,780,N/A
2011,1,30,15,30,136,316,243,0.153,2.2,35.33,5,780,N/A
2011,1,30,16,0,99,283,173,0.153,1.4000000000000001,41.63,3,780,N/A
2011,1,30,16,30,66,227,105,0.153,1.4000000000000001,48.01,1,780,N/A
2011,1,30,17,0,26,438,61,0.153,1.5,46.300000000000004,0,780,N/A
2011,1,30,17,30,0,0,0,0.153,1.5,46.300000000000004,0,780,N/A
2011,1,30,18,0,0,0,0,0.153,1.5,47.33,-1,780,N/A
2011,1,30,18,30,0,0,0,0.153,1.4000000000000001,47.33,-1,780,N/A
2011,1,30,19,0,0,0,0,0.153,1.4000000000000001,46.04,-1,780,N/A
2011,1,30,19,30,0,0,0,0.153,1.4000000000000001,46.04,-1,780,N/A
2011,1,30,20,0,0,0,0,0.153,1.4000000000000001,45.76,-1,780,N/A
2011,1,30,20,30,0,0,0,0.153,1.4000000000000001,45.76,-1,780,N/A
2011,1,30,21,0,0,0,0,0.153,1.4000000000000001,49.56,-1,780,N/A
2011,1,30,21,30,0,0,0,0.153,1.4000000000000001,49.550000000000004,-1,780,N/A
2011,1,30,22,0,0,0,0,0.153,1.4000000000000001,50,-2,780,N/A
2011,1,30,22,30,0,0,0,0.153,1.4000000000000001,49.99,-2,780,N/A
2011,1,30,23,0,0,0,0,0.153,1.4000000000000001,50.59,-2,780,N/A
2011,1,30,23,30,0,0,0,0.153,1.3,50.58,-2,780,N/A
2011,1,31,0,0,0,0,0,0.153,1.3,51.730000000000004,-2,780,N/A
2011,1,31,0,30,0,0,0,0.153,1.3,51.72,-1,780,N/A
2011,1,31,1,0,0,0,0,0.153,1.4000000000000001,53.72,-1,780,N/A
2011,1,31,1,30,0,0,0,0.153,1.5,49.9,-1,780,N/A
2011,1,31,2,0,0,0,0,0.153,1.6,51.800000000000004,-1,780,N/A
2011,1,31,2,30,0,0,0,0.153,1.7000000000000002,51.79,0,780,N/A
2011,1,31,3,0,0,0,0,0.153,1.8,53.68,0,780,N/A
2011,1,31,3,30,0,0,0,0.153,1.7000000000000002,53.68,0,780,N/A
2011,1,31,4,0,0,0,0,0.153,1.7000000000000002,56.28,-1,780,N/A
2011,1,31,4,30,0,0,0,0.153,1.6,56.28,-1,780,N/A
2011,1,31,5,0,0,0,0,0.153,1.5,59.35,-1,780,N/A
2011,1,31,5,30,0,0,0,0.153,1.3,59.35,-1,780,N/A
2011,1,31,6,0,0,0,0,0.153,1.1,63.18,-1,780,N/A
2011,1,31,6,30,0,0,0,0.153,1,63.17,0,780,N/A
2011,1,31,7,0,0,0,0,0.153,0.9,67.48,0,780,N/A
2011,1,31,7,30,26,99,32,0.153,0.9,62.74,0,780,N/A
2011,1,31,8,0,58,236,97,0.153,1,63.42,1,780,N/A
2011,1,31,8,30,103,141,138,0.153,1,63.410000000000004,1,780,N/A
2011,1,31,9,0,144,157,197,0.153,1.1,57.47,2,780,N/A
2011,1,31,9,30,183,195,262,0.153,1.3,57.44,2,780,N/A
2011,1,31,10,0,172,486,399,0.153,1.5,53.15,3,770,N/A
2011,1,31,10,30,169,581,470,0.153,1.6,53.120000000000005,3,770,N/A
2011,1,31,11,0,211,504,492,0.153,1.8,53.61,3,770,N/A
2011,1,31,11,30,232,26,247,0.153,1.8,53.57,2,770,N/A
2011,1,31,12,0,304,173,408,0.153,1.9000000000000001,54.68,2,770,N/A
2011,1,31,12,30,286,73,330,0.153,1.8,58.7,2,770,N/A
2011,1,31,13,0,289,100,348,0.153,1.8,60.54,2,770,N/A
2011,1,31,13,30,259,63,295,0.153,1.8,60.54,1,770,N/A
2011,1,31,14,0,239,58,270,0.153,1.8,62.96,1,770,N/A
2011,1,31,14,30,101,0,101,0.153,1.8,67.67,0,770,N/A
2011,1,31,15,0,85,0,85,0.153,1.8,70.8,0,770,N/A
2011,1,31,15,30,122,432,271,0.153,1.5,70.81,0,770,N/A
2011,1,31,16,0,91,382,192,0.153,1.2000000000000002,74.58,0,770,N/A
2011,1,31,16,30,55,0,55,0.153,0.9,80.23,0,770,N/A
2011,1,31,17,0,21,0,21,0.866,0.7000000000000001,86.31,-1,770,N/A
2011,1,31,17,30,0,0,0,0.866,0.5,86.32000000000001,-1,770,N/A
2011,1,31,18,0,0,0,0,0.866,0.4,84.04,-2,770,N/A
2011,1,31,18,30,0,0,0,0.866,0.30000000000000004,84.05,-2,770,N/A
2011,1,31,19,0,0,0,0,0.866,0.30000000000000004,85.88,-3,770,N/A
2011,1,31,19,30,0,0,0,0.866,0.7000000000000001,85.9,-3,770,N/A
2011,1,31,20,0,0,0,0,0.866,1.2000000000000002,86.23,-4,770,N/A
2011,1,31,20,30,0,0,0,0.866,1.8,86.25,-4,770,N/A
2011,1,31,21,0,0,0,0,0.866,2.5,84.60000000000001,-5,770,N/A
2011,1,31,21,30,0,0,0,0.866,3.1,84.60000000000001,-5,770,N/A
2011,1,31,22,0,0,0,0,0.866,3.8000000000000003,81.43,-6,770,N/A
2011,1,31,22,30,0,0,0,0.866,4,81.43,-6,770,N/A
2011,1,31,23,0,0,0,0,0.866,4.3,77.49,-7,770,N/A
2011,1,31,23,30,0,0,0,0.866,4.2,77.49,-7,770,N/A
2011,2,1,0,0,0,0,0,0.866,4.2,74.26,-7,770,N/A
2011,2,1,0,30,0,0,0,0.866,4.1000000000000005,74.27,-7,770,N/A
2011,2,1,1,0,0,0,0,0.866,4,67.63,-8,770,N/A
2011,2,1,1,30,0,0,0,0.866,3.8000000000000003,67.63,-8,770,N/A
2011,2,1,2,0,0,0,0,0.866,3.7,68.22,-9,770,N/A
2011,2,1,2,30,0,0,0,0.866,3.5,68.21000000000001,-9,770,N/A
2011,2,1,3,0,0,0,0,0.866,3.4000000000000004,64.87,-9,770,N/A
2011,2,1,3,30,0,0,0,0.866,3.3000000000000003,64.87,-9,770,N/A
2011,2,1,4,0,0,0,0,0.866,3.3000000000000003,67.55,-9,770,N/A
2011,2,1,4,30,0,0,0,0.866,3.3000000000000003,67.56,-9,770,N/A
2011,2,1,5,0,0,0,0,0.866,3.3000000000000003,65.44,-10,770,N/A
2011,2,1,5,30,0,0,0,0.866,3.5,65.45,-10,770,N/A
2011,2,1,6,0,0,0,0,0.866,3.7,63.35,-10,770,N/A
2011,2,1,6,30,0,0,0,0.866,4.1000000000000005,63.35,-10,770,N/A
2011,2,1,7,0,0,0,0,0.866,4.5,61.65,-10,770,N/A
2011,2,1,7,30,31,153,42,0.866,4.800000000000001,61.660000000000004,-9,770,N/A
2011,2,1,8,0,46,449,120,0.866,5.1000000000000005,59.75,-9,770,N/A
2011,2,1,8,30,86,394,185,0.866,5.1000000000000005,55.24,-9,770,N/A
2011,2,1,9,0,130,346,246,0.866,5.1000000000000005,52.9,-9,770,N/A
2011,2,1,9,30,147,465,337,0.866,5,52.9,-8,770,N/A
2011,2,1,10,0,130,645,434,0.866,5,51.050000000000004,-8,770,N/A
2011,2,1,10,30,220,38,240,0.866,4.9,47.21,-8,770,N/A
2011,2,1,11,0,261,326,445,0.866,4.9,46.230000000000004,-8,770,N/A
2011,2,1,11,30,282,307,463,0.866,4.800000000000001,46.21,-8,770,N/A
2011,2,1,12,0,305,198,425,0.866,4.800000000000001,45.67,-8,770,N/A
2011,2,1,12,30,279,366,501,0.866,4.7,45.67,-8,770,N/A
2011,2,1,13,0,215,553,543,0.866,4.7,45.24,-8,770,N/A
2011,2,1,13,30,273,276,430,0.866,4.7,45.24,-8,770,N/A
2011,2,1,14,0,172,588,484,0.866,4.7,47.89,-9,770,N/A
2011,2,1,14,30,165,529,419,0.866,4.7,47.9,-9,770,N/A
2011,2,1,15,0,186,254,293,0.866,4.800000000000001,49.99,-10,770,N/A
2011,2,1,15,30,119,462,280,0.866,4.9,50,-10,770,N/A
2011,2,1,16,0,112,124,145,0.866,5.1000000000000005,51.22,-11,770,N/A
2011,2,1,16,30,67,29,72,0.866,5.2,55.5,-11,770,N/A
2011,2,1,17,0,28,0,28,0.866,5.4,55.88,-12,780,N/A
2011,2,1,17,30,0,0,0,0.866,5.6000000000000005,55.9,-12,780,N/A
2011,2,1,18,0,0,0,0,0.866,5.800000000000001,55.45,-13,780,N/A
2011,2,1,18,30,0,0,0,0.866,6,55.47,-13,780,N/A
2011,2,1,19,0,0,0,0,0.866,6.300000000000001,54.28,-14,780,N/A
2011,2,1,19,30,0,0,0,0.866,6.300000000000001,54.29,-14,780,N/A
2011,2,1,20,0,0,0,0,0.866,6.4,53.01,-15,780,N/A
2011,2,1,20,30,0,0,0,0.866,6.2,53.03,-15,780,N/A
2011,2,1,21,0,0,0,0,0.866,6,48.800000000000004,-16,780,N/A
2011,2,1,21,30,0,0,0,0.866,5.800000000000001,48.81,-16,780,N/A
2011,2,1,22,0,0,0,0,0.866,5.7,49.85,-17,780,N/A
2011,2,1,22,30,0,0,0,0.866,5.7,49.86,-17,780,N/A
2011,2,1,23,0,0,0,0,0.866,5.7,51.42,-18,780,N/A
2011,2,1,23,30,0,0,0,0.866,5.7,51.42,-18,780,N/A
2011,2,2,0,0,0,0,0,0.866,5.7,48.96,-18,780,N/A
2011,2,2,0,30,0,0,0,0.866,5.6000000000000005,48.96,-18,780,N/A
2011,2,2,1,0,0,0,0,0.866,5.5,51.53,-18,780,N/A
2011,2,2,1,30,0,0,0,0.866,5.4,51.52,-18,780,N/A
2011,2,2,2,0,0,0,0,0.866,5.4,50.35,-19,780,N/A
2011,2,2,2,30,0,0,0,0.866,5.300000000000001,50.35,-19,780,N/A
2011,2,2,3,0,0,0,0,0.866,5.2,53.64,-19,780,N/A
2011,2,2,3,30,0,0,0,0.866,5.1000000000000005,53.65,-19,780,N/A
2011,2,2,4,0,0,0,0,0.866,5,52.57,-20,780,N/A
2011,2,2,4,30,0,0,0,0.866,4.9,52.59,-20,780,N/A
2011,2,2,5,0,0,0,0,0.866,4.9,51.620000000000005,-20,780,N/A
2011,2,2,5,30,0,0,0,0.866,4.800000000000001,51.64,-20,780,N/A
2011,2,2,6,0,0,0,0,0.866,4.800000000000001,50.77,-20,780,N/A
2011,2,2,6,30,0,0,0,0.866,4.800000000000001,50.79,-20,780,N/A
2011,2,2,7,0,0,0,0,0.866,4.800000000000001,50.11,-20,780,N/A
2011,2,2,7,30,21,0,21,0.866,4.800000000000001,50.13,-20,780,N/A
2011,2,2,8,0,59,4,60,0.866,4.800000000000001,49.83,-20,780,N/A
2011,2,2,8,30,96,21,102,0.866,4.7,45.74,-19,780,N/A
2011,2,2,9,0,106,0,106,0.866,4.7,46.11,-19,780,N/A
2011,2,2,9,30,94,698,381,0.866,4.6000000000000005,42.35,-18,780,N/A
2011,2,2,10,0,125,670,442,0.866,4.6000000000000005,43.26,-17,780,N/A
2011,2,2,10,30,256,157,339,0.866,4.4,39.75,-16,780,N/A
2011,2,2,11,0,113,827,582,0.866,4.3,37.58,-16,780,N/A
2011,2,2,11,30,133,800,608,0.866,4,37.57,-15,780,N/A
2011,2,2,12,0,188,670,595,0.866,3.8000000000000003,38.42,-15,780,N/A
2011,2,2,12,30,191,663,595,0.866,3.5,35.36,-15,780,N/A
2011,2,2,13,0,133,804,613,0.866,3.3000000000000003,35.89,-15,780,N/A
2011,2,2,13,30,168,674,553,0.866,3,35.89,-14,780,N/A
2011,2,2,14,0,200,497,465,0.866,2.8000000000000003,36.01,-14,780,N/A
2011,2,2,14,30,133,0,133,0.866,2.5,36.02,-14,780,N/A
2011,2,2,15,0,181,313,313,0.866,2.4000000000000004,36.050000000000004,-14,780,N/A
2011,2,2,15,30,122,454,281,0.866,2.2,36.06,-14,780,N/A
2011,2,2,16,0,72,774,282,0.866,2.1,36.2,-15,780,N/A
2011,2,2,16,30,56,647,175,0.866,2,36.21,-15,780,N/A
2011,2,2,17,0,33,440,73,0.866,1.9000000000000001,38.94,-16,780,N/A
2011,2,2,17,30,0,0,0,0.866,1.9000000000000001,38.95,-16,780,N/A
2011,2,2,18,0,0,0,0,0.866,1.9000000000000001,42.78,-16,780,N/A
2011,2,2,18,30,0,0,0,0.866,1.9000000000000001,42.79,-16,780,N/A
2011,2,2,19,0,0,0,0,0.866,1.9000000000000001,43.89,-17,780,N/A
2011,2,2,19,30,0,0,0,0.866,1.8,43.89,-17,780,N/A
2011,2,2,20,0,0,0,0,0.866,1.7000000000000002,48.17,-18,780,N/A
2011,2,2,20,30,0,0,0,0.866,1.5,48.17,-18,780,N/A
2011,2,2,21,0,0,0,0,0.866,1.3,48.29,-18,780,N/A
2011,2,2,21,30,0,0,0,0.866,1.1,48.28,-18,780,N/A
2011,2,2,22,0,0,0,0,0.866,0.9,52.65,-19,780,N/A
2011,2,2,22,30,0,0,0,0.866,0.6000000000000001,52.64,-19,780,N/A
2011,2,2,23,0,0,0,0,0.866,0.4,52.480000000000004,-19,780,N/A
2011,2,2,23,30,0,0,0,0.866,0.30000000000000004,52.47,-19,780,N/A
2011,2,3,0,0,0,0,0,0.866,0.30000000000000004,58.19,-20,780,N/A
2011,2,3,0,30,0,0,0,0.866,0.4,58.18,-20,780,N/A
2011,2,3,1,0,0,0,0,0.866,0.5,58.120000000000005,-20,780,N/A
2011,2,3,1,30,0,0,0,0.866,0.6000000000000001,58.11,-20,780,N/A
2011,2,3,2,0,0,0,0,0.866,0.8,57.39,-20,780,N/A
2011,2,3,2,30,0,0,0,0.866,0.9,57.38,-20,780,N/A
2011,2,3,3,0,0,0,0,0.866,1,62.120000000000005,-20,780,N/A
2011,2,3,3,30,0,0,0,0.866,1,62.11,-20,780,N/A
2011,2,3,4,0,0,0,0,0.866,1.1,61.800000000000004,-21,780,N/A
2011,2,3,4,30,0,0,0,0.866,1.1,61.800000000000004,-21,780,N/A
2011,2,3,5,0,0,0,0,0.866,1.1,61.36,-21,780,N/A
2011,2,3,5,30,0,0,0,0.866,1.1,61.370000000000005,-21,780,N/A
2011,2,3,6,0,0,0,0,0.866,1.2000000000000002,60.52,-21,780,N/A
2011,2,3,6,30,0,0,0,0.866,1.4000000000000001,55.49,-20,780,N/A
2011,2,3,7,0,0,0,0,0.866,1.7000000000000002,54.61,-20,780,N/A
2011,2,3,7,30,24,520,64,0.866,1.9000000000000001,46.03,-18,780,N/A
2011,2,3,8,0,40,744,167,0.866,2.1,39.71,-16,780,N/A
2011,2,3,8,30,52,863,277,0.866,2.3000000000000003,33.67,-14,780,N/A
2011,2,3,9,0,61,938,382,0.866,2.6,30.05,-12,780,N/A
2011,2,3,9,30,69,987,478,0.866,2.7,25.62,-10,780,N/A
2011,2,3,10,0,75,1021,562,0.866,2.9000000000000004,25.990000000000002,-8,780,N/A
2011,2,3,10,30,80,1043,632,0.866,3,22.240000000000002,-7,780,N/A
2011,2,3,11,0,83,1058,686,0.866,3.3000000000000003,22.240000000000002,-6,780,N/A
2011,2,3,11,30,86,1067,723,0.866,3.4000000000000004,20.6,-5,780,N/A
2011,2,3,12,0,87,1072,742,0.866,3.6,20.27,-4,780,N/A
2011,2,3,12,30,87,1071,743,0.866,3.6,18.81,-3,780,N/A
2011,2,3,13,0,85,1065,725,0.866,3.6,19.63,-3,780,N/A
2011,2,3,13,30,83,1054,690,0.866,3.5,19.63,-3,780,N/A
2011,2,3,14,0,80,1037,638,0.866,3.5,20.17,-3,780,N/A
2011,2,3,14,30,76,1013,570,0.866,3.3000000000000003,20.17,-3,780,N/A
2011,2,3,15,0,70,980,488,0.866,3.1,20.63,-3,780,N/A
2011,2,3,15,30,63,933,394,0.866,2.4000000000000004,22.240000000000002,-4,780,N/A
2011,2,3,16,0,54,864,292,0.866,1.8,25.13,-5,780,N/A
2011,2,3,16,30,42,755,184,0.866,1.2000000000000002,29.28,-6,780,N/A
2011,2,3,17,0,27,559,80,0.866,0.7000000000000001,41.21,-8,780,N/A
2011,2,3,17,30,0,0,0,0.866,0.6000000000000001,41.22,-8,780,N/A
2011,2,3,18,0,0,0,0,0.866,0.5,41.95,-9,780,N/A
2011,2,3,18,30,0,0,0,0.866,0.5,41.96,-9,780,N/A
2011,2,3,19,0,0,0,0,0.866,0.5,41.17,-10,780,N/A
2011,2,3,19,30,0,0,0,0.866,0.7000000000000001,41.17,-10,780,N/A
2011,2,3,20,0,0,0,0,0.866,0.9,46.13,-11,780,N/A
2011,2,3,20,30,0,0,0,0.866,0.9,46.13,-11,780,N/A
2011,2,3,21,0,0,0,0,0.866,1,48.01,-11,780,N/A
2011,2,3,21,30,0,0,0,0.866,1,48,-11,780,N/A
2011,2,3,22,0,0,0,0,0.866,1.1,50.72,-11,780,N/A
2011,2,3,22,30,0,0,0,0.866,1.1,50.71,-11,780,N/A
2011,2,3,23,0,0,0,0,0.866,1.2000000000000002,58.13,-11,780,N/A
2011,2,3,23,30,0,0,0,0.866,1.2000000000000002,58.11,-11,780,N/A
2011,2,4,0,0,0,0,0,0.866,1.4000000000000001,61.4,-12,780,N/A
2011,2,4,0,30,0,0,0,0.866,1.5,61.39,-12,780,N/A
2011,2,4,1,0,0,0,0,0.866,1.7000000000000002,65.25,-12,780,N/A
2011,2,4,1,30,0,0,0,0.866,1.8,65.24,-12,780,N/A
2011,2,4,2,0,0,0,0,0.866,1.9000000000000001,68.99,-12,780,N/A
2011,2,4,2,30,0,0,0,0.866,1.9000000000000001,68.98,-12,780,N/A
2011,2,4,3,0,0,0,0,0.866,1.9000000000000001,76.9,-12,780,N/A
2011,2,4,3,30,0,0,0,0.866,1.9000000000000001,76.89,-12,780,N/A
2011,2,4,4,0,0,0,0,0.866,1.9000000000000001,77.25,-13,780,N/A
2011,2,4,4,30,0,0,0,0.866,1.9000000000000001,77.26,-13,780,N/A
2011,2,4,5,0,0,0,0,0.866,2,77.47,-13,780,N/A
2011,2,4,5,30,0,0,0,0.866,2,77.48,-13,780,N/A
2011,2,4,6,0,0,0,0,0.866,2.1,77.77,-13,780,N/A
2011,2,4,6,30,0,0,0,0.866,2.2,71.75,-12,780,N/A
2011,2,4,7,0,0,0,0,0.866,2.4000000000000004,74.60000000000001,-12,780,N/A
2011,2,4,7,30,25,479,63,0.866,2.5,63.620000000000005,-10,780,N/A
2011,2,4,8,0,41,707,164,0.866,2.6,66.48,-8,780,N/A
2011,2,4,8,30,53,828,271,0.866,2.9000000000000004,52.72,-6,780,N/A
2011,2,4,9,0,61,908,374,0.866,3.2,54.2,-4,780,N/A
2011,2,4,9,30,68,959,469,0.866,3.2,46.7,-2,780,N/A
2011,2,4,10,0,73,998,553,0.866,3.2,47.12,-1,780,N/A
2011,2,4,10,30,77,1022,622,0.866,3.1,43.800000000000004,0,780,N/A
2011,2,4,11,0,79,1043,677,0.866,3.1,40.97,1,780,N/A
2011,2,4,11,30,81,1053,714,0.866,3.1,40.95,2,780,N/A
2011,2,4,12,0,81,1060,733,0.866,3.2,36.45,3,780,N/A
2011,2,4,12,30,81,1060,734,0.866,3.1,36.43,3,780,N/A
2011,2,4,13,0,78,1057,718,0.866,3.1,32,4,780,N/A
2011,2,4,13,30,76,1047,683,0.866,3.1,31.990000000000002,4,780,N/A
2011,2,4,14,0,72,1034,632,0.866,3.1,28.400000000000002,4,780,N/A
2011,2,4,14,30,68,1010,565,0.866,3,30.48,4,780,N/A
2011,2,4,15,0,63,978,484,0.866,3,30.830000000000002,4,780,N/A
2011,2,4,15,30,56,931,391,0.866,2.2,33.1,2,780,N/A
2011,2,4,16,0,49,861,290,0.866,1.5,41.25,1,780,N/A
2011,2,4,16,30,39,755,184,0.866,1.5,47.69,0,780,N/A
2011,2,4,17,0,26,562,81,0.866,1.5,50.99,-2,780,N/A
2011,2,4,17,30,0,0,0,0.866,1.5,51,-2,780,N/A
2011,2,4,18,0,0,0,0,0.866,1.6,52.61,-3,780,N/A
2011,2,4,18,30,0,0,0,0.866,1.6,52.620000000000005,-3,780,N/A
2011,2,4,19,0,0,0,0,0.866,1.7000000000000002,51.870000000000005,-4,780,N/A
2011,2,4,19,30,0,0,0,0.866,1.6,51.870000000000005,-4,780,N/A
2011,2,4,20,0,0,0,0,0.866,1.5,53.11,-4,780,N/A
2011,2,4,20,30,0,0,0,0.866,1.3,53.1,-4,780,N/A
2011,2,4,21,0,0,0,0,0.866,1.2000000000000002,55.51,-4,780,N/A
2011,2,4,21,30,0,0,0,0.866,1.1,55.49,-4,780,N/A
2011,2,4,22,0,0,0,0,0.866,1.1,61.32,-5,780,N/A
2011,2,4,22,30,0,0,0,0.866,1.1,61.300000000000004,-5,780,N/A
2011,2,4,23,0,0,0,0,0.866,1.1,67.17,-6,780,N/A
2011,2,4,23,30,0,0,0,0.866,1.1,67.15,-6,780,N/A
2011,2,5,0,0,0,0,0,0.866,1.2000000000000002,74.19,-6,780,N/A
2011,2,5,0,30,0,0,0,0.866,1.2000000000000002,74.18,-6,780,N/A
2011,2,5,1,0,0,0,0,0.866,1.4000000000000001,76.65,-7,780,N/A
2011,2,5,1,30,0,0,0,0.866,1.4000000000000001,76.62,-7,780,N/A
2011,2,5,2,0,0,0,0,0.866,1.4000000000000001,78.98,-7,780,N/A
2011,2,5,2,30,0,0,0,0.866,1.4000000000000001,78.95,-7,780,N/A
2011,2,5,3,0,0,0,0,0.866,1.5,86.47,-7,780,N/A
2011,2,5,3,30,0,0,0,0.866,1.6,86.46000000000001,-7,780,N/A
2011,2,5,4,0,0,0,0,0.866,1.8,86.77,-8,780,N/A
2011,2,5,4,30,0,0,0,0.866,1.7000000000000002,86.76,-8,780,N/A
2011,2,5,5,0,0,0,0,0.866,1.7000000000000002,86.76,-8,780,N/A
2011,2,5,5,30,0,0,0,0.866,1.7000000000000002,86.75,-8,780,N/A
2011,2,5,6,0,0,0,0,0.866,1.7000000000000002,86.66,-8,780,N/A
2011,2,5,6,30,0,0,0,0.866,2,80.19,-7,780,N/A
2011,2,5,7,0,0,0,0,0.866,2.4000000000000004,81.97,-7,780,N/A
2011,2,5,7,30,26,455,63,0.866,2.5,70.36,-5,770,N/A
2011,2,5,8,0,42,679,162,0.866,2.7,70.51,-4,770,N/A
2011,2,5,8,30,54,796,266,0.866,3.4000000000000004,60.75,-2,770,N/A
2011,2,5,9,0,64,864,365,0.866,4.1000000000000005,59.230000000000004,0,770,N/A
2011,2,5,9,30,77,788,409,0.866,4.5,59.21,1,770,N/A
2011,2,5,10,0,119,708,463,0.866,4.9,59.11,2,770,N/A
2011,2,5,10,30,136,727,526,0.866,5,55,2,770,N/A
2011,2,5,11,0,126,804,591,0.866,5.2,52.95,3,770,N/A
2011,2,5,11,30,148,775,617,0.866,5.300000000000001,52.92,3,770,N/A
2011,2,5,12,0,153,779,636,0.866,5.4,49.5,4,770,N/A
2011,2,5,12,30,157,771,636,0.866,5.300000000000001,53.09,4,770,N/A
2011,2,5,13,0,217,17,228,0.866,5.300000000000001,52.89,4,770,N/A
2011,2,5,13,30,277,75,321,0.866,5.2,52.88,3,770,N/A
2011,2,5,14,0,258,84,304,0.866,5.2,52.81,3,770,N/A
2011,2,5,14,30,238,146,311,0.866,5,56.68,2,770,N/A
2011,2,5,15,0,173,403,348,0.866,4.9,56.5,2,770,N/A
2011,2,5,15,30,100,594,316,0.866,4.4,60.69,1,770,N/A
2011,2,5,16,0,102,368,206,0.866,4,59.86,1,770,N/A
2011,2,5,16,30,61,402,139,0.866,3.5,64.36,0,770,N/A
2011,2,5,17,0,31,491,80,0.866,3.1,60.9,0,770,N/A
2011,2,5,17,30,0,0,0,0.866,3.2,60.92,0,770,N/A
2011,2,5,18,0,0,0,0,0.866,3.3000000000000003,62.93,-1,770,N/A
2011,2,5,18,30,0,0,0,0.866,3.3000000000000003,62.93,-1,770,N/A
2011,2,5,19,0,0,0,0,0.866,3.3000000000000003,65.54,-1,770,N/A
2011,2,5,19,30,0,0,0,0.866,2.9000000000000004,65.55,-1,770,N/A
2011,2,5,20,0,0,0,0,0.866,2.6,68.63,-2,770,N/A
2011,2,5,20,30,0,0,0,0.866,2.4000000000000004,68.64,-2,770,N/A
2011,2,5,21,0,0,0,0,0.866,2.2,72.16,-3,770,N/A
2011,2,5,21,30,0,0,0,0.866,2.1,72.17,-3,770,N/A
2011,2,5,22,0,0,0,0,0.866,2.1,70.69,-4,770,N/A
2011,2,5,22,30,0,0,0,0.866,2.3000000000000003,70.69,-4,770,N/A
2011,2,5,23,0,0,0,0,0.866,2.5,74.95,-5,770,N/A
2011,2,5,23,30,0,0,0,0.866,2.8000000000000003,74.95,-5,770,N/A
2011,2,6,0,0,0,0,0,0.866,3.1,79.71000000000001,-5,770,N/A
2011,2,6,0,30,0,0,0,0.866,3.2,79.72,-5,770,N/A
2011,2,6,1,0,0,0,0,0.866,3.3000000000000003,77.92,-6,770,N/A
2011,2,6,1,30,0,0,0,0.866,2.9000000000000004,77.92,-6,770,N/A
2011,2,6,2,0,0,0,0,0.866,2.6,76.31,-6,770,N/A
2011,2,6,2,30,0,0,0,0.866,2.5,76.31,-6,770,N/A
2011,2,6,3,0,0,0,0,0.866,2.4000000000000004,80.45,-6,770,N/A
2011,2,6,3,30,0,0,0,0.866,2.3000000000000003,80.45,-6,770,N/A
2011,2,6,4,0,0,0,0,0.866,2.2,78.68,-7,770,N/A
2011,2,6,4,30,0,0,0,0.866,2,78.69,-7,770,N/A
2011,2,6,5,0,0,0,0,0.866,1.8,77.37,-7,770,N/A
2011,2,6,5,30,0,0,0,0.866,1.6,77.41,-7,770,N/A
2011,2,6,6,0,0,0,0,0.866,1.5,82.91,-7,780,N/A
2011,2,6,6,30,0,0,0,0.866,1.8,76.79,-6,780,N/A
2011,2,6,7,0,0,0,0,0.866,2.1,72.77,-6,780,N/A
2011,2,6,7,30,29,430,66,0.866,2.7,67.47,-5,780,N/A
2011,2,6,8,0,48,651,166,0.866,3.3000000000000003,62.27,-4,780,N/A
2011,2,6,8,30,111,171,158,0.866,3.4000000000000004,57.81,-3,780,N/A
2011,2,6,9,0,75,848,373,0.866,3.5,51.61,-2,780,N/A
2011,2,6,9,30,84,901,468,0.866,3.3000000000000003,47.97,-1,780,N/A
2011,2,6,10,0,92,938,550,0.866,3.1,46.19,-1,780,N/A
2011,2,6,10,30,98,964,620,0.866,2.9000000000000004,46.19,0,780,N/A
2011,2,6,11,0,96,996,675,0.866,2.8000000000000003,43.32,0,780,N/A
2011,2,6,11,30,6,0,6,0.866,2.8000000000000003,40.27,0,780,N/A
2011,2,6,12,0,120,871,663,0.866,2.9000000000000004,37.71,0,780,N/A
2011,2,6,12,30,100,1014,734,0.866,2.9000000000000004,37.71,0,780,N/A
2011,2,6,13,0,99,1010,718,0.866,2.9000000000000004,36.7,0,780,N/A
2011,2,6,13,30,96,1001,685,0.866,2.9000000000000004,36.7,0,780,N/A
2011,2,6,14,0,90,991,635,0.866,3,36.35,0,780,N/A
2011,2,6,14,30,85,968,569,0.866,3,36.36,0,780,N/A
2011,2,6,15,0,86,769,424,0.866,3,39,0,780,N/A
2011,2,6,15,30,71,737,342,0.866,2.5,39.02,0,780,N/A
2011,2,6,16,0,110,309,198,0.866,2,40.24,-1,780,N/A
2011,2,6,16,30,49,703,189,0.866,1.5,43.33,-2,780,N/A
2011,2,6,17,0,32,515,86,0.866,1,51.67,-3,780,N/A
2011,2,6,17,30,0,0,0,0.866,0.9,51.69,-3,780,N/A
2011,2,6,18,0,0,0,0,0.866,0.8,56.72,-4,780,N/A
2011,2,6,18,30,0,0,0,0.866,0.7000000000000001,56.75,-4,780,N/A
2011,2,6,19,0,0,0,0,0.866,0.6000000000000001,58.64,-4,780,N/A
2011,2,6,19,30,0,0,0,0.866,0.5,58.67,-4,780,N/A
2011,2,6,20,0,0,0,0,0.866,0.4,57.96,-5,780,N/A
2011,2,6,20,30,0,0,0,0.866,0.5,57.980000000000004,-5,780,N/A
2011,2,6,21,0,0,0,0,0.866,0.6000000000000001,58.34,-5,780,N/A
2011,2,6,21,30,0,0,0,0.866,0.8,58.36,-5,780,N/A
2011,2,6,22,0,0,0,0,0.866,1.1,64.62,-6,780,N/A
2011,2,6,22,30,0,0,0,0.866,1.1,64.62,-6,780,N/A
2011,2,6,23,0,0,0,0,0.866,1.1,70.18,-7,780,N/A
2011,2,6,23,30,0,0,0,0.866,1.1,70.17,-7,780,N/A
2011,2,7,0,0,0,0,0,0.866,1.1,75.56,-7,780,N/A
2011,2,7,0,30,0,0,0,0.866,0.9,75.56,-7,780,N/A
2011,2,7,1,0,0,0,0,0.866,0.8,80.77,-8,780,N/A
2011,2,7,1,30,0,0,0,0.866,0.7000000000000001,80.76,-8,780,N/A
2011,2,7,2,0,0,0,0,0.866,0.7000000000000001,79.76,-9,780,N/A
2011,2,7,2,30,0,0,0,0.866,0.6000000000000001,79.74,-9,780,N/A
2011,2,7,3,0,0,0,0,0.866,0.6000000000000001,84.31,-10,780,N/A
2011,2,7,3,30,0,0,0,0.866,0.5,84.29,-10,780,N/A
2011,2,7,4,0,0,0,0,0.866,0.4,82.21000000000001,-10,780,N/A
2011,2,7,4,30,0,0,0,0.866,0.4,82.19,-10,780,N/A
2011,2,7,5,0,0,0,0,0.866,0.4,86.29,-10,780,N/A
2011,2,7,5,30,0,0,0,0.866,0.5,86.27,-10,780,N/A
2011,2,7,6,0,0,0,0,0.866,0.7000000000000001,82.09,-11,780,N/A
2011,2,7,6,30,0,0,0,0.866,0.9,75.81,-10,780,N/A
2011,2,7,7,0,0,0,0,0.866,1.2000000000000002,67.8,-9,780,N/A
2011,2,7,7,30,25,525,72,0.866,1.8,58.04,-7,780,N/A
2011,2,7,8,0,38,734,173,0.866,2.4000000000000004,50.42,-5,780,N/A
2011,2,7,8,30,49,840,279,0.866,3,43.34,-3,780,N/A
2011,2,7,9,0,57,907,379,0.866,3.8000000000000003,37.33,-2,780,N/A
2011,2,7,9,30,63,952,472,0.866,4,34.68,-1,780,N/A
2011,2,7,10,0,70,981,553,0.866,4.3,37.74,0,780,N/A
2011,2,7,10,30,74,1004,621,0.866,4.4,35.1,1,780,N/A
2011,2,7,11,0,79,1018,675,0.866,4.5,38.1,2,780,N/A
2011,2,7,11,30,81,1029,712,0.866,4.6000000000000005,38.07,2,780,N/A
2011,2,7,12,0,84,1032,733,0.866,4.800000000000001,39.92,3,780,N/A
2011,2,7,12,30,84,1034,735,0.866,4.9,39.89,3,780,N/A
2011,2,7,13,0,85,1028,720,0.866,5.1000000000000005,40.36,4,780,N/A
2011,2,7,13,30,83,1019,687,0.866,5,40.34,4,780,N/A
2011,2,7,14,0,76,1011,637,0.866,5,42.59,4,780,N/A
2011,2,7,14,30,72,989,571,0.866,4.7,45.68,3,780,N/A
2011,2,7,15,0,69,953,491,0.866,4.5,47.13,3,780,N/A
2011,2,7,15,30,62,910,400,0.866,3.4000000000000004,50.58,2,780,N/A
2011,2,7,16,0,55,840,299,0.866,2.4000000000000004,55.370000000000005,1,780,N/A
2011,2,7,16,30,44,740,194,0.866,1.9000000000000001,59.5,0,780,N/A
2011,2,7,17,0,29,572,91,0.866,1.5,61.99,-1,780,N/A
2011,2,7,17,30,0,0,0,0.866,1.3,61.980000000000004,-1,780,N/A
2011,2,7,18,0,0,0,0,0.866,1.2000000000000002,65.85,-2,780,N/A
2011,2,7,18,30,0,0,0,0.866,1.2000000000000002,65.84,-2,780,N/A
2011,2,7,19,0,0,0,0,0.866,1.2000000000000002,70.46000000000001,-3,780,N/A
2011,2,7,19,30,0,0,0,0.866,1.2000000000000002,70.44,-3,780,N/A
2011,2,7,20,0,0,0,0,0.866,1.2000000000000002,70.03,-3,780,N/A
2011,2,7,20,30,0,0,0,0.866,1.2000000000000002,69.99,-3,770,N/A
2011,2,7,21,0,0,0,0,0.866,1.2000000000000002,74.69,-4,770,N/A
2011,2,7,21,30,0,0,0,0.866,1.2000000000000002,74.65,-4,770,N/A
2011,2,7,22,0,0,0,0,0.866,1.4000000000000001,73.05,-4,770,N/A
2011,2,7,22,30,0,0,0,0.866,1.5,73.01,-4,770,N/A
2011,2,7,23,0,0,0,0,0.866,1.7000000000000002,71.41,-4,770,N/A
2011,2,7,23,30,0,0,0,0.866,1.7000000000000002,71.38,-3,770,N/A
2011,2,8,0,0,0,0,0,0.866,1.8,71.65,-3,770,N/A
2011,2,8,0,30,0,0,0,0.866,1.7000000000000002,71.63,-3,770,N/A
2011,2,8,1,0,0,0,0,0.866,1.6,73.91,-4,770,N/A
2011,2,8,1,30,0,0,0,0.866,1.3,73.89,-4,770,N/A
2011,2,8,2,0,0,0,0,0.866,1.1,81.93,-4,770,N/A
2011,2,8,2,30,0,0,0,0.866,1,81.91,-4,770,N/A
2011,2,8,3,0,0,0,0,0.866,1,83.03,-5,770,N/A
2011,2,8,3,30,0,0,0,0.866,1,83.02,-5,770,N/A
2011,2,8,4,0,0,0,0,0.866,1,83.22,-5,770,N/A
2011,2,8,4,30,0,0,0,0.866,1,83.22,-5,770,N/A
2011,2,8,5,0,0,0,0,0.866,1,81.53,-5,770,N/A
2011,2,8,5,30,0,0,0,0.866,1,81.53,-5,770,N/A
2011,2,8,6,0,0,0,0,0.866,1,79.84,-5,770,N/A
2011,2,8,6,30,0,0,0,0.866,1,74.05,-4,770,N/A
2011,2,8,7,0,0,0,0,0.866,1.1,70.49,-3,770,N/A
2011,2,8,7,30,35,52,39,0.866,1.8,60.83,-1,770,N/A
2011,2,8,8,0,73,133,98,0.866,2.6,56.1,0,770,N/A
2011,2,8,8,30,50,0,50,0.866,3.3000000000000003,52.18,1,770,N/A
2011,2,8,9,0,94,768,370,0.866,4,49.97,2,770,N/A
2011,2,8,9,30,190,67,220,0.866,4.7,49.96,2,770,N/A
2011,2,8,10,0,236,116,293,0.866,5.4,48.300000000000004,3,770,N/A
2011,2,8,10,30,259,294,421,0.866,5.800000000000001,48.28,3,770,N/A
2011,2,8,11,0,275,65,313,0.866,6.2,46.44,4,770,N/A
2011,2,8,11,30,82,0,82,0.866,6.2,49.800000000000004,3,770,N/A
2011,2,8,12,0,324,160,426,0.866,6.300000000000001,51.800000000000004,3,770,N/A
2011,2,8,12,30,244,23,259,0.866,6.1000000000000005,55.6,3,770,N/A
2011,2,8,13,0,313,115,384,0.866,5.9,57.47,3,770,N/A
2011,2,8,13,30,182,10,188,0.866,5.6000000000000005,61.75,2,770,N/A
2011,2,8,14,0,139,3,141,0.866,5.300000000000001,59.92,1,770,N/A
2011,2,8,14,30,113,0,113,0.866,5,64.44,0,770,N/A
2011,2,8,15,0,45,0,45,0.866,4.800000000000001,58.42,0,770,N/A
2011,2,8,15,30,67,0,67,0.866,4.2,58.46,0,770,N/A
2011,2,8,16,0,98,440,228,0.866,3.6,55.4,-1,770,N/A
2011,2,8,16,30,82,116,106,0.866,2.7,59.67,-2,770,N/A
2011,2,8,17,0,43,61,50,0.866,1.8,61.63,-4,770,N/A
2011,2,8,17,30,0,0,0,0.866,1.6,66.49,-4,770,N/A
2011,2,8,18,0,0,0,0,0.866,1.5,66.4,-5,770,N/A
2011,2,8,18,30,0,0,0,0.866,1.3,66.43,-5,770,N/A
2011,2,8,19,0,0,0,0,0.866,1.2000000000000002,63.33,-6,770,N/A
2011,2,8,19,30,0,0,0,0.866,1,63.35,-6,780,N/A
2011,2,8,20,0,0,0,0,0.866,0.8,66.76,-7,780,N/A
2011,2,8,20,30,0,0,0,0.866,0.6000000000000001,66.78,-7,780,N/A
2011,2,8,21,0,0,0,0,0.866,0.5,66.34,-7,780,N/A
2011,2,8,21,30,0,0,0,0.866,0.30000000000000004,66.36,-7,780,N/A
2011,2,8,22,0,0,0,0,0.866,0.2,67.13,-7,780,N/A
2011,2,8,22,30,0,0,0,0.866,0.5,67.15,-7,780,N/A
2011,2,8,23,0,0,0,0,0.866,0.8,69.63,-8,780,N/A
2011,2,8,23,30,0,0,0,0.866,0.9,69.65,-8,780,N/A
2011,2,9,0,0,0,0,0,0.866,1,71.99,-9,780,N/A
2011,2,9,0,30,0,0,0,0.866,1.1,72.01,-9,780,N/A
2011,2,9,1,0,0,0,0,0.866,1.2000000000000002,67.65,-10,780,N/A
2011,2,9,1,30,0,0,0,0.866,1.2000000000000002,67.66,-10,780,N/A
2011,2,9,2,0,0,0,0,0.866,1.4000000000000001,68.63,-11,780,N/A
2011,2,9,2,30,0,0,0,0.866,1.4000000000000001,68.63,-11,780,N/A
2011,2,9,3,0,0,0,0,0.866,1.4000000000000001,64.64,-11,780,N/A
2011,2,9,3,30,0,0,0,0.866,1.1,64.65,-11,780,N/A
2011,2,9,4,0,0,0,0,0.866,0.9,66.44,-12,780,N/A
2011,2,9,4,30,0,0,0,0.866,0.7000000000000001,66.46000000000001,-12,780,N/A
2011,2,9,5,0,0,0,0,0.866,0.6000000000000001,68.77,-12,780,N/A
2011,2,9,5,30,0,0,0,0.866,0.6000000000000001,68.79,-12,780,N/A
2011,2,9,6,0,0,0,0,0.866,0.6000000000000001,65.09,-13,780,N/A
2011,2,9,6,30,0,0,0,0.866,0.8,60.06,-12,780,N/A
2011,2,9,7,0,0,0,0,0.866,1,57.22,-12,780,N/A
2011,2,9,7,30,35,96,44,0.866,1,48.81,-10,780,N/A
2011,2,9,8,0,74,155,104,0.866,1,45.61,-9,780,N/A
2011,2,9,8,30,58,858,299,0.866,0.7000000000000001,42.2,-8,780,N/A
2011,2,9,9,0,125,465,294,0.866,0.4,40.79,-7,780,N/A
2011,2,9,9,30,154,498,371,0.866,0.6000000000000001,37.79,-6,780,N/A
2011,2,9,10,0,212,382,404,0.866,0.8,35.09,-5,780,N/A
2011,2,9,10,30,260,294,423,0.866,1.1,32.54,-4,780,N/A
2011,2,9,11,0,123,826,614,0.866,1.5,32.29,-3,780,N/A
2011,2,9,11,30,99,931,678,0.866,1.8,29.96,-2,780,N/A
2011,2,9,12,0,89,1068,770,0.866,2.1,29.79,-2,780,N/A
2011,2,9,12,30,89,1070,772,0.866,2.2,27.650000000000002,-2,780,N/A
2011,2,9,13,0,88,1067,756,0.866,2.4000000000000004,27.14,-2,780,N/A
2011,2,9,13,30,85,1060,722,0.866,2.4000000000000004,27.13,-1,780,N/A
2011,2,9,14,0,80,1052,672,0.866,2.4000000000000004,26.45,-1,780,N/A
2011,2,9,14,30,75,1032,605,0.866,2.3000000000000003,26.45,-1,780,N/A
2011,2,9,15,0,70,1005,523,0.866,2.2,25.88,-2,780,N/A
2011,2,9,15,30,63,964,429,0.866,1.9000000000000001,25.88,-2,780,N/A
2011,2,9,16,0,55,905,325,0.866,1.6,28.09,-3,780,N/A
2011,2,9,16,30,44,810,215,0.866,1.2000000000000002,30.27,-4,780,N/A
2011,2,9,17,0,28,644,103,0.153,0.9,41.21,-6,780,N/A
2011,2,9,17,30,0,0,0,0.153,0.9,41.22,-6,780,N/A
2011,2,9,18,0,0,0,0,0.153,0.9,43.22,-7,780,N/A
2011,2,9,18,30,0,0,0,0.153,0.8,43.22,-7,780,N/A
2011,2,9,19,0,0,0,0,0.153,0.8,44.47,-8,780,N/A
2011,2,9,19,30,0,0,0,0.153,0.7000000000000001,44.47,-8,780,N/A
2011,2,9,20,0,0,0,0,0.153,0.7000000000000001,46.2,-8,780,N/A
2011,2,9,20,30,0,0,0,0.153,0.6000000000000001,46.19,-8,780,N/A
2011,2,9,21,0,0,0,0,0.153,0.6000000000000001,46.02,-9,780,N/A
2011,2,9,21,30,0,0,0,0.153,0.5,46.02,-9,780,N/A
2011,2,9,22,0,0,0,0,0.153,0.5,49.08,-10,780,N/A
2011,2,9,22,30,0,0,0,0.153,0.4,49.07,-10,780,N/A
2011,2,9,23,0,0,0,0,0.153,0.4,51.33,-11,780,N/A
2011,2,9,23,30,0,0,0,0.153,0.4,51.31,-11,780,N/A
2011,2,10,0,0,0,0,0,0.153,0.5,54.95,-11,780,N/A
2011,2,10,0,30,0,0,0,0.153,0.6000000000000001,54.93,-11,780,N/A
2011,2,10,1,0,0,0,0,0.153,0.8,54.21,-12,780,N/A
2011,2,10,1,30,0,0,0,0.153,0.9,54.19,-12,780,N/A
2011,2,10,2,0,0,0,0,0.153,1,57.54,-13,780,N/A
2011,2,10,2,30,0,0,0,0.153,1,57.52,-13,780,N/A
2011,2,10,3,0,0,0,0,0.153,1.1,60.730000000000004,-14,780,N/A
2011,2,10,3,30,0,0,0,0.153,1.1,60.71,-14,780,N/A
2011,2,10,4,0,0,0,0,0.153,1.1,64.24,-14,780,N/A
2011,2,10,4,30,0,0,0,0.153,1.1,64.24,-14,780,N/A
2011,2,10,5,0,0,0,0,0.153,1.2000000000000002,62.84,-15,780,N/A
2011,2,10,5,30,0,0,0,0.153,1.2000000000000002,62.84,-15,780,N/A
2011,2,10,6,0,0,0,0,0.153,1.4000000000000001,61.800000000000004,-15,780,N/A
2011,2,10,6,30,0,0,0,0.153,1.7000000000000002,52.47,-13,780,N/A
2011,2,10,7,0,0,0,0,0.153,2,50.04,-12,780,N/A
2011,2,10,7,30,26,614,87,0.153,2.4000000000000004,42.67,-10,780,N/A
2011,2,10,8,0,38,807,195,0.153,2.9000000000000004,40.96,-8,780,N/A
2011,2,10,8,30,46,909,304,0.153,3.2,35.07,-6,780,N/A
2011,2,10,9,0,51,971,408,0.153,3.6,27.63,-5,780,N/A
2011,2,10,9,30,56,1013,502,0.153,3.7,23.78,-3,780,N/A
2011,2,10,10,0,59,1041,585,0.153,3.9000000000000004,21.69,-2,780,N/A
2011,2,10,10,30,62,1061,653,0.153,3.9000000000000004,20.150000000000002,-1,780,N/A
2011,2,10,11,0,66,1070,706,0.153,4,19.87,0,780,N/A
2011,2,10,11,30,67,1079,743,0.153,4,19.86,0,780,N/A
2011,2,10,12,0,68,1081,762,0.153,4.1000000000000005,20.25,1,780,N/A
2011,2,10,12,30,68,1081,763,0.153,4,20.240000000000002,1,780,N/A
2011,2,10,13,0,68,1076,746,0.153,4,20.72,2,780,N/A
2011,2,10,13,30,67,1066,712,0.153,3.8000000000000003,20.71,2,780,N/A
2011,2,10,14,0,64,1054,662,0.153,3.7,22.8,2,780,N/A
2011,2,10,14,30,61,1032,595,0.153,3.4000000000000004,24.490000000000002,2,780,N/A
2011,2,10,15,0,58,1002,514,0.153,3.2,26.52,2,780,N/A
2011,2,10,15,30,54,961,422,0.153,2.4000000000000004,28.51,1,780,N/A
2011,2,10,16,0,48,899,320,0.153,1.6,33.5,0,780,N/A
2011,2,10,16,30,41,804,213,0.153,1.4000000000000001,38.78,-2,780,N/A
2011,2,10,17,0,29,641,106,0.153,1.2000000000000002,44.84,-4,780,N/A
2011,2,10,17,30,11,278,17,0.153,1.2000000000000002,48.370000000000005,-4,780,N/A
2011,2,10,18,0,0,0,0,0.153,1.3,48.71,-5,780,N/A
2011,2,10,18,30,0,0,0,0.153,1.3,48.730000000000004,-6,780,N/A
2011,2,10,19,0,0,0,0,0.153,1.3,50.52,-7,780,N/A
2011,2,10,19,30,0,0,0,0.153,1.3,50.53,-7,780,N/A
2011,2,10,20,0,0,0,0,0.153,1.4000000000000001,52.870000000000005,-7,780,N/A
2011,2,10,20,30,0,0,0,0.153,1.3,52.88,-7,780,N/A
2011,2,10,21,0,0,0,0,0.153,1.3,55.800000000000004,-8,780,N/A
2011,2,10,21,30,0,0,0,0.153,1.2000000000000002,55.81,-8,780,N/A
2011,2,10,22,0,0,0,0,0.153,1.2000000000000002,54.57,-9,780,N/A
2011,2,10,22,30,0,0,0,0.153,1.2000000000000002,54.58,-9,780,N/A
2011,2,10,23,0,0,0,0,0.153,1.2000000000000002,58.2,-10,780,N/A
2011,2,10,23,30,0,0,0,0.153,1.2000000000000002,58.21,-10,780,N/A
2011,2,11,0,0,0,0,0,0.153,1.3,62.75,-10,780,N/A
2011,2,11,0,30,0,0,0,0.153,1.3,62.75,-10,780,N/A
2011,2,11,1,0,0,0,0,0.153,1.4000000000000001,63.2,-11,780,N/A
2011,2,11,1,30,0,0,0,0.153,1.5,63.190000000000005,-11,780,N/A
2011,2,11,2,0,0,0,0,0.153,1.6,63.72,-11,780,N/A
2011,2,11,2,30,0,0,0,0.153,1.7000000000000002,63.71,-11,780,N/A
2011,2,11,3,0,0,0,0,0.153,1.8,64.23,-11,780,N/A
2011,2,11,3,30,0,0,0,0.153,1.9000000000000001,64.22,-11,780,N/A
2011,2,11,4,0,0,0,0,0.153,2,64.35,-11,780,N/A
2011,2,11,4,30,0,0,0,0.153,2.1,64.35,-11,780,N/A
2011,2,11,5,0,0,0,0,0.153,2.2,63.92,-11,780,N/A
2011,2,11,5,30,0,0,0,0.153,2.2,63.940000000000005,-11,780,N/A
2011,2,11,6,0,0,0,0,0.153,2.2,68.60000000000001,-11,780,N/A
2011,2,11,6,30,0,0,0,0.153,2.7,58.52,-10,780,N/A
2011,2,11,7,0,0,0,0,0.153,3.2,56.02,-9,780,N/A
2011,2,11,7,30,26,611,89,0.153,3.2,47.99,-7,780,N/A
2011,2,11,8,0,38,797,196,0.153,3.2,45.25,-5,780,N/A
2011,2,11,8,30,45,897,304,0.153,3.3000000000000003,38.96,-2,780,N/A
2011,2,11,9,0,51,959,407,0.153,3.5,36.160000000000004,0,780,N/A
2011,2,11,9,30,55,1000,500,0.153,3.6,33.63,1,780,N/A
2011,2,11,10,0,59,1028,582,0.153,3.8000000000000003,30.330000000000002,3,780,N/A
2011,2,11,10,30,61,1048,650,0.153,3.7,28.26,4,780,N/A
2011,2,11,11,0,66,1054,702,0.153,3.6,27.310000000000002,5,780,N/A
2011,2,11,11,30,68,1062,738,0.153,3.4000000000000004,25.46,5,780,N/A
2011,2,11,12,0,68,1067,756,0.153,3.3000000000000003,23.76,6,780,N/A
2011,2,11,12,30,68,1066,758,0.153,3.2,23.76,6,780,N/A
2011,2,11,13,0,66,1063,741,0.153,3.1,22.14,7,780,N/A
2011,2,11,13,30,65,1054,708,0.153,2.8000000000000003,22.14,7,780,N/A
2011,2,11,14,0,69,1026,655,0.153,2.6,22.35,7,780,N/A
2011,2,11,14,30,66,1005,590,0.153,2.1,23.94,6,780,N/A
2011,2,11,15,0,63,976,511,0.153,1.7000000000000002,26.19,6,780,N/A
2011,2,11,15,30,58,933,420,0.153,1.3,30.1,4,780,N/A
2011,2,11,16,0,52,872,319,0.153,1,44.49,3,780,N/A
2011,2,11,16,30,44,776,213,0.153,1.1,51.33,1,780,N/A
2011,2,11,17,0,31,613,107,0.153,1.3,39.6,0,780,N/A
2011,2,11,17,30,13,254,19,0.153,1.2000000000000002,39.62,0,790,N/A
2011,2,11,18,0,0,0,0,0.153,1.2000000000000002,38.51,0,790,N/A
2011,2,11,18,30,0,0,0,0.153,1.1,38.52,0,790,N/A
2011,2,11,19,0,0,0,0,0.153,1.1,41.36,-1,790,N/A
2011,2,11,19,30,0,0,0,0.153,1,41.38,-1,790,N/A
2011,2,11,20,0,0,0,0,0.153,1,44.35,-2,790,N/A
2011,2,11,20,30,0,0,0,0.153,1,44.36,-2,790,N/A
2011,2,11,21,0,0,0,0,0.153,1,44.24,-2,790,N/A
2011,2,11,21,30,0,0,0,0.153,1,44.25,-2,790,N/A
2011,2,11,22,0,0,0,0,0.153,1,47.550000000000004,-3,790,N/A
2011,2,11,22,30,0,0,0,0.153,1,47.56,-3,790,N/A
2011,2,11,23,0,0,0,0,0.153,1,52.27,-4,790,N/A
2011,2,11,23,30,0,0,0,0.153,1.1,52.28,-4,790,N/A
2011,2,12,0,0,0,0,0,0.153,1.2000000000000002,57.44,-5,790,N/A
2011,2,12,0,30,0,0,0,0.153,1.2000000000000002,57.43,-5,790,N/A
2011,2,12,1,0,0,0,0,0.153,1.4000000000000001,61.85,-6,790,N/A
2011,2,12,1,30,0,0,0,0.153,1.5,61.83,-6,790,N/A
2011,2,12,2,0,0,0,0,0.153,1.6,66.24,-6,790,N/A
2011,2,12,2,30,0,0,0,0.153,1.6,66.23,-6,790,N/A
2011,2,12,3,0,0,0,0,0.153,1.7000000000000002,65.48,-7,790,N/A
2011,2,12,3,30,0,0,0,0.153,1.7000000000000002,65.48,-7,790,N/A
2011,2,12,4,0,0,0,0,0.153,1.8,69.69,-7,790,N/A
2011,2,12,4,30,0,0,0,0.153,1.7000000000000002,69.69,-7,790,N/A
2011,2,12,5,0,0,0,0,0.153,1.7000000000000002,68.7,-8,790,N/A
2011,2,12,5,30,0,0,0,0.153,1.8,68.71000000000001,-8,790,N/A
2011,2,12,6,0,0,0,0,0.153,1.9000000000000001,68.36,-8,790,N/A
2011,2,12,6,30,0,0,0,0.153,2.3000000000000003,63.28,-6,790,N/A
2011,2,12,7,0,0,0,0,0.153,2.7,60.730000000000004,-5,790,N/A
2011,2,12,7,30,27,602,91,0.153,2.7,52.22,-3,790,N/A
2011,2,12,8,0,38,785,197,0.153,2.8000000000000003,47.79,-2,790,N/A
2011,2,12,8,30,46,882,304,0.153,2.8000000000000003,41.29,0,790,N/A
2011,2,12,9,0,52,941,405,0.153,2.8000000000000003,37.69,1,790,N/A
2011,2,12,9,30,56,980,496,0.153,3.2,35.09,3,790,N/A
2011,2,12,10,0,59,1007,576,0.153,3.6,26.8,5,790,N/A
2011,2,12,10,30,62,1026,642,0.153,3.7,24.98,6,790,N/A
2011,2,12,11,0,70,1023,691,0.153,3.9000000000000004,19.73,7,790,N/A
2011,2,12,11,30,72,1031,726,0.153,4,19.73,7,790,N/A
2011,2,12,12,0,69,1041,746,0.153,4.1000000000000005,17.87,8,790,N/A
2011,2,12,12,30,69,1040,746,0.153,4.1000000000000005,17.86,8,790,N/A
2011,2,12,13,0,67,1038,730,0.153,4.2,18.45,9,790,N/A
2011,2,12,13,30,66,1028,697,0.153,4.1000000000000005,18.45,9,790,N/A
2011,2,12,14,0,62,1017,648,0.153,4.1000000000000005,19.81,9,790,N/A
2011,2,12,14,30,60,996,583,0.153,3.7,21.2,8,790,N/A
2011,2,12,15,0,57,967,505,0.153,3.4000000000000004,23.53,8,790,N/A
2011,2,12,15,30,53,926,415,0.153,2.5,27.01,6,790,N/A
2011,2,12,16,0,47,868,316,0.153,1.6,36.95,4,790,N/A
2011,2,12,16,30,40,776,212,0.153,1.6,42.58,2,790,N/A
2011,2,12,17,0,30,619,108,0.153,1.6,45.9,0,790,N/A
2011,2,12,17,30,13,295,21,0.153,1.6,45.910000000000004,0,790,N/A
2011,2,12,18,0,0,0,0,0.153,1.6,48.33,-1,790,N/A
2011,2,12,18,30,0,0,0,0.153,1.6,48.33,-1,790,N/A
2011,2,12,19,0,0,0,0,0.153,1.6,52.35,-1,790,N/A
2011,2,12,19,30,0,0,0,0.153,1.6,52.35,-1,790,N/A
2011,2,12,20,0,0,0,0,0.153,1.6,52.53,-2,790,N/A
2011,2,12,20,30,0,0,0,0.153,1.6,52.53,-2,790,N/A
2011,2,12,21,0,0,0,0,0.153,1.6,52.65,-2,790,N/A
2011,2,12,21,30,0,0,0,0.153,1.6,52.65,-2,790,N/A
2011,2,12,22,0,0,0,0,0.153,1.6,57.11,-2,790,N/A
2011,2,12,22,30,0,0,0,0.153,1.5,57.1,-2,790,N/A
2011,2,12,23,0,0,0,0,0.153,1.5,57.67,-3,790,N/A
2011,2,12,23,30,0,0,0,0.153,1.5,57.660000000000004,-3,790,N/A
2011,2,13,0,0,0,0,0,0.153,1.5,58.06,-3,790,N/A
2011,2,13,0,30,0,0,0,0.153,1.5,58.04,-3,790,N/A
2011,2,13,1,0,0,0,0,0.153,1.5,62.690000000000005,-3,790,N/A
2011,2,13,1,30,0,0,0,0.153,1.5,62.660000000000004,-3,790,N/A
2011,2,13,2,0,0,0,0,0.153,1.6,62.46,-3,790,N/A
2011,2,13,2,30,0,0,0,0.153,1.6,62.440000000000005,-3,790,N/A
2011,2,13,3,0,0,0,0,0.153,1.6,61.96,-3,790,N/A
2011,2,13,3,30,0,0,0,0.153,1.6,61.940000000000005,-3,790,N/A
2011,2,13,4,0,0,0,0,0.153,1.6,61.32,-3,790,N/A
2011,2,13,4,30,0,0,0,0.153,1.6,61.31,-3,790,N/A
2011,2,13,5,0,0,0,0,0.153,1.6,60.43,-3,790,N/A
2011,2,13,5,30,0,0,0,0.153,1.5,60.42,-3,790,N/A
2011,2,13,6,0,0,0,0,0.153,1.5,59.39,-3,780,N/A
2011,2,13,6,30,0,0,0,0.153,1.8,51.18,-2,780,N/A
2011,2,13,7,0,0,0,0,0.153,2.2,48.870000000000005,-1,790,N/A
2011,2,13,7,30,26,618,94,0.153,2.5,45.44,0,790,N/A
2011,2,13,8,0,35,797,200,0.153,2.9000000000000004,40.56,2,790,N/A
2011,2,13,8,30,42,890,306,0.153,2.9000000000000004,35.21,4,790,N/A
2011,2,13,9,0,46,949,406,0.153,2.9000000000000004,31.62,6,790,N/A
2011,2,13,9,30,50,988,498,0.153,3.3000000000000003,29.51,7,790,N/A
2011,2,13,10,0,53,1015,578,0.153,3.7,25.330000000000002,9,790,N/A
2011,2,13,10,30,55,1034,645,0.153,3.8000000000000003,23.68,10,780,N/A
2011,2,13,11,0,93,962,681,0.153,4,22.67,11,780,N/A
2011,2,13,11,30,95,974,718,0.153,4.1000000000000005,22.66,12,780,N/A
2011,2,13,12,0,95,982,738,0.153,4.2,21.69,13,780,N/A
2011,2,13,12,30,96,984,741,0.153,4.3,21.68,13,780,N/A
2011,2,13,13,0,92,987,727,0.153,4.4,20.52,13,780,N/A
2011,2,13,13,30,91,978,696,0.153,4.4,20.51,13,780,N/A
2011,2,13,14,0,73,1004,656,0.153,4.4,20.68,13,780,N/A
2011,2,13,14,30,71,985,592,0.153,3.9000000000000004,22.07,12,780,N/A
2011,2,13,15,0,65,962,515,0.153,3.5,24.16,12,780,N/A
2011,2,13,15,30,60,922,425,0.153,2.6,29.55,9,780,N/A
2011,2,13,16,0,53,868,326,0.153,1.8,37.56,7,780,N/A
2011,2,13,16,30,45,775,220,0.153,1.8,46.32,4,780,N/A
2011,2,13,17,0,32,641,115,0.153,1.8,48.61,1,780,N/A
2011,2,13,17,30,24,0,24,0.153,1.8,52.27,0,780,N/A
2011,2,13,18,0,0,0,0,0.153,1.8,50.1,0,780,N/A
2011,2,13,18,30,0,0,0,0.153,1.7000000000000002,50.120000000000005,0,780,N/A
2011,2,13,19,0,0,0,0,0.153,1.7000000000000002,48.93,0,780,N/A
2011,2,13,19,30,0,0,0,0.153,1.6,48.95,0,780,N/A
2011,2,13,20,0,0,0,0,0.153,1.6,51.480000000000004,0,780,N/A
2011,2,13,20,30,0,0,0,0.153,1.6,51.49,0,790,N/A
2011,2,13,21,0,0,0,0,0.153,1.6,50.97,-1,790,N/A
2011,2,13,21,30,0,0,0,0.153,1.6,50.97,-1,790,N/A
2011,2,13,22,0,0,0,0,0.153,1.7000000000000002,50.480000000000004,-1,790,N/A
2011,2,13,22,30,0,0,0,0.153,1.7000000000000002,46.94,0,790,N/A
2011,2,13,23,0,0,0,0,0.153,1.7000000000000002,47.81,0,790,N/A
2011,2,13,23,30,0,0,0,0.153,1.7000000000000002,47.800000000000004,0,790,N/A
2011,2,14,0,0,0,0,0,0.153,1.7000000000000002,49.44,0,790,N/A
2011,2,14,0,30,0,0,0,0.153,1.6,49.44,0,790,N/A
2011,2,14,1,0,0,0,0,0.153,1.6,51.15,0,790,N/A
2011,2,14,1,30,0,0,0,0.153,1.6,51.15,0,790,N/A
2011,2,14,2,0,0,0,0,0.153,1.6,52.550000000000004,0,790,N/A
2011,2,14,2,30,0,0,0,0.153,1.6,52.550000000000004,0,790,N/A
2011,2,14,3,0,0,0,0,0.153,1.7000000000000002,53.24,0,790,N/A
2011,2,14,3,30,0,0,0,0.153,1.8,53.25,0,790,N/A
2011,2,14,4,0,0,0,0,0.153,1.9000000000000001,52.32,0,790,N/A
2011,2,14,4,30,0,0,0,0.153,1.9000000000000001,52.34,0,790,N/A
2011,2,14,5,0,0,0,0,0.153,2,50.79,0,790,N/A
2011,2,14,5,30,0,0,0,0.153,2.1,50.81,0,790,N/A
2011,2,14,6,0,0,0,0,0.153,2.3000000000000003,49.65,0,790,N/A
2011,2,14,6,30,0,0,0,0.153,2.8000000000000003,49.660000000000004,1,790,N/A
2011,2,14,7,0,0,0,0,0.153,3.4000000000000004,45.57,2,790,N/A
2011,2,14,7,30,40,28,44,0.153,3.7,42.43,3,790,N/A
2011,2,14,8,0,82,58,94,0.153,4,36.53,4,790,N/A
2011,2,14,8,30,124,67,145,0.153,3.9000000000000004,34.06,5,790,N/A
2011,2,14,9,0,55,903,401,0.153,3.9000000000000004,30.89,7,790,N/A
2011,2,14,9,30,59,947,493,0.153,3.6,28.85,8,790,N/A
2011,2,14,10,0,63,978,573,0.153,3.4000000000000004,27.79,9,790,N/A
2011,2,14,10,30,185,617,540,0.153,3.2,27.78,10,790,N/A
2011,2,14,11,0,227,547,563,0.153,3,26.41,11,790,N/A
2011,2,14,11,30,135,843,678,0.153,3,26.39,11,790,N/A
2011,2,14,12,0,281,35,305,0.153,3.1,24.54,12,790,N/A
2011,2,14,12,30,193,719,667,0.153,3.2,24.53,12,780,N/A
2011,2,14,13,0,67,1031,735,0.153,3.4000000000000004,22.21,12,780,N/A
2011,2,14,13,30,66,1023,703,0.153,3.4000000000000004,22.21,12,780,N/A
2011,2,14,14,0,70,995,652,0.153,3.5,21.35,12,780,N/A
2011,2,14,14,30,68,975,588,0.153,3.3000000000000003,22.8,11,780,N/A
2011,2,14,15,0,65,944,510,0.153,3.2,22.2,11,780,N/A
2011,2,14,15,30,60,903,421,0.153,2.3000000000000003,25.37,9,780,N/A
2011,2,14,16,0,54,839,321,0.153,1.4000000000000001,33.06,8,780,N/A
2011,2,14,16,30,46,744,217,0.153,1.3,40.63,5,780,N/A
2011,2,14,17,0,33,595,113,0.153,1.3,42.77,3,780,N/A
2011,2,14,17,30,15,276,24,0.153,1.3,45.92,2,780,N/A
2011,2,14,18,0,0,0,0,0.153,1.4000000000000001,41.71,2,780,N/A
2011,2,14,18,30,0,0,0,0.153,1.3,44.81,1,780,N/A
2011,2,14,19,0,0,0,0,0.153,1.3,42.86,1,780,N/A
2011,2,14,19,30,0,0,0,0.153,1.3,42.86,1,780,N/A
2011,2,14,20,0,0,0,0,0.153,1.3,41.660000000000004,1,780,N/A
2011,2,14,20,30,0,0,0,0.153,1.3,44.77,0,780,N/A
2011,2,14,21,0,0,0,0,0.153,1.3,43.45,0,780,N/A
2011,2,14,21,30,0,0,0,0.153,1.2000000000000002,43.44,0,780,N/A
2011,2,14,22,0,0,0,0,0.153,1.1,42.300000000000004,0,780,N/A
2011,2,14,22,30,0,0,0,0.153,1.1,42.29,0,780,N/A
2011,2,14,23,0,0,0,0,0.153,1.2000000000000002,41.87,0,780,N/A
2011,2,14,23,30,0,0,0,0.153,1.2000000000000002,41.86,0,780,N/A
2011,2,15,0,0,0,0,0,0.153,1.4000000000000001,41.36,0,780,N/A
2011,2,15,0,30,0,0,0,0.153,1.4000000000000001,41.35,0,780,N/A
2011,2,15,1,0,0,0,0,0.153,1.4000000000000001,44.58,0,780,N/A
2011,2,15,1,30,0,0,0,0.153,1.4000000000000001,44.57,0,780,N/A
2011,2,15,2,0,0,0,0,0.153,1.5,45.51,-1,780,N/A
2011,2,15,2,30,0,0,0,0.153,1.6,45.51,-1,780,N/A
2011,2,15,3,0,0,0,0,0.153,1.7000000000000002,46.85,-1,780,N/A
2011,2,15,3,30,0,0,0,0.153,1.7000000000000002,46.85,-1,780,N/A
2011,2,15,4,0,0,0,0,0.153,1.8,47.94,-1,780,N/A
2011,2,15,4,30,0,0,0,0.153,1.8,47.95,-1,780,N/A
2011,2,15,5,0,0,0,0,0.153,1.9000000000000001,48.57,-1,780,N/A
2011,2,15,5,30,0,0,0,0.153,1.8,48.57,-1,780,N/A
2011,2,15,6,0,0,0,0,0.153,1.8,52.550000000000004,-1,780,N/A
2011,2,15,6,30,0,0,0,0.153,1.9000000000000001,45.410000000000004,0,780,N/A
2011,2,15,7,0,0,0,0,0.153,2,44.97,1,780,N/A
2011,2,15,7,30,29,634,103,0.153,2.4000000000000004,39,3,780,N/A
2011,2,15,8,0,40,805,212,0.153,2.8000000000000003,32.7,5,780,N/A
2011,2,15,8,30,47,900,321,0.153,2.9000000000000004,30.52,7,780,N/A
2011,2,15,9,0,52,961,425,0.153,3,23.26,9,780,N/A
2011,2,15,9,30,56,1001,518,0.153,3.2,21.740000000000002,10,780,N/A
2011,2,15,10,0,59,1028,600,0.153,3.5,17.31,11,780,N/A
2011,2,15,10,30,62,1047,668,0.153,3.3000000000000003,17.3,12,780,N/A
2011,2,15,11,0,75,1034,716,0.153,3.2,15.6,13,780,N/A
2011,2,15,11,30,77,1042,752,0.153,3,15.59,13,780,N/A
2011,2,15,12,0,83,1034,768,0.153,2.8000000000000003,14.16,14,780,N/A
2011,2,15,12,30,83,1033,769,0.153,2.5,14.15,14,780,N/A
2011,2,15,13,0,85,1019,751,0.153,2.2,12.89,14,780,N/A
2011,2,15,13,30,210,631,605,0.153,2,13.75,13,780,N/A
2011,2,15,14,0,185,640,562,0.153,1.9000000000000001,13.98,13,780,N/A
2011,2,15,14,30,164,627,501,0.153,1.7000000000000002,14.92,12,780,N/A
2011,2,15,15,0,195,396,383,0.153,1.5,20.330000000000002,12,780,N/A
2011,2,15,15,30,145,457,330,0.153,1.2000000000000002,23.240000000000002,10,780,N/A
2011,2,15,16,0,123,338,232,0.153,0.9,35.01,8,780,N/A
2011,2,15,16,30,35,0,35,0.153,0.8,40.14,6,780,N/A
2011,2,15,17,0,18,0,18,0.153,0.8,34.45,5,780,N/A
2011,2,15,17,30,4,0,4,0.153,0.8,36.95,4,780,N/A
2011,2,15,18,0,0,0,0,0.153,0.8,32.18,4,780,N/A
2011,2,15,18,30,0,0,0,0.153,0.7000000000000001,34.53,3,780,N/A
2011,2,15,19,0,0,0,0,0.153,0.7000000000000001,31.78,3,780,N/A
2011,2,15,19,30,0,0,0,0.153,0.6000000000000001,31.78,3,780,N/A
2011,2,15,20,0,0,0,0,0.153,0.5,29.91,3,780,N/A
2011,2,15,20,30,0,0,0,0.153,0.5,32.11,3,780,N/A
2011,2,15,21,0,0,0,0,0.153,0.6000000000000001,31.21,3,780,N/A
2011,2,15,21,30,0,0,0,0.153,0.6000000000000001,31.21,2,780,N/A
2011,2,15,22,0,0,0,0,0.153,0.7000000000000001,31.18,2,780,N/A
2011,2,15,22,30,0,0,0,0.153,0.7000000000000001,33.480000000000004,2,780,N/A
2011,2,15,23,0,0,0,0,0.153,0.8,33.57,2,780,N/A
2011,2,15,23,30,0,0,0,0.153,0.8,33.56,1,780,N/A
2011,2,16,0,0,0,0,0,0.153,0.8,33.8,1,780,N/A
2011,2,16,0,30,0,0,0,0.153,0.8,36.32,1,780,N/A
2011,2,16,1,0,0,0,0,0.153,0.8,37.050000000000004,1,780,N/A
2011,2,16,1,30,0,0,0,0.153,0.7000000000000001,37.04,1,780,N/A
2011,2,16,2,0,0,0,0,0.153,0.7000000000000001,37.81,1,780,N/A
2011,2,16,2,30,0,0,0,0.153,0.6000000000000001,37.800000000000004,0,780,N/A
2011,2,16,3,0,0,0,0,0.153,0.6000000000000001,38.22,0,780,N/A
2011,2,16,3,30,0,0,0,0.153,0.6000000000000001,38.22,0,780,N/A
2011,2,16,4,0,0,0,0,0.153,0.6000000000000001,38.07,0,780,N/A
2011,2,16,4,30,0,0,0,0.153,0.6000000000000001,38.07,0,780,N/A
2011,2,16,5,0,0,0,0,0.153,0.6000000000000001,38.18,0,780,N/A
2011,2,16,5,30,0,0,0,0.153,0.6000000000000001,38.18,0,780,N/A
2011,2,16,6,0,0,0,0,0.153,0.7000000000000001,39.01,0,780,N/A
2011,2,16,6,30,0,0,0,0.153,0.7000000000000001,36.29,1,780,N/A
2011,2,16,7,0,8,0,8,0.153,0.7000000000000001,41.74,3,780,N/A
2011,2,16,7,30,45,76,54,0.153,1,36.24,5,780,N/A
2011,2,16,8,0,87,111,111,0.153,1.3,27.560000000000002,7,780,N/A
2011,2,16,8,30,19,0,19,0.153,1.6,25.73,8,780,N/A
2011,2,16,9,0,169,70,197,0.153,1.9000000000000001,22.07,10,780,N/A
2011,2,16,9,30,154,8,158,0.153,2.5,20.64,11,780,N/A
2011,2,16,10,0,198,20,209,0.153,3.3000000000000003,19.98,12,780,N/A
2011,2,16,10,30,291,174,393,0.153,3.6,19.97,12,780,N/A
2011,2,16,11,0,198,662,611,0.153,3.9000000000000004,19.54,13,780,N/A
2011,2,16,11,30,312,344,537,0.153,4,19.53,13,780,N/A
2011,2,16,12,0,312,353,548,0.153,4.1000000000000005,19.18,13,780,N/A
2011,2,16,12,30,271,508,611,0.153,4.1000000000000005,19.17,13,780,N/A
2011,2,16,13,0,77,995,730,0.153,4.3,20.400000000000002,14,780,N/A
2011,2,16,13,30,233,566,590,0.153,4.2,20.39,14,780,N/A
2011,2,16,14,0,216,543,538,0.153,4.2,21.990000000000002,14,780,N/A
2011,2,16,14,30,233,394,447,0.153,4,21.990000000000002,13,780,N/A
2011,2,16,15,0,198,395,388,0.153,3.8000000000000003,23.53,13,780,N/A
2011,2,16,15,30,153,428,327,0.153,2.7,25.11,12,780,N/A
2011,2,16,16,0,140,167,195,0.153,1.7000000000000002,32.49,11,780,N/A
2011,2,16,16,30,68,488,183,0.153,1.6,39.72,8,780,N/A
2011,2,16,17,0,35,575,116,0.153,1.6,49.32,5,780,N/A
2011,2,16,17,30,16,276,27,0.153,1.8,52.9,4,780,N/A
2011,2,16,18,0,0,0,0,0.153,2,55.85,4,780,N/A
2011,2,16,18,30,0,0,0,0.153,2.1,55.86,4,780,N/A
2011,2,16,19,0,0,0,0,0.153,2.2,56.43,4,780,N/A
2011,2,16,19,30,0,0,0,0.153,2,56.43,3,780,N/A
2011,2,16,20,0,0,0,0,0.153,1.9000000000000001,56.74,3,780,N/A
2011,2,16,20,30,0,0,0,0.153,1.7000000000000002,60.910000000000004,2,780,N/A
2011,2,16,21,0,0,0,0,0.153,1.6,65.45,2,780,N/A
2011,2,16,21,30,0,0,0,0.153,1.5,70.34,1,780,N/A
2011,2,16,22,0,0,0,0,0.153,1.5,70.2,1,780,N/A
2011,2,16,22,30,0,0,0,0.153,1.5,70.19,1,780,N/A
2011,2,16,23,0,0,0,0,0.153,1.5,66.04,1,780,N/A
2011,2,16,23,30,0,0,0,0.153,1.4000000000000001,70.99,1,780,N/A
2011,2,17,0,0,0,0,0,0.153,1.3,72.49,1,780,N/A
2011,2,17,0,30,0,0,0,0.153,1.2000000000000002,72.48,0,780,N/A
2011,2,17,1,0,0,0,0,0.153,1.2000000000000002,74.14,0,780,N/A
2011,2,17,1,30,0,0,0,0.153,1.1,74.13,0,780,N/A
2011,2,17,2,0,0,0,0,0.153,1.1,76.91,0,780,N/A
2011,2,17,2,30,0,0,0,0.153,1.1,76.89,0,780,N/A
2011,2,17,3,0,0,0,0,0.153,1.2000000000000002,81.46000000000001,0,780,N/A
2011,2,17,3,30,0,0,0,0.153,1.2000000000000002,81.46000000000001,0,780,N/A
2011,2,17,4,0,0,0,0,0.153,1.4000000000000001,85.97,0,780,N/A
2011,2,17,4,30,0,0,0,0.153,1.3,85.98,0,780,N/A
2011,2,17,5,0,0,0,0,0.153,1.3,88.4,0,780,N/A
2011,2,17,5,30,0,0,0,0.153,1.3,88.42,0,780,N/A
2011,2,17,6,0,0,0,0,0.153,1.3,90.17,0,780,N/A
2011,2,17,6,30,0,0,0,0.153,1.3,83.92,1,780,N/A
2011,2,17,7,0,14,0,14,0.153,1.4000000000000001,80.10000000000001,2,780,N/A
2011,2,17,7,30,43,309,82,0.153,2.1,74.63,3,780,N/A
2011,2,17,8,0,66,446,165,0.153,2.9000000000000004,64.62,5,780,N/A
2011,2,17,8,30,52,842,316,0.153,3.6,60.300000000000004,6,780,N/A
2011,2,17,9,0,157,370,303,0.153,4.4,52.53,7,780,N/A
2011,2,17,9,30,148,568,416,0.153,4.800000000000001,52.53,7,780,N/A
2011,2,17,10,0,215,29,231,0.153,5.2,44.06,8,780,N/A
2011,2,17,10,30,136,781,596,0.153,5.300000000000001,44.06,8,780,N/A
2011,2,17,11,0,81,994,706,0.153,5.5,37.68,9,780,N/A
2011,2,17,11,30,82,1004,742,0.153,5.6000000000000005,37.67,9,780,N/A
2011,2,17,12,0,334,87,392,0.153,5.7,32.18,10,780,N/A
2011,2,17,12,30,333,90,393,0.153,5.800000000000001,32.17,10,780,N/A
2011,2,17,13,0,84,1002,746,0.153,6,27.310000000000002,11,780,N/A
2011,2,17,13,30,82,993,713,0.153,6,27.3,11,780,N/A
2011,2,17,14,0,69,1005,670,0.153,6,24.77,11,780,N/A
2011,2,17,14,30,67,986,605,0.153,5.800000000000001,26.47,10,780,N/A
2011,2,17,15,0,62,962,528,0.153,5.7,24.580000000000002,10,780,N/A
2011,2,17,15,30,58,923,438,0.153,4.9,26.29,9,780,N/A
2011,2,17,16,0,51,871,339,0.153,4.1000000000000005,26.22,9,780,N/A
2011,2,17,16,30,44,785,233,0.153,2.9000000000000004,32.18,6,780,N/A
2011,2,17,17,0,33,638,126,0.149,1.8,43.52,4,780,N/A
2011,2,17,17,30,17,345,32,0.149,1.7000000000000002,46.74,2,780,N/A
2011,2,17,18,0,0,0,0,0.149,1.6,50.120000000000005,1,780,N/A
2011,2,17,18,30,0,0,0,0.149,1.6,53.89,0,780,N/A
2011,2,17,19,0,0,0,0,0.149,1.6,52.49,0,780,N/A
2011,2,17,19,30,0,0,0,0.149,1.5,52.5,0,780,N/A
2011,2,17,20,0,0,0,0,0.149,1.5,55.03,0,780,N/A
2011,2,17,20,30,0,0,0,0.149,1.4000000000000001,55.04,0,780,N/A
2011,2,17,21,0,0,0,0,0.149,1.4000000000000001,53.58,-1,780,N/A
2011,2,17,21,30,0,0,0,0.149,1.4000000000000001,53.6,-1,780,N/A
2011,2,17,22,0,0,0,0,0.149,1.4000000000000001,56.34,-2,780,N/A
2011,2,17,22,30,0,0,0,0.149,1.4000000000000001,56.35,-2,780,N/A
2011,2,17,23,0,0,0,0,0.149,1.4000000000000001,55.39,-2,780,N/A
2011,2,17,23,30,0,0,0,0.149,1.4000000000000001,55.4,-2,780,N/A
2011,2,18,0,0,0,0,0,0.149,1.4000000000000001,55.01,-2,780,N/A
2011,2,18,0,30,0,0,0,0.149,1.4000000000000001,55.01,-1,780,N/A
2011,2,18,1,0,0,0,0,0.149,1.4000000000000001,54.89,-1,780,N/A
2011,2,18,1,30,0,0,0,0.149,1.2000000000000002,50.99,-1,780,N/A
2011,2,18,2,0,0,0,0,0.149,1.2000000000000002,50.9,-1,780,N/A
2011,2,18,2,30,0,0,0,0.149,1,47.32,0,780,N/A
2011,2,18,3,0,0,0,0,0.149,0.9,47.68,0,780,N/A
2011,2,18,3,30,0,0,0,0.149,0.6000000000000001,47.68,0,780,N/A
2011,2,18,4,0,0,0,0,0.149,0.30000000000000004,48.050000000000004,0,780,N/A
2011,2,18,4,30,0,0,0,0.149,0.30000000000000004,48.06,0,780,N/A
2011,2,18,5,0,0,0,0,0.149,0.4,49.230000000000004,0,780,N/A
2011,2,18,5,30,0,0,0,0.149,0.7000000000000001,49.24,0,780,N/A
2011,2,18,6,0,0,0,0,0.149,1,50.800000000000004,0,780,N/A
2011,2,18,6,30,0,0,0,0.149,1,47.28,1,780,N/A
2011,2,18,7,0,20,0,20,0.149,1,53.76,2,780,N/A
2011,2,18,7,30,33,582,108,0.149,1.7000000000000002,46.69,4,780,N/A
2011,2,18,8,0,44,752,214,0.149,2.4000000000000004,38.12,6,780,N/A
2011,2,18,8,30,52,846,320,0.149,3.1,35.59,7,780,N/A
2011,2,18,9,0,57,910,422,0.149,3.9000000000000004,31.400000000000002,9,780,N/A
2011,2,18,9,30,62,950,513,0.149,4.3,29.36,10,780,N/A
2011,2,18,10,0,64,981,593,0.149,4.7,28.48,11,780,N/A
2011,2,18,10,30,67,999,659,0.149,4.800000000000001,28.47,11,780,N/A
2011,2,18,11,0,78,990,706,0.149,5,27.42,12,780,N/A
2011,2,18,11,30,80,998,740,0.149,5,27.41,12,780,N/A
2011,2,18,12,0,81,1000,758,0.149,5.1000000000000005,28.43,13,780,N/A
2011,2,18,12,30,327,359,571,0.149,5,28.42,13,780,N/A
2011,2,18,13,0,303,385,559,0.149,5,27.75,13,780,N/A
2011,2,18,13,30,324,224,468,0.149,4.9,27.740000000000002,13,780,N/A
2011,2,18,14,0,243,29,260,0.149,4.800000000000001,28.73,13,780,N/A
2011,2,18,14,30,219,28,235,0.149,4.6000000000000005,28.72,13,780,N/A
2011,2,18,15,0,206,372,388,0.149,4.6000000000000005,30.080000000000002,13,780,N/A
2011,2,18,15,30,169,366,321,0.149,3.7,32.12,12,780,N/A
2011,2,18,16,0,134,295,232,0.149,2.8000000000000003,37.910000000000004,11,780,N/A
2011,2,18,16,30,96,257,159,0.149,2.3000000000000003,43.34,9,780,N/A
2011,2,18,17,0,45,369,100,0.149,1.9000000000000001,53.79,7,780,N/A
2011,2,18,17,30,26,0,26,0.149,1.9000000000000001,57.63,6,780,N/A
2011,2,18,18,0,0,0,0,0.149,1.9000000000000001,63.06,5,780,N/A
2011,2,18,18,30,0,0,0,0.149,1.8,67.64,4,780,N/A
2011,2,18,19,0,0,0,0,0.149,1.8,67.52,4,780,N/A
2011,2,18,19,30,0,0,0,0.149,1.7000000000000002,72.46000000000001,3,780,N/A
2011,2,18,20,0,0,0,0,0.149,1.6,70.48,3,780,N/A
2011,2,18,20,30,0,0,0,0.149,1.5,75.67,2,780,N/A
2011,2,18,21,0,0,0,0,0.149,1.4000000000000001,71.61,2,780,N/A
2011,2,18,21,30,0,0,0,0.149,1.3,71.60000000000001,2,780,N/A
2011,2,18,22,0,0,0,0,0.149,1.3,66.48,2,780,N/A
2011,2,18,22,30,0,0,0,0.149,1.2000000000000002,71.41,2,780,N/A
2011,2,18,23,0,0,0,0,0.149,1.2000000000000002,66.05,2,780,N/A
2011,2,18,23,30,0,0,0,0.149,1.1,66.04,2,780,N/A
2011,2,19,0,0,0,0,0,0.149,1,61.71,2,780,N/A
2011,2,19,0,30,0,0,0,0.149,0.9,61.71,1,780,N/A
2011,2,19,1,0,0,0,0,0.149,0.9,59.19,1,780,N/A
2011,2,19,1,30,0,0,0,0.149,0.8,59.19,1,780,N/A
2011,2,19,2,0,0,0,0,0.149,0.8,57.96,1,780,N/A
2011,2,19,2,30,0,0,0,0.149,0.8,57.95,1,780,N/A
2011,2,19,3,0,0,0,0,0.149,0.8,57.21,1,780,N/A
2011,2,19,3,30,0,0,0,0.149,0.7000000000000001,57.2,1,780,N/A
2011,2,19,4,0,0,0,0,0.149,0.6000000000000001,53.26,2,780,N/A
2011,2,19,4,30,0,0,0,0.149,0.6000000000000001,53.25,2,780,N/A
2011,2,19,5,0,0,0,0,0.149,0.7000000000000001,53.57,3,780,N/A
2011,2,19,5,30,0,0,0,0.149,0.9,53.56,2,780,N/A
2011,2,19,6,0,0,0,0,0.149,1.1,55.15,2,780,N/A
2011,2,19,6,30,0,0,0,0.149,1,51.370000000000005,3,780,N/A
2011,2,19,7,0,8,0,8,0.149,1,58.02,4,780,N/A
2011,2,19,7,30,40,0,40,0.149,1.7000000000000002,50.480000000000004,6,780,N/A
2011,2,19,8,0,79,0,79,0.149,2.4000000000000004,46.57,8,780,N/A
2011,2,19,8,30,123,25,131,0.149,3.2,40.7,10,780,N/A
2011,2,19,9,0,178,84,213,0.149,4.1000000000000005,41.800000000000004,12,780,N/A
2011,2,19,9,30,226,171,308,0.149,4.800000000000001,41.78,12,780,N/A
2011,2,19,10,0,248,65,283,0.149,5.6000000000000005,41.35,13,780,N/A
2011,2,19,10,30,285,302,465,0.149,6,41.33,14,780,N/A
2011,2,19,11,0,304,337,519,0.149,6.4,37.89,15,780,N/A
2011,2,19,11,30,263,534,619,0.149,6.6000000000000005,37.85,15,780,N/A
2011,2,19,12,0,287,466,605,0.149,6.9,33.61,15,780,N/A
2011,2,19,12,30,287,468,607,0.149,7,33.58,15,780,N/A
2011,2,19,13,0,272,502,609,0.149,7.2,31.470000000000002,16,780,N/A
2011,2,19,13,30,247,543,597,0.149,7.300000000000001,31.45,15,780,N/A
2011,2,19,14,0,209,572,556,0.149,7.4,29.34,15,780,N/A
2011,2,19,14,30,251,334,436,0.149,7.300000000000001,31.28,15,780,N/A
2011,2,19,15,0,217,331,379,0.149,7.300000000000001,29.66,15,780,N/A
2011,2,19,15,30,178,326,315,0.149,6.800000000000001,31.650000000000002,14,780,N/A
2011,2,19,16,0,88,603,291,0.149,6.300000000000001,31.34,13,770,N/A
2011,2,19,16,30,3,0,3,0.149,5.300000000000001,35.730000000000004,11,770,N/A
2011,2,19,17,0,44,0,44,0.149,4.4,39.18,10,770,N/A
2011,2,19,17,30,12,0,12,0.149,4.1000000000000005,41.89,9,770,N/A
2011,2,19,18,0,0,0,0,0.149,3.8000000000000003,45.93,8,770,N/A
2011,2,19,18,30,0,0,0,0.149,3.5,49.160000000000004,7,770,N/A
2011,2,19,19,0,0,0,0,0.149,3.2,55.02,7,770,N/A
2011,2,19,19,30,0,0,0,0.149,3.1,58.95,6,770,N/A
2011,2,19,20,0,0,0,0,0.149,3,61.63,6,770,N/A
2011,2,19,20,30,0,0,0,0.149,3.3000000000000003,61.63,5,770,N/A
2011,2,19,21,0,0,0,0,0.149,3.7,63.52,5,770,N/A
2011,2,19,21,30,0,0,0,0.149,3.9000000000000004,68.1,5,770,N/A
2011,2,19,22,0,0,0,0,0.149,4.1000000000000005,69.04,5,770,N/A
2011,2,19,22,30,0,0,0,0.149,4.1000000000000005,74.06,4,770,N/A
2011,2,19,23,0,0,0,0,0.149,4.1000000000000005,74.72,3,770,N/A
2011,2,19,23,30,0,0,0,0.149,3.7,80.2,2,770,N/A
2011,2,20,0,0,0,0,0,0.149,3.4000000000000004,82.21000000000001,2,770,N/A
2011,2,20,0,30,0,0,0,0.149,3,88.3,1,770,N/A
2011,2,20,1,0,0,0,0,0.149,2.8000000000000003,96.11,1,770,N/A
2011,2,20,1,30,0,0,0,0.149,2.7,96.09,0,770,N/A
2011,2,20,2,0,0,0,0,0.149,2.7,92.01,0,770,N/A
2011,2,20,2,30,0,0,0,0.149,2.9000000000000004,92,0,770,N/A
2011,2,20,3,0,0,0,0,0.149,3.1,83.83,0,770,N/A
2011,2,20,3,30,0,0,0,0.149,3.1,83.82000000000001,0,770,N/A
2011,2,20,4,0,0,0,0,0.149,3.1,80.68,-1,770,N/A
2011,2,20,4,30,0,0,0,0.149,3.1,80.68,-1,770,N/A
2011,2,20,5,0,0,0,0,0.149,3.1,79.34,-2,770,N/A
2011,2,20,5,30,0,0,0,0.149,3,79.34,-2,770,N/A
2011,2,20,6,0,0,0,0,0.149,3,79.41,-3,770,N/A
2011,2,20,6,30,0,0,0,0.149,3.4000000000000004,73.75,-2,770,N/A
2011,2,20,7,0,9,0,9,0.149,3.8000000000000003,66.38,-1,770,N/A
2011,2,20,7,30,41,0,41,0.149,4.2,61.730000000000004,0,770,N/A
2011,2,20,8,0,78,0,78,0.149,4.7,57.35,0,770,N/A
2011,2,20,8,30,28,0,28,0.149,5,53.36,1,770,N/A
2011,2,20,9,0,160,28,172,0.149,5.300000000000001,45.39,2,770,N/A
2011,2,20,9,30,224,96,271,0.149,5.5,45.39,2,770,N/A
2011,2,20,10,0,232,39,254,0.149,5.7,41.18,3,770,N/A
2011,2,20,10,30,295,99,354,0.149,5.800000000000001,41.18,3,770,N/A
2011,2,20,11,0,328,205,460,0.149,5.9,39.02,4,770,N/A
2011,2,20,11,30,251,591,648,0.149,5.9,39,4,770,N/A
2011,2,20,12,0,248,604,663,0.149,6,37.050000000000004,5,770,N/A
2011,2,20,12,30,275,550,653,0.149,6,37.04,5,770,N/A
2011,2,20,13,0,293,436,588,0.149,6,37.62,5,770,N/A
2011,2,20,13,30,255,525,595,0.149,5.9,37.61,5,770,N/A
2011,2,20,14,0,304,237,449,0.149,5.9,38.01,5,770,N/A
2011,2,20,14,30,119,0,119,0.149,5.7,40.75,5,770,N/A
2011,2,20,15,0,214,48,238,0.149,5.5,41.09,5,770,N/A
2011,2,20,15,30,192,104,236,0.149,5,44.09,4,770,N/A
2011,2,20,16,0,149,141,197,0.149,4.5,45,3,770,N/A
2011,2,20,16,30,97,34,105,0.149,3.5,51.910000000000004,2,770,N/A
2011,2,20,17,0,57,37,63,0.149,2.5,58.42,1,770,N/A
2011,2,20,17,30,18,0,18,0.149,2.4000000000000004,58.44,0,770,N/A
2011,2,20,18,0,0,0,0,0.149,2.4000000000000004,60.57,0,770,N/A
2011,2,20,18,30,0,0,0,0.149,2.3000000000000003,60.59,0,770,N/A
2011,2,20,19,0,0,0,0,0.149,2.3000000000000003,67.11,-1,770,N/A
2011,2,20,19,30,0,0,0,0.149,2.3000000000000003,67.12,-1,770,N/A
2011,2,20,20,0,0,0,0,0.149,2.3000000000000003,73.84,-2,770,N/A
2011,2,20,20,30,0,0,0,0.149,2.4000000000000004,73.84,-2,770,N/A
2011,2,20,21,0,0,0,0,0.149,2.5,80.77,-2,770,N/A
2011,2,20,21,30,0,0,0,0.149,2.5,80.77,-2,770,N/A
2011,2,20,22,0,0,0,0,0.149,2.6,81.07000000000001,-3,770,N/A
2011,2,20,22,30,0,0,0,0.149,2.5,81.07000000000001,-3,770,N/A
2011,2,20,23,0,0,0,0,0.149,2.5,86.27,-3,770,N/A
2011,2,20,23,30,0,0,0,0.149,2.4000000000000004,86.28,-3,770,N/A
2011,2,21,0,0,0,0,0,0.149,2.3000000000000003,83.41,-4,770,N/A
2011,2,21,0,30,0,0,0,0.149,2.2,83.42,-4,770,N/A
2011,2,21,1,0,0,0,0,0.149,2.2,84.27,-5,770,N/A
2011,2,21,1,30,0,0,0,0.149,2,84.26,-5,770,N/A
2011,2,21,2,0,0,0,0,0.149,1.9000000000000001,83.60000000000001,-6,770,N/A
2011,2,21,2,30,0,0,0,0.149,1.8,83.60000000000001,-6,770,N/A
2011,2,21,3,0,0,0,0,0.149,1.8,77.04,-6,770,N/A
2011,2,21,3,30,0,0,0,0.149,1.8,77.05,-6,770,N/A
2011,2,21,4,0,0,0,0,0.149,1.8,72.75,-6,770,N/A
2011,2,21,4,30,0,0,0,0.149,1.8,72.77,-6,770,N/A
2011,2,21,5,0,0,0,0,0.149,1.8,70.93,-6,770,N/A
2011,2,21,5,30,0,0,0,0.149,1.8,70.94,-6,770,N/A
2011,2,21,6,0,0,0,0,0.149,1.8,70.12,-6,770,N/A
2011,2,21,6,30,0,0,0,0.149,2.4000000000000004,65.01,-5,770,N/A
2011,2,21,7,0,16,374,31,0.149,3.1,59.65,-4,780,N/A
2011,2,21,7,30,33,679,129,0.149,3.5,51.42,-2,780,N/A
2011,2,21,8,0,42,833,241,0.149,3.9000000000000004,42.72,-1,780,N/A
2011,2,21,8,30,49,917,352,0.149,3.7,39.730000000000004,0,780,N/A
2011,2,21,9,0,54,973,457,0.149,3.6,30.91,1,780,N/A
2011,2,21,9,30,58,1010,551,0.149,3.1,28.78,2,780,N/A
2011,2,21,10,0,61,1035,634,0.149,2.7,23.89,3,780,N/A
2011,2,21,10,30,63,1052,702,0.149,2.4000000000000004,22.27,4,780,N/A
2011,2,21,11,0,70,1054,752,0.149,2.1,19.490000000000002,5,780,N/A
2011,2,21,11,30,71,1061,787,0.149,2.2,19.490000000000002,5,780,N/A
2011,2,21,12,0,71,1064,805,0.149,2.4000000000000004,17.34,6,780,N/A
2011,2,21,12,30,278,549,658,0.149,2.7,17.330000000000002,6,780,N/A
2011,2,21,13,0,270,544,640,0.149,3,17.19,7,770,N/A
2011,2,21,13,30,68,1049,754,0.149,3.1,17.19,6,770,N/A
2011,2,21,14,0,67,1034,702,0.149,3.3000000000000003,17.42,6,770,N/A
2011,2,21,14,30,65,1015,636,0.149,3.2,18.67,5,770,N/A
2011,2,21,15,0,61,989,556,0.149,3.2,19.17,5,770,N/A
2011,2,21,15,30,195,196,279,0.149,2.7,20.56,4,780,N/A
2011,2,21,16,0,83,638,303,0.149,2.3000000000000003,24.16,4,780,N/A
2011,2,21,16,30,5,0,5,0.149,1.7000000000000002,27.87,2,780,N/A
2011,2,21,17,0,59,165,85,0.149,1.1,38.96,0,780,N/A
2011,2,21,17,30,19,411,43,0.149,1.1,38.97,-1,780,N/A
2011,2,21,18,0,0,0,0,0.149,1.1,40.32,-2,780,N/A
2011,2,21,18,30,0,0,0,0.149,1.1,40.33,-2,780,N/A
2011,2,21,19,0,0,0,0,0.149,1.2000000000000002,43.15,-3,780,N/A
2011,2,21,19,30,0,0,0,0.149,1.2000000000000002,43.160000000000004,-3,780,N/A
2011,2,21,20,0,0,0,0,0.149,1.2000000000000002,43.06,-3,780,N/A
2011,2,21,20,30,0,0,0,0.149,1.1,43.06,-3,780,N/A
2011,2,21,21,0,0,0,0,0.149,1.1,42.75,-3,780,N/A
2011,2,21,21,30,0,0,0,0.149,1.1,42.75,-3,780,N/A
2011,2,21,22,0,0,0,0,0.149,1.1,42.25,-3,780,N/A
2011,2,21,22,30,0,0,0,0.149,1.1,42.25,-3,780,N/A
2011,2,21,23,0,0,0,0,0.149,1.1,41.76,-3,780,N/A
2011,2,21,23,30,0,0,0,0.149,1,41.76,-2,780,N/A
2011,2,22,0,0,0,0,0,0.149,0.9,43.51,-2,780,N/A
2011,2,22,0,30,0,0,0,0.149,0.8,40.39,-2,780,N/A
2011,2,22,1,0,0,0,0,0.149,0.7000000000000001,41.56,-2,780,N/A
2011,2,22,1,30,0,0,0,0.149,0.5,41.56,-2,780,N/A
2011,2,22,2,0,0,0,0,0.149,0.4,42.86,-2,780,N/A
2011,2,22,2,30,0,0,0,0.149,0.30000000000000004,42.85,-1,780,N/A
2011,2,22,3,0,0,0,0,0.149,0.2,44.77,-1,780,N/A
2011,2,22,3,30,0,0,0,0.149,0.2,44.78,-1,780,N/A
2011,2,22,4,0,0,0,0,0.149,0.30000000000000004,44.800000000000004,-2,780,N/A
2011,2,22,4,30,0,0,0,0.149,0.30000000000000004,44.800000000000004,-2,780,N/A
2011,2,22,5,0,0,0,0,0.149,0.4,43.65,-2,780,N/A
2011,2,22,5,30,0,0,0,0.149,0.4,43.660000000000004,-2,780,N/A
2011,2,22,6,0,0,0,0,0.149,0.5,44.29,-2,780,N/A
2011,2,22,6,30,0,0,0,0.149,0.5,41.17,-1,780,N/A
2011,2,22,7,0,17,355,33,0.149,0.6000000000000001,42.83,0,780,N/A
2011,2,22,7,30,34,650,129,0.149,1.2000000000000002,39.86,1,780,N/A
2011,2,22,8,0,44,800,239,0.149,1.9000000000000001,31.66,3,780,N/A
2011,2,22,8,30,51,887,348,0.149,2.3000000000000003,29.51,4,780,N/A
2011,2,22,9,0,57,944,452,0.149,2.8000000000000003,27.52,5,780,N/A
2011,2,22,9,30,61,983,546,0.149,3,25.67,6,780,N/A
2011,2,22,10,0,64,1012,629,0.149,3.2,22.89,7,780,N/A
2011,2,22,10,30,67,1031,697,0.149,3.4000000000000004,22.89,7,780,N/A
2011,2,22,11,0,77,1027,747,0.149,3.6,20.77,8,780,N/A
2011,2,22,11,30,78,1036,783,0.149,3.8000000000000003,20.76,8,780,N/A
2011,2,22,12,0,79,1040,802,0.149,4,19.150000000000002,9,780,N/A
2011,2,22,12,30,79,1040,804,0.149,4,19.150000000000002,9,780,N/A
2011,2,22,13,0,78,1037,787,0.149,4,19.2,9,780,N/A
2011,2,22,13,30,77,1028,753,0.149,3.9000000000000004,19.19,9,780,N/A
2011,2,22,14,0,74,1017,703,0.149,3.8000000000000003,19.26,9,780,N/A
2011,2,22,14,30,71,998,637,0.149,3.5,20.61,8,780,N/A
2011,2,22,15,0,68,970,557,0.149,3.3000000000000003,20.69,8,780,N/A
2011,2,22,15,30,63,931,465,0.149,2.5,22.14,7,780,N/A
2011,2,22,16,0,57,874,362,0.149,1.7000000000000002,27.45,7,780,N/A
2011,2,22,16,30,49,790,254,0.149,1.2000000000000002,33.84,4,780,N/A
2011,2,22,17,0,38,657,145,0.149,0.8,41.13,2,780,N/A
2011,2,22,17,30,21,392,45,0.149,0.6000000000000001,41.13,1,780,N/A
2011,2,22,18,0,0,0,0,0.149,0.4,36.69,1,780,N/A
2011,2,22,18,30,0,0,0,0.149,0.30000000000000004,39.43,1,780,N/A
2011,2,22,19,0,0,0,0,0.149,0.30000000000000004,38.660000000000004,1,780,N/A
2011,2,22,19,30,0,0,0,0.149,0.30000000000000004,38.660000000000004,0,780,N/A
2011,2,22,20,0,0,0,0,0.149,0.4,38.58,0,780,N/A
2011,2,22,20,30,0,0,0,0.149,0.6000000000000001,38.58,0,780,N/A
2011,2,22,21,0,0,0,0,0.149,0.8,38.82,0,780,N/A
2011,2,22,21,30,0,0,0,0.149,0.9,38.82,0,780,N/A
2011,2,22,22,0,0,0,0,0.149,1.1,42.12,0,780,N/A
2011,2,22,22,30,0,0,0,0.149,1.1,42.12,0,780,N/A
2011,2,22,23,0,0,0,0,0.149,1.2000000000000002,42.550000000000004,-1,780,N/A
2011,2,22,23,30,0,0,0,0.149,1.2000000000000002,42.550000000000004,-1,780,N/A
2011,2,23,0,0,0,0,0,0.149,1.3,45.9,-1,780,N/A
2011,2,23,0,30,0,0,0,0.149,1.3,45.9,-1,780,N/A
2011,2,23,1,0,0,0,0,0.149,1.3,45.7,-2,780,N/A
2011,2,23,1,30,0,0,0,0.149,1.3,45.7,-2,780,N/A
2011,2,23,2,0,0,0,0,0.149,1.3,45.7,-2,780,N/A
2011,2,23,2,30,0,0,0,0.149,1.3,45.7,-2,780,N/A
2011,2,23,3,0,0,0,0,0.149,1.3,45.96,-2,780,N/A
2011,2,23,3,30,0,0,0,0.149,1.3,45.96,-2,780,N/A
2011,2,23,4,0,0,0,0,0.149,1.3,49.910000000000004,-2,780,N/A
2011,2,23,4,30,0,0,0,0.149,1.3,49.92,-2,780,N/A
2011,2,23,5,0,0,0,0,0.149,1.3,50.49,-2,780,N/A
2011,2,23,5,30,0,0,0,0.149,1.3,50.49,-2,780,N/A
2011,2,23,6,0,0,0,0,0.149,1.3,51.77,-2,780,N/A
2011,2,23,6,30,0,0,0,0.149,1.2000000000000002,44.68,-1,780,N/A
2011,2,23,7,0,18,374,36,0.149,1.2000000000000002,46.83,0,780,N/A
2011,2,23,7,30,35,665,135,0.149,1.6,43.57,2,780,N/A
2011,2,23,8,0,45,815,247,0.149,2.1,34.05,4,780,N/A
2011,2,23,8,30,53,901,358,0.149,2.6,31.73,5,780,N/A
2011,2,23,9,0,58,958,463,0.149,3.2,23.66,6,780,N/A
2011,2,23,9,30,62,996,559,0.149,3.4000000000000004,23.66,7,780,N/A
2011,2,23,10,0,66,1024,642,0.149,3.7,20.19,8,780,N/A
2011,2,23,10,30,68,1043,711,0.149,3.8000000000000003,20.19,8,780,N/A
2011,2,23,11,0,74,1047,762,0.149,3.9000000000000004,18.400000000000002,9,780,N/A
2011,2,23,11,30,76,1055,799,0.149,3.9000000000000004,18.39,9,780,N/A
2011,2,23,12,0,76,1059,817,0.149,4,17.09,10,780,N/A
2011,2,23,12,30,76,1059,818,0.149,3.9000000000000004,17.080000000000002,10,780,N/A
2011,2,23,13,0,76,1054,801,0.149,3.9000000000000004,17.03,10,780,N/A
2011,2,23,13,30,75,1045,767,0.149,3.8000000000000003,17.03,10,780,N/A
2011,2,23,14,0,73,1032,715,0.149,3.7,17.04,10,770,N/A
2011,2,23,14,30,70,1012,648,0.149,3.4000000000000004,17.03,9,770,N/A
2011,2,23,15,0,66,988,568,0.149,3.2,17.240000000000002,9,770,N/A
2011,2,23,15,30,61,949,474,0.149,2.5,18.44,8,770,N/A
2011,2,23,16,0,55,897,371,0.149,1.8,23.73,7,770,N/A
2011,2,23,16,30,47,814,261,0.149,1.4000000000000001,29.21,4,770,N/A
2011,2,23,17,0,37,679,150,0.149,1.1,41.36,1,770,N/A
2011,2,23,17,30,21,420,49,0.149,1.2000000000000002,44.45,0,770,N/A
2011,2,23,18,0,0,0,0,0.149,1.4000000000000001,40.11,0,770,N/A
2011,2,23,18,30,0,0,0,0.149,1.4000000000000001,40.11,0,770,N/A
2011,2,23,19,0,0,0,0,0.149,1.5,41.44,0,770,N/A
2011,2,23,19,30,0,0,0,0.149,1.6,41.44,0,770,N/A
2011,2,23,20,0,0,0,0,0.149,1.7000000000000002,45.410000000000004,-1,770,N/A
2011,2,23,20,30,0,0,0,0.149,1.6,45.410000000000004,-1,770,N/A
2011,2,23,21,0,0,0,0,0.149,1.6,48.49,-1,770,N/A
2011,2,23,21,30,0,0,0,0.149,1.5,48.49,-1,770,N/A
2011,2,23,22,0,0,0,0,0.149,1.4000000000000001,54.18,-2,770,N/A
2011,2,23,22,30,0,0,0,0.149,1.4000000000000001,54.18,-2,770,N/A
2011,2,23,23,0,0,0,0,0.149,1.4000000000000001,54.67,-2,770,N/A
2011,2,23,23,30,0,0,0,0.149,1.4000000000000001,54.660000000000004,-2,770,N/A
2011,2,24,0,0,0,0,0,0.149,1.5,56,-2,770,N/A
2011,2,24,0,30,0,0,0,0.149,1.5,55.99,-2,770,N/A
2011,2,24,1,0,0,0,0,0.149,1.5,58.59,-2,770,N/A
2011,2,24,1,30,0,0,0,0.149,1.6,58.58,-1,770,N/A
2011,2,24,2,0,0,0,0,0.149,1.8,61.620000000000005,-1,770,N/A
2011,2,24,2,30,0,0,0,0.149,1.7000000000000002,61.6,-1,770,N/A
2011,2,24,3,0,0,0,0,0.149,1.6,68.27,-2,770,N/A
2011,2,24,3,30,0,0,0,0.149,1.5,68.28,-2,770,N/A
2011,2,24,4,0,0,0,0,0.149,1.5,69.01,-3,770,N/A
2011,2,24,4,30,0,0,0,0.149,1.6,69.02,-3,770,N/A
2011,2,24,5,0,0,0,0,0.149,1.8,74.82000000000001,-3,770,N/A
2011,2,24,5,30,0,0,0,0.149,1.8,74.85000000000001,-3,770,N/A
2011,2,24,6,0,0,0,0,0.149,1.9000000000000001,75.24,-3,770,N/A
2011,2,24,6,30,0,0,0,0.149,2.5,64.87,-2,770,N/A
2011,2,24,7,0,20,304,37,0.149,3.3000000000000003,61.08,-1,780,N/A
2011,2,24,7,30,4,0,4,0.149,4,56.81,0,780,N/A
2011,2,24,8,0,31,0,31,0.149,4.800000000000001,53.11,0,780,N/A
2011,2,24,8,30,61,838,350,0.149,5,49.410000000000004,1,780,N/A
2011,2,24,9,0,181,320,318,0.149,5.2,42.85,2,780,N/A
2011,2,24,9,30,133,676,473,0.149,5.300000000000001,42.85,2,780,N/A
2011,2,24,10,0,279,138,357,0.149,5.4,38.54,3,780,N/A
2011,2,24,10,30,238,511,556,0.149,5.4,38.54,3,780,N/A
2011,2,24,11,0,85,1005,750,0.149,5.5,35.38,4,780,N/A
2011,2,24,11,30,355,121,438,0.149,5.6000000000000005,35.37,4,780,N/A
2011,2,24,12,0,367,137,463,0.149,5.7,32.6,5,780,N/A
2011,2,24,12,30,296,509,656,0.149,5.7,32.59,5,780,N/A
2011,2,24,13,0,273,564,664,0.149,5.7,32.15,6,780,N/A
2011,2,24,13,30,85,1009,757,0.149,5.6000000000000005,32.15,5,780,N/A
2011,2,24,14,0,80,999,707,0.149,5.6000000000000005,31.400000000000002,5,780,N/A
2011,2,24,14,30,77,980,641,0.149,5.4,31.400000000000002,5,780,N/A
2011,2,24,15,0,73,952,561,0.149,5.2,30.29,5,780,N/A
2011,2,24,15,30,68,913,469,0.149,4.800000000000001,32.480000000000004,4,780,N/A
2011,2,24,16,0,61,858,367,0.149,4.4,34.17,4,780,N/A
2011,2,24,16,30,53,773,259,0.149,3.2,39.42,2,780,N/A
2011,2,24,17,0,41,642,150,0.149,2,44.47,0,780,N/A
2011,2,24,17,30,23,385,50,0.149,1.7000000000000002,47.85,-1,780,N/A
2011,2,24,18,0,0,0,0,0.149,1.5,51.92,-2,780,N/A
2011,2,24,18,30,0,0,0,0.149,1.4000000000000001,51.93,-2,780,N/A
2011,2,24,19,0,0,0,0,0.149,1.4000000000000001,55.47,-2,780,N/A
2011,2,24,19,30,0,0,0,0.149,1.4000000000000001,55.49,-2,780,N/A
2011,2,24,20,0,0,0,0,0.149,1.4000000000000001,55.11,-3,780,N/A
2011,2,24,20,30,0,0,0,0.149,1.4000000000000001,55.120000000000005,-3,780,N/A
2011,2,24,21,0,0,0,0,0.149,1.4000000000000001,54.77,-3,780,N/A
2011,2,24,21,30,0,0,0,0.149,1.4000000000000001,54.76,-3,780,N/A
2011,2,24,22,0,0,0,0,0.149,1.5,54.63,-3,780,N/A
2011,2,24,22,30,0,0,0,0.149,1.4000000000000001,54.620000000000005,-3,780,N/A
2011,2,24,23,0,0,0,0,0.149,1.4000000000000001,59.34,-3,780,N/A
2011,2,24,23,30,0,0,0,0.149,1.4000000000000001,59.33,-3,780,N/A
2011,2,25,0,0,0,0,0,0.149,1.4000000000000001,60.61,-3,780,N/A
2011,2,25,0,30,0,0,0,0.149,1.4000000000000001,60.59,-3,780,N/A
2011,2,25,1,0,0,0,0,0.149,1.4000000000000001,63.17,-3,780,N/A
2011,2,25,1,30,0,0,0,0.149,1.4000000000000001,63.15,-3,780,N/A
2011,2,25,2,0,0,0,0,0.149,1.4000000000000001,67.19,-3,780,N/A
2011,2,25,2,30,0,0,0,0.149,1.3,67.18,-3,780,N/A
2011,2,25,3,0,0,0,0,0.149,1.3,71.18,-3,780,N/A
2011,2,25,3,30,0,0,0,0.149,1.2000000000000002,71.16,-3,780,N/A
2011,2,25,4,0,0,0,0,0.149,1.2000000000000002,73.86,-4,780,N/A
2011,2,25,4,30,0,0,0,0.149,1.1,73.85000000000001,-4,780,N/A
2011,2,25,5,0,0,0,0,0.149,1.1,75.23,-4,780,N/A
2011,2,25,5,30,0,0,0,0.149,1,75.23,-4,780,N/A
2011,2,25,6,0,0,0,0,0.149,1,75.72,-4,780,N/A
2011,2,25,6,30,0,0,0,0.149,1.3,65.27,-2,780,N/A
2011,2,25,7,0,19,359,40,0.149,1.6,61.07,0,780,N/A
2011,2,25,7,30,55,267,98,0.149,2.5,56.79,1,780,N/A
2011,2,25,8,0,47,767,244,0.149,3.4000000000000004,47.61,2,780,N/A
2011,2,25,8,30,55,854,352,0.149,3.8000000000000003,44.32,3,780,N/A
2011,2,25,9,0,61,911,454,0.149,4.3,36.97,4,780,N/A
2011,2,25,9,30,65,951,548,0.149,4.5,36.96,5,780,N/A
2011,2,25,10,0,153,710,559,0.149,4.800000000000001,36.09,6,780,N/A
2011,2,25,10,30,73,997,696,0.149,5,33.67,6,780,N/A
2011,2,25,11,0,219,662,660,0.149,5.2,33.02,7,780,N/A
2011,2,25,11,30,77,1018,784,0.149,5.300000000000001,33.01,7,780,N/A
2011,2,25,12,0,190,777,741,0.149,5.4,31.73,8,780,N/A
2011,2,25,12,30,277,585,693,0.149,5.4,31.720000000000002,8,770,N/A
2011,2,25,13,0,78,1015,785,0.149,5.5,31.63,9,770,N/A
2011,2,25,13,30,76,1007,752,0.149,5.6000000000000005,31.61,9,770,N/A
2011,2,25,14,0,270,432,543,0.149,5.800000000000001,28.740000000000002,9,770,N/A
2011,2,25,14,30,239,437,493,0.149,5.7,30.740000000000002,9,770,N/A
2011,2,25,15,0,178,532,453,0.149,5.7,29.560000000000002,9,770,N/A
2011,2,25,15,30,127,602,394,0.149,5.1000000000000005,31.64,8,770,N/A
2011,2,25,16,0,60,779,341,0.149,4.5,30.92,7,770,N/A
2011,2,25,16,30,111,102,139,0.149,3.4000000000000004,35.49,5,770,N/A
2011,2,25,17,0,66,77,79,0.149,2.4000000000000004,39.58,4,770,N/A
2011,2,25,17,30,25,29,27,0.149,2.1,45.6,3,770,N/A
2011,2,25,18,0,0,0,0,0.149,1.8,50.660000000000004,2,770,N/A
2011,2,25,18,30,0,0,0,0.149,1.6,50.67,1,770,N/A
2011,2,25,19,0,0,0,0,0.149,1.4000000000000001,51.410000000000004,1,770,N/A
2011,2,25,19,30,0,0,0,0.149,1.3,55.25,0,770,N/A
2011,2,25,20,0,0,0,0,0.149,1.3,54.54,0,770,N/A
2011,2,25,20,30,0,0,0,0.149,1.3,54.54,0,770,N/A
2011,2,25,21,0,0,0,0,0.149,1.3,52.49,0,770,N/A
2011,2,25,21,30,0,0,0,0.149,1.3,52.49,0,770,N/A
2011,2,25,22,0,0,0,0,0.149,1.4000000000000001,50.230000000000004,0,770,N/A
2011,2,25,22,30,0,0,0,0.149,1.4000000000000001,50.230000000000004,0,770,N/A
2011,2,25,23,0,0,0,0,0.149,1.4000000000000001,48.63,0,780,N/A
2011,2,25,23,30,0,0,0,0.149,1.4000000000000001,48.63,0,780,N/A
2011,2,26,0,0,0,0,0,0.149,1.4000000000000001,50.85,-1,780,N/A
2011,2,26,0,30,0,0,0,0.149,1.3,50.84,-1,770,N/A
2011,2,26,1,0,0,0,0,0.149,1.3,49.230000000000004,-1,770,N/A
2011,2,26,1,30,0,0,0,0.149,1.2000000000000002,49.21,-1,770,N/A
2011,2,26,2,0,0,0,0,0.149,1.2000000000000002,51.46,-1,770,N/A
2011,2,26,2,30,0,0,0,0.149,1.2000000000000002,47.81,-1,770,N/A
2011,2,26,3,0,0,0,0,0.149,1.2000000000000002,46.74,-1,770,N/A
2011,2,26,3,30,0,0,0,0.149,1.1,46.730000000000004,-1,770,N/A
2011,2,26,4,0,0,0,0,0.149,1.1,46.160000000000004,-1,770,N/A
2011,2,26,4,30,0,0,0,0.149,1.1,46.15,-1,770,N/A
2011,2,26,5,0,0,0,0,0.149,1.1,45.94,-1,770,N/A
2011,2,26,5,30,0,0,0,0.149,1.1,45.94,-1,770,N/A
2011,2,26,6,0,0,0,0,0.149,1.1,46.01,-1,770,N/A
2011,2,26,6,30,0,0,0,0.149,1.1,42.79,0,770,N/A
2011,2,26,7,0,3,0,3,0.149,1.1,44.18,1,770,N/A
2011,2,26,7,30,11,0,11,0.149,1.5,41.11,2,770,N/A
2011,2,26,8,0,104,214,160,0.149,2,32.01,4,770,N/A
2011,2,26,8,30,153,195,222,0.149,2.3000000000000003,29.84,5,770,N/A
2011,2,26,9,0,58,910,456,0.149,2.7,21.650000000000002,6,770,N/A
2011,2,26,9,30,226,56,254,0.149,3,21.650000000000002,6,770,N/A
2011,2,26,10,0,283,125,355,0.149,3.4000000000000004,18.66,7,770,N/A
2011,2,26,10,30,320,161,422,0.149,3.6,18.66,7,770,N/A
2011,2,26,11,0,317,61,358,0.149,3.8000000000000003,17.05,8,770,N/A
2011,2,26,11,30,300,456,619,0.149,3.9000000000000004,17.04,8,770,N/A
2011,2,26,12,0,305,492,657,0.149,4,15.83,9,770,N/A
2011,2,26,12,30,264,623,710,0.149,3.9000000000000004,15.82,9,770,N/A
2011,2,26,13,0,299,468,628,0.149,3.8000000000000003,15.530000000000001,9,770,N/A
2011,2,26,13,30,248,605,656,0.149,3.8000000000000003,15.52,9,770,N/A
2011,2,26,14,0,248,510,573,0.149,3.8000000000000003,15.030000000000001,10,770,N/A
2011,2,26,14,30,207,553,530,0.149,3.6,15.030000000000001,10,770,N/A
2011,2,26,15,0,212,427,435,0.149,3.4000000000000004,15.280000000000001,10,770,N/A
2011,2,26,15,30,164,471,374,0.149,2.7,16.35,8,770,N/A
2011,2,26,16,0,111,540,307,0.149,2,22.75,7,770,N/A
2011,2,26,16,30,99,12,102,0.149,2,26.11,5,770,N/A
2011,2,26,17,0,68,80,82,0.149,2.1,28.84,4,770,N/A
2011,2,26,17,30,26,35,29,0.149,2.1,30.95,3,770,N/A
2011,2,26,18,0,0,0,0,0.149,2.2,29.1,3,770,N/A
2011,2,26,18,30,0,0,0,0.149,2.1,29.11,3,770,N/A
2011,2,26,19,0,0,0,0,0.149,2.1,27.88,3,770,N/A
2011,2,26,19,30,0,0,0,0.149,2,29.93,3,770,N/A
2011,2,26,20,0,0,0,0,0.149,1.9000000000000001,30.580000000000002,3,770,N/A
2011,2,26,20,30,0,0,0,0.149,1.8,30.580000000000002,2,770,N/A
2011,2,26,21,0,0,0,0,0.149,1.8,31.35,2,770,N/A
2011,2,26,21,30,0,0,0,0.149,1.8,31.35,2,770,N/A
2011,2,26,22,0,0,0,0,0.149,1.8,32.02,2,770,N/A
2011,2,26,22,30,0,0,0,0.149,1.8,32.01,2,770,N/A
2011,2,26,23,0,0,0,0,0.149,1.9000000000000001,32.67,2,770,N/A
2011,2,26,23,30,0,0,0,0.149,1.9000000000000001,32.660000000000004,2,770,N/A
2011,2,27,0,0,0,0,0,0.149,2,33.480000000000004,2,770,N/A
2011,2,27,0,30,0,0,0,0.149,2.1,33.47,2,770,N/A
2011,2,27,1,0,0,0,0,0.149,2.2,34.67,2,770,N/A
2011,2,27,1,30,0,0,0,0.149,2.2,37.22,1,770,N/A
2011,2,27,2,0,0,0,0,0.149,2.2,38.84,1,770,N/A
2011,2,27,2,30,0,0,0,0.149,2.1,41.72,0,770,N/A
2011,2,27,3,0,0,0,0,0.149,2,43.88,0,770,N/A
2011,2,27,3,30,0,0,0,0.149,1.9000000000000001,43.86,0,770,N/A
2011,2,27,4,0,0,0,0,0.149,1.8,50.08,0,770,N/A
2011,2,27,4,30,0,0,0,0.149,1.8,50.06,0,770,N/A
2011,2,27,5,0,0,0,0,0.149,1.9000000000000001,52.24,-1,770,N/A
2011,2,27,5,30,0,0,0,0.149,2.1,52.230000000000004,-1,770,N/A
2011,2,27,6,0,0,0,0,0.149,2.4000000000000004,54.160000000000004,-1,770,N/A
2011,2,27,6,30,0,0,0,0.149,3.4000000000000004,50.36,0,770,N/A
2011,2,27,7,0,22,399,49,0.149,4.4,50.050000000000004,2,770,N/A
2011,2,27,7,30,38,655,149,0.149,5.5,46.59,3,770,N/A
2011,2,27,8,0,49,785,258,0.149,6.7,43.59,4,770,N/A
2011,2,27,8,30,42,0,42,0.149,7.1000000000000005,43.58,4,770,N/A
2011,2,27,9,0,139,4,141,0.149,7.5,44.81,5,770,N/A
2011,2,27,9,30,245,236,367,0.149,7.300000000000001,44.79,4,770,N/A
2011,2,27,10,0,262,368,476,0.149,7.2,50.18,4,770,N/A
2011,2,27,10,30,287,376,526,0.149,7.1000000000000005,53.83,4,770,N/A
2011,2,27,11,0,70,1016,757,0.149,7.1000000000000005,56.79,4,770,N/A
2011,2,27,11,30,71,1026,793,0.149,7.300000000000001,56.79,3,770,N/A
2011,2,27,12,0,308,513,677,0.149,7.6000000000000005,51.910000000000004,3,770,N/A
2011,2,27,12,30,358,329,595,0.149,7.6000000000000005,55.75,2,770,N/A
2011,2,27,13,0,367,127,457,0.149,7.7,47.57,2,770,N/A
2011,2,27,13,30,47,0,47,0.149,7.6000000000000005,51.120000000000005,1,770,N/A
2011,2,27,14,0,61,0,61,0.149,7.6000000000000005,43.74,1,770,N/A
2011,2,27,14,30,142,4,145,0.149,7.4,47.03,0,770,N/A
2011,2,27,15,0,29,0,29,0.149,7.300000000000001,42.44,0,770,N/A
2011,2,27,15,30,130,0,131,0.149,7.1000000000000005,42.46,0,770,N/A
2011,2,27,16,0,96,0,96,0.149,6.9,41.14,0,770,N/A
2011,2,27,16,30,24,0,24,0.149,6.300000000000001,41.160000000000004,0,770,N/A
2011,2,27,17,0,5,0,5,0.149,5.800000000000001,44.67,0,770,N/A
2011,2,27,17,30,1,0,1,0.149,5.300000000000001,44.7,0,770,N/A
2011,2,27,18,0,0,0,0,0.149,4.800000000000001,45.7,-1,770,N/A
2011,2,27,18,30,0,0,0,0.149,4.6000000000000005,45.730000000000004,-1,770,N/A
2011,2,27,19,0,0,0,0,0.149,4.5,49.65,-2,770,N/A
2011,2,27,19,30,0,0,0,0.149,4.3,49.69,-2,770,N/A
2011,2,27,20,0,0,0,0,0.149,4.1000000000000005,49.67,-2,770,N/A
2011,2,27,20,30,0,0,0,0.149,3.7,49.71,-2,780,N/A
2011,2,27,21,0,0,0,0,0.149,3.4000000000000004,53.870000000000005,-3,780,N/A
2011,2,27,21,30,0,0,0,0.149,2.9000000000000004,53.9,-3,780,N/A
2011,2,27,22,0,0,0,0,0.149,2.5,59.07,-3,780,N/A
2011,2,27,22,30,0,0,0,0.149,2.4000000000000004,59.1,-3,780,N/A
2011,2,27,23,0,0,0,0,0.149,2.3000000000000003,60.800000000000004,-4,780,N/A
2011,2,27,23,30,0,0,0,0.149,2.1,60.83,-4,780,N/A
2011,2,28,0,0,0,0,0,0.149,2,62.83,-4,780,N/A
2011,2,28,0,30,0,0,0,0.149,1.9000000000000001,62.86,-4,780,N/A
2011,2,28,1,0,0,0,0,0.149,1.8,64.87,-4,780,N/A
2011,2,28,1,30,0,0,0,0.149,1.7000000000000002,64.9,-4,780,N/A
2011,2,28,2,0,0,0,0,0.149,1.6,72,-4,780,N/A
2011,2,28,2,30,0,0,0,0.149,1.5,72.04,-4,780,N/A
2011,2,28,3,0,0,0,0,0.149,1.5,73.86,-5,780,N/A
2011,2,28,3,30,0,0,0,0.149,1.4000000000000001,73.9,-5,780,N/A
2011,2,28,4,0,0,0,0,0.149,1.3,75.42,-5,780,N/A
2011,2,28,4,30,0,0,0,0.149,1.2000000000000002,75.47,-5,780,N/A
2011,2,28,5,0,0,0,0,0.149,1.2000000000000002,82.46000000000001,-5,780,N/A
2011,2,28,5,30,0,0,0,0.149,1.2000000000000002,82.5,-5,780,N/A
2011,2,28,6,0,0,0,0,0.149,1.3,82.99,-5,780,N/A
2011,2,28,6,30,0,0,0,0.149,1.8,71.37,-3,780,N/A
2011,2,28,7,0,22,464,56,0.149,2.4000000000000004,65.23,-2,780,N/A
2011,2,28,7,30,38,714,162,0.149,2.5,56.31,0,780,N/A
2011,2,28,8,0,47,852,278,0.149,2.8000000000000003,41.27,1,780,N/A
2011,2,28,8,30,54,930,391,0.149,2.5,38.43,2,780,N/A
2011,2,28,9,0,58,986,498,0.149,2.2,28.240000000000002,4,780,N/A
2011,2,28,9,30,62,1021,595,0.149,1.9000000000000001,26.330000000000002,5,780,N/A
2011,2,28,10,0,64,1049,679,0.149,1.6,22.44,7,780,N/A
2011,2,28,10,30,66,1066,748,0.149,1.6,20.94,8,780,N/A
2011,2,28,11,0,73,1068,800,0.149,1.6,18.26,9,780,N/A
2011,2,28,11,30,74,1075,836,0.149,1.9000000000000001,17.06,9,780,N/A
2011,2,28,12,0,75,1078,855,0.149,2.2,14.870000000000001,10,780,N/A
2011,2,28,12,30,75,1078,855,0.149,2.5,14.870000000000001,10,780,N/A
2011,2,28,13,0,75,1074,838,0.149,2.8000000000000003,13.63,11,780,N/A
2011,2,28,13,30,74,1066,802,0.149,2.9000000000000004,13.63,11,780,N/A
2011,2,28,14,0,73,1050,750,0.149,3,13.73,11,780,N/A
2011,2,28,14,30,71,1032,682,0.149,2.7,14.68,10,780,N/A
2011,2,28,15,0,67,1007,600,0.149,2.5,14.86,10,780,N/A
2011,2,28,15,30,63,972,505,0.149,2.1,15.9,9,780,N/A
2011,2,28,16,0,57,923,400,0.149,1.8,20.56,8,780,N/A
2011,2,28,16,30,50,847,288,0.149,1.5,27.1,4,780,N/A
2011,2,28,17,0,40,728,173,0.149,1.2000000000000002,41.71,1,780,N/A
2011,2,28,17,30,25,498,66,0.149,1.2000000000000002,44.85,0,780,N/A
2011,2,28,18,0,0,0,0,0.149,1.3,39.51,0,790,N/A
2011,2,28,18,30,0,0,0,0.149,1.3,39.53,0,790,N/A
2011,2,28,19,0,0,0,0,0.149,1.3,41.08,-1,790,N/A
2011,2,28,19,30,0,0,0,0.149,1.2000000000000002,41.09,-1,790,N/A
2011,2,28,20,0,0,0,0,0.149,1.2000000000000002,40.11,-1,790,N/A
2011,2,28,20,30,0,0,0,0.149,1,40.11,0,790,N/A
2011,2,28,21,0,0,0,0,0.149,0.9,39.6,0,790,N/A
2011,2,28,21,30,0,0,0,0.149,0.9,39.59,0,790,N/A
2011,2,28,22,0,0,0,0,0.149,0.9,38.95,0,790,N/A
2011,2,28,22,30,0,0,0,0.149,0.8,38.95,0,790,N/A
2011,2,28,23,0,0,0,0,0.149,0.8,38.410000000000004,0,790,N/A
2011,2,28,23,30,0,0,0,0.149,0.7000000000000001,38.410000000000004,0,790,N/A
2011,3,1,0,0,0,0,0,0.149,0.6000000000000001,38.28,-1,790,N/A
2011,3,1,0,30,0,0,0,0.149,0.4,38.28,-1,790,N/A
2011,3,1,1,0,0,0,0,0.149,0.30000000000000004,38.19,-1,790,N/A
2011,3,1,1,30,0,0,0,0.149,0.2,38.17,-1,790,N/A
2011,3,1,2,0,0,0,0,0.149,0.1,37.88,-1,780,N/A
2011,3,1,2,30,0,0,0,0.149,0.2,37.86,-1,780,N/A
2011,3,1,3,0,0,0,0,0.149,0.30000000000000004,37.300000000000004,-1,780,N/A
2011,3,1,3,30,0,0,0,0.149,0.4,37.29,-1,780,N/A
2011,3,1,4,0,0,0,0,0.149,0.5,39.86,-1,780,N/A
2011,3,1,4,30,0,0,0,0.149,0.5,39.87,-1,780,N/A
2011,3,1,5,0,0,0,0,0.149,0.6000000000000001,39.81,-1,780,N/A
2011,3,1,5,30,0,0,0,0.149,0.6000000000000001,37,-1,780,N/A
2011,3,1,6,0,0,0,0,0.149,0.7000000000000001,37.4,-1,780,N/A
2011,3,1,6,30,0,0,0,0.149,0.7000000000000001,34.78,0,780,N/A
2011,3,1,7,0,23,508,61,0.149,0.7000000000000001,38.34,1,780,N/A
2011,3,1,7,30,57,350,119,0.149,0.9,33.25,3,780,N/A
2011,3,1,8,0,47,863,285,0.149,1.2000000000000002,21.64,5,780,N/A
2011,3,1,8,30,53,936,397,0.149,1.7000000000000002,20.19,6,780,N/A
2011,3,1,9,0,58,984,503,0.149,2.3000000000000003,15.92,8,790,N/A
2011,3,1,9,30,62,1017,598,0.149,2.4000000000000004,14.88,9,780,N/A
2011,3,1,10,0,65,1042,681,0.149,2.5,13.86,10,780,N/A
2011,3,1,10,30,67,1058,749,0.149,2.5,13.85,11,780,N/A
2011,3,1,11,0,77,1052,797,0.149,2.5,13.08,12,780,N/A
2011,3,1,11,30,78,1058,832,0.149,2.5,12.24,12,780,N/A
2011,3,1,12,0,79,1059,849,0.149,2.5,11.46,13,780,N/A
2011,3,1,12,30,80,1057,849,0.149,2.5,11.450000000000001,13,780,N/A
2011,3,1,13,0,81,1048,829,0.149,2.6,11.38,14,780,N/A
2011,3,1,13,30,79,1038,793,0.149,2.5,11.38,14,780,N/A
2011,3,1,14,0,75,1028,742,0.149,2.5,10.63,14,780,N/A
2011,3,1,14,30,72,1008,673,0.149,2.4000000000000004,11.34,13,780,N/A
2011,3,1,15,0,70,978,591,0.149,2.3000000000000003,11.63,13,780,N/A
2011,3,1,15,30,150,536,396,0.149,1.8,13.27,11,780,N/A
2011,3,1,16,0,61,881,391,0.149,1.3,21.48,10,780,N/A
2011,3,1,16,30,53,801,281,0.149,1.1,26.310000000000002,7,780,N/A
2011,3,1,17,0,49,489,141,0.149,1,31.86,5,780,N/A
2011,3,1,17,30,29,281,53,0.149,0.9,34.160000000000004,4,780,N/A
2011,3,1,18,0,0,0,0,0.149,0.9,30.36,4,780,N/A
2011,3,1,18,30,0,0,0,0.149,0.9,32.58,4,780,N/A
2011,3,1,19,0,0,0,0,0.149,0.9,31.73,4,780,N/A
2011,3,1,19,30,0,0,0,0.149,0.9,31.73,3,780,N/A
2011,3,1,20,0,0,0,0,0.149,1,29.78,3,780,N/A
2011,3,1,20,30,0,0,0,0.149,1,31.98,3,780,N/A
2011,3,1,21,0,0,0,0,0.149,1,31.470000000000002,3,780,N/A
2011,3,1,21,30,0,0,0,0.149,0.9,31.46,3,780,N/A
2011,3,1,22,0,0,0,0,0.149,0.9,32.08,3,780,N/A
2011,3,1,22,30,0,0,0,0.149,0.8,32.07,3,780,N/A
2011,3,1,23,0,0,0,0,0.149,0.8,31.38,3,780,N/A
2011,3,1,23,30,0,0,0,0.149,0.7000000000000001,31.37,3,780,N/A
2011,3,2,0,0,0,0,0,0.149,0.7000000000000001,32.72,3,780,N/A
2011,3,2,0,30,0,0,0,0.149,0.5,32.72,3,780,N/A
2011,3,2,1,0,0,0,0,0.149,0.30000000000000004,33.05,3,780,N/A
2011,3,2,1,30,0,0,0,0.149,0.2,33.04,3,780,N/A
2011,3,2,2,0,0,0,0,0.149,0.2,32.64,3,780,N/A
2011,3,2,2,30,0,0,0,0.149,0.30000000000000004,35.04,2,780,N/A
2011,3,2,3,0,0,0,0,0.149,0.4,32.480000000000004,2,780,N/A
2011,3,2,3,30,0,0,0,0.149,0.5,34.9,1,780,N/A
2011,3,2,4,0,0,0,0,0.149,0.6000000000000001,34.1,1,780,N/A
2011,3,2,4,30,0,0,0,0.149,0.7000000000000001,36.660000000000004,0,780,N/A
2011,3,2,5,0,0,0,0,0.149,0.8,36.72,0,780,N/A
2011,3,2,5,30,0,0,0,0.149,0.8,36.730000000000004,0,780,N/A
2011,3,2,6,0,0,0,0,0.149,0.9,37.44,0,780,N/A
2011,3,2,6,30,0,0,0,0.149,1,34.84,2,780,N/A
2011,3,2,7,0,27,239,47,0.149,1.1,35.34,4,780,N/A
2011,3,2,7,30,57,378,126,0.149,1.3,30.72,5,780,N/A
2011,3,2,8,0,48,812,276,0.149,1.5,21.28,7,780,N/A
2011,3,2,8,30,55,886,385,0.149,2.1,19.88,8,780,N/A
2011,3,2,9,0,60,937,487,0.149,2.7,16.8,10,780,N/A
2011,3,2,9,30,64,970,579,0.149,3.1,15.71,11,780,N/A
2011,3,2,10,0,67,994,659,0.149,3.5,15.13,12,780,N/A
2011,3,2,10,30,69,1010,725,0.149,3.8000000000000003,14.16,13,780,N/A
2011,3,2,11,0,74,1015,774,0.149,4.2,14.780000000000001,14,780,N/A
2011,3,2,11,30,75,1021,808,0.149,4.4,14.77,14,780,N/A
2011,3,2,12,0,77,1022,825,0.149,4.7,16.34,15,780,N/A
2011,3,2,12,30,77,1020,824,0.149,4.800000000000001,16.330000000000002,15,780,N/A
2011,3,2,13,0,78,1011,806,0.149,4.9,16.56,15,780,N/A
2011,3,2,13,30,77,1002,771,0.149,4.9,16.56,15,780,N/A
2011,3,2,14,0,73,994,721,0.149,5,17.7,15,780,N/A
2011,3,2,14,30,70,975,655,0.149,4.9,18.88,15,780,N/A
2011,3,2,15,0,68,946,575,0.149,4.800000000000001,19.89,15,780,N/A
2011,3,2,15,30,63,909,484,0.149,4.3,21.22,14,780,N/A
2011,3,2,16,0,59,850,381,0.149,3.9000000000000004,22.5,13,780,N/A
2011,3,2,16,30,52,772,274,0.149,2.8000000000000003,27.43,10,780,N/A
2011,3,2,17,0,59,0,59,0.149,1.7000000000000002,39.14,8,780,N/A
2011,3,2,17,30,23,0,23,0.149,1.6,44.94,6,780,N/A
2011,3,2,18,0,0,0,0,0.149,1.5,48.64,5,780,N/A
2011,3,2,18,30,0,0,0,0.149,1.5,52.19,4,780,N/A
2011,3,2,19,0,0,0,0,0.149,1.5,50.9,4,780,N/A
2011,3,2,19,30,0,0,0,0.149,1.5,50.9,3,780,N/A
2011,3,2,20,0,0,0,0,0.149,1.6,49.94,3,780,N/A
2011,3,2,20,30,0,0,0,0.149,1.6,53.61,2,780,N/A
2011,3,2,21,0,0,0,0,0.149,1.7000000000000002,53.31,2,780,N/A
2011,3,2,21,30,0,0,0,0.149,1.7000000000000002,53.29,2,780,N/A
2011,3,2,22,0,0,0,0,0.149,1.7000000000000002,53.11,2,780,N/A
2011,3,2,22,30,0,0,0,0.149,1.6,57.03,1,780,N/A
2011,3,2,23,0,0,0,0,0.149,1.6,56.56,1,780,N/A
2011,3,2,23,30,0,0,0,0.149,1.5,56.54,1,780,N/A
2011,3,3,0,0,0,0,0,0.149,1.5,55.96,1,780,N/A
2011,3,3,0,30,0,0,0,0.149,1.5,60.14,0,780,N/A
2011,3,3,1,0,0,0,0,0.149,1.5,59.58,0,780,N/A
2011,3,3,1,30,0,0,0,0.149,1.4000000000000001,59.57,0,780,N/A
2011,3,3,2,0,0,0,0,0.149,1.4000000000000001,59.42,0,780,N/A
2011,3,3,2,30,0,0,0,0.149,1.4000000000000001,59.42,0,780,N/A
2011,3,3,3,0,0,0,0,0.149,1.4000000000000001,59.64,0,780,N/A
2011,3,3,3,30,0,0,0,0.149,1.3,59.64,0,780,N/A
2011,3,3,4,0,0,0,0,0.149,1.3,59.97,0,780,N/A
2011,3,3,4,30,0,0,0,0.149,1.3,59.980000000000004,0,780,N/A
2011,3,3,5,0,0,0,0,0.149,1.4000000000000001,60.5,0,780,N/A
2011,3,3,5,30,0,0,0,0.149,1.3,60.5,0,780,N/A
2011,3,3,6,0,0,0,0,0.149,1.3,61.61,0,780,N/A
2011,3,3,6,30,0,0,0,0.149,1.5,57.34,2,780,N/A
2011,3,3,7,0,31,138,43,0.149,1.7000000000000002,53.27,4,780,N/A
2011,3,3,7,30,67,254,115,0.149,2,46.300000000000004,5,780,N/A
2011,3,3,8,0,103,344,202,0.149,2.3000000000000003,40.52,7,780,N/A
2011,3,3,8,30,66,841,384,0.149,3,35.37,9,780,N/A
2011,3,3,9,0,68,912,489,0.149,3.7,31.93,11,780,N/A
2011,3,3,9,30,73,949,582,0.149,4.1000000000000005,29.88,12,780,N/A
2011,3,3,10,0,74,983,664,0.149,4.5,28.73,13,780,N/A
2011,3,3,10,30,159,786,672,0.149,4.800000000000001,28.72,13,780,N/A
2011,3,3,11,0,91,986,776,0.149,5.1000000000000005,27.080000000000002,14,780,N/A
2011,3,3,11,30,93,995,811,0.149,5.300000000000001,27.07,14,780,N/A
2011,3,3,12,0,98,989,827,0.149,5.5,25.330000000000002,15,780,N/A
2011,3,3,12,30,98,989,827,0.149,5.5,25.310000000000002,15,780,N/A
2011,3,3,13,0,96,986,810,0.149,5.5,24.92,15,780,N/A
2011,3,3,13,30,279,548,660,0.149,5.4,24.91,15,780,N/A
2011,3,3,14,0,236,583,619,0.149,5.4,24.23,15,780,N/A
2011,3,3,14,30,84,954,661,0.149,5.300000000000001,25.84,15,780,N/A
2011,3,3,15,0,81,924,580,0.149,5.2,24.830000000000002,15,780,N/A
2011,3,3,15,30,76,885,488,0.149,4.9,26.490000000000002,14,780,N/A
2011,3,3,16,0,67,837,387,0.149,4.6000000000000005,25.580000000000002,13,780,N/A
2011,3,3,16,30,58,756,279,0.149,3.4000000000000004,31.19,11,780,N/A
2011,3,3,17,0,45,641,169,0.149,2.2,37.28,9,780,N/A
2011,3,3,17,30,28,419,67,0.149,2,42.76,7,780,N/A
2011,3,3,18,0,0,0,0,0.149,1.8,45.46,5,780,N/A
2011,3,3,18,30,0,0,0,0.149,1.8,48.76,4,780,N/A
2011,3,3,19,0,0,0,0,0.149,1.9000000000000001,50.620000000000005,4,780,N/A
2011,3,3,19,30,0,0,0,0.149,1.9000000000000001,54.35,3,780,N/A
2011,3,3,20,0,0,0,0,0.149,1.9000000000000001,53.08,2,780,N/A
2011,3,3,20,30,0,0,0,0.149,1.8,57.02,1,780,N/A
2011,3,3,21,0,0,0,0,0.149,1.8,56.11,1,780,N/A
2011,3,3,21,30,0,0,0,0.149,1.7000000000000002,60.300000000000004,1,780,N/A
2011,3,3,22,0,0,0,0,0.149,1.7000000000000002,59.74,1,780,N/A
2011,3,3,22,30,0,0,0,0.149,1.6,59.730000000000004,0,780,N/A
2011,3,3,23,0,0,0,0,0.149,1.6,59.5,0,780,N/A
2011,3,3,23,30,0,0,0,0.149,1.6,59.49,0,780,N/A
2011,3,4,0,0,0,0,0,0.149,1.6,59.52,0,780,N/A
2011,3,4,0,30,0,0,0,0.149,1.6,59.52,0,780,N/A
2011,3,4,1,0,0,0,0,0.149,1.7000000000000002,60.04,0,780,N/A
2011,3,4,1,30,0,0,0,0.149,1.7000000000000002,60.03,0,780,N/A
2011,3,4,2,0,0,0,0,0.149,1.8,65.68,-1,780,N/A
2011,3,4,2,30,0,0,0,0.149,1.8,65.68,-1,780,N/A
2011,3,4,3,0,0,0,0,0.149,1.8,67.42,-1,780,N/A
2011,3,4,3,30,0,0,0,0.149,1.7000000000000002,67.43,-1,780,N/A
2011,3,4,4,0,0,0,0,0.149,1.7000000000000002,69.4,-1,780,N/A
2011,3,4,4,30,0,0,0,0.149,1.7000000000000002,69.42,-1,780,N/A
2011,3,4,5,0,0,0,0,0.149,1.7000000000000002,76.87,-1,780,N/A
2011,3,4,5,30,0,0,0,0.149,1.7000000000000002,71.45,-1,780,N/A
2011,3,4,6,0,0,0,0,0.149,1.7000000000000002,73.19,-1,780,N/A
2011,3,4,6,30,0,0,0,0.149,2.3000000000000003,68.07000000000001,0,780,N/A
2011,3,4,7,0,29,396,65,0.149,3,59.480000000000004,2,780,N/A
2011,3,4,7,30,48,630,169,0.149,3.5,55.410000000000004,4,780,N/A
2011,3,4,8,0,59,772,283,0.149,4.1000000000000005,39.5,6,780,N/A
2011,3,4,8,30,68,854,394,0.149,4.4,36.85,6,780,N/A
2011,3,4,9,0,73,915,500,0.149,4.7,26.91,7,780,N/A
2011,3,4,9,30,78,954,594,0.149,4.9,26.91,8,780,N/A
2011,3,4,10,0,82,983,677,0.149,5.1000000000000005,21.82,9,780,N/A
2011,3,4,10,30,85,1002,745,0.149,5.300000000000001,21.81,9,780,N/A
2011,3,4,11,0,88,1013,796,0.149,5.6000000000000005,19.35,10,780,N/A
2011,3,4,11,30,90,1020,831,0.149,5.800000000000001,19.34,10,780,N/A
2011,3,4,12,0,378,290,594,0.149,6.1000000000000005,18.09,10,780,N/A
2011,3,4,12,30,91,1021,848,0.149,6.300000000000001,19.34,10,780,N/A
2011,3,4,13,0,91,1014,829,0.149,6.6000000000000005,19.490000000000002,10,780,N/A
2011,3,4,13,30,63,0,63,0.149,6.800000000000001,19.490000000000002,9,780,N/A
2011,3,4,14,0,48,0,48,0.149,7,19.3,9,780,N/A
2011,3,4,14,30,44,0,44,0.149,7,20.66,8,780,N/A
2011,3,4,15,0,202,494,471,0.149,7,21.6,7,780,N/A
2011,3,4,15,30,192,384,372,0.149,6.800000000000001,23.150000000000002,6,780,N/A
2011,3,4,16,0,6,0,6,0.149,6.7,26.13,6,780,N/A
2011,3,4,16,30,5,0,5,0.149,6.1000000000000005,28.04,5,780,N/A
2011,3,4,17,0,63,363,135,0.149,5.6000000000000005,34.09,4,780,N/A
2011,3,4,17,30,35,196,53,0.149,5,36.62,3,780,N/A
2011,3,4,18,0,0,0,0,0.149,4.4,40.75,2,780,N/A
2011,3,4,18,30,0,0,0,0.149,4.1000000000000005,43.81,1,780,N/A
2011,3,4,19,0,0,0,0,0.149,3.9000000000000004,47.050000000000004,1,780,N/A
2011,3,4,19,30,0,0,0,0.149,3.2,50.61,0,780,N/A
2011,3,4,20,0,0,0,0,0.149,2.6,53.68,0,780,N/A
2011,3,4,20,30,0,0,0,0.149,2.1,53.71,0,780,N/A
2011,3,4,21,0,0,0,0,0.149,1.7000000000000002,59.61,-1,790,N/A
2011,3,4,21,30,0,0,0,0.149,1.5,59.63,-1,790,N/A
2011,3,4,22,0,0,0,0,0.149,1.3,65.14,-2,790,N/A
2011,3,4,22,30,0,0,0,0.149,1.1,65.15,-2,790,N/A
2011,3,4,23,0,0,0,0,0.149,1,71.26,-3,790,N/A
2011,3,4,23,30,0,0,0,0.149,1,71.27,-3,790,N/A
2011,3,5,0,0,0,0,0,0.149,1,78.37,-3,790,N/A
2011,3,5,0,30,0,0,0,0.149,1,78.37,-3,790,N/A
2011,3,5,1,0,0,0,0,0.149,1,80.97,-4,790,N/A
2011,3,5,1,30,0,0,0,0.149,1,80.97,-4,790,N/A
2011,3,5,2,0,0,0,0,0.149,1.1,83.57000000000001,-4,790,N/A
2011,3,5,2,30,0,0,0,0.149,1,83.57000000000001,-3,790,N/A
2011,3,5,3,0,0,0,0,0.149,1,85.51,-3,790,N/A
2011,3,5,3,30,0,0,0,0.149,0.9,85.53,-3,790,N/A
2011,3,5,4,0,0,0,0,0.149,0.8,85.71000000000001,-3,790,N/A
2011,3,5,4,30,0,0,0,0.149,0.7000000000000001,85.74,-3,790,N/A
2011,3,5,5,0,0,0,0,0.149,0.7000000000000001,85.09,-4,790,N/A
2011,3,5,5,30,0,0,0,0.149,0.6000000000000001,85.10000000000001,-4,790,N/A
2011,3,5,6,0,0,0,0,0.149,0.6000000000000001,85.06,-4,790,N/A
2011,3,5,6,30,0,0,0,0.149,0.7000000000000001,73.33,-2,790,N/A
2011,3,5,7,0,36,125,48,0.149,0.9,68.25,-1,790,N/A
2011,3,5,7,30,70,263,122,0.149,1.4000000000000001,63.47,0,790,N/A
2011,3,5,8,0,72,709,281,0.149,2,52.32,1,790,N/A
2011,3,5,8,30,83,796,391,0.149,2.2,48.71,2,790,N/A
2011,3,5,9,0,90,861,495,0.149,2.5,36.5,4,790,N/A
2011,3,5,9,30,96,903,589,0.149,2.5,36.49,5,790,N/A
2011,3,5,10,0,100,936,671,0.149,2.6,31.26,6,790,N/A
2011,3,5,10,30,104,957,739,0.149,2.6,29.150000000000002,6,790,N/A
2011,3,5,11,0,116,952,786,0.149,2.7,25.51,7,790,N/A
2011,3,5,11,30,196,777,765,0.149,2.8000000000000003,25.5,7,790,N/A
2011,3,5,12,0,216,752,777,0.149,3,22.34,8,790,N/A
2011,3,5,12,30,304,567,727,0.149,3.1,22.330000000000002,8,790,N/A
2011,3,5,13,0,267,632,729,0.149,3.3000000000000003,19.75,9,790,N/A
2011,3,5,13,30,268,589,683,0.149,3.3000000000000003,19.740000000000002,9,780,N/A
2011,3,5,14,0,269,481,589,0.149,3.4000000000000004,19.09,9,780,N/A
2011,3,5,14,30,242,479,536,0.149,3.4000000000000004,20.42,9,780,N/A
2011,3,5,15,0,172,603,502,0.149,3.4000000000000004,19.900000000000002,9,780,N/A
2011,3,5,15,30,139,598,422,0.149,3.1,21.3,8,780,N/A
2011,3,5,16,0,146,402,303,0.149,2.9000000000000004,21.400000000000002,7,780,N/A
2011,3,5,16,30,115,288,201,0.149,2,26.34,5,780,N/A
2011,3,5,17,0,79,220,123,0.151,1.1,37.06,3,780,N/A
2011,3,5,17,30,37,133,50,0.151,1.1,39.800000000000004,1,780,N/A
2011,3,5,18,0,0,0,0,0.151,1.1,41.53,0,780,N/A
2011,3,5,18,30,0,0,0,0.151,1.1,41.53,0,780,N/A
2011,3,5,19,0,0,0,0,0.151,1.2000000000000002,40.11,0,780,N/A
2011,3,5,19,30,0,0,0,0.151,1.2000000000000002,40.11,0,780,N/A
2011,3,5,20,0,0,0,0,0.151,1.3,41.97,-1,780,N/A
2011,3,5,20,30,0,0,0,0.151,1.3,41.97,-1,780,N/A
2011,3,5,21,0,0,0,0,0.151,1.3,44.13,-1,780,N/A
2011,3,5,21,30,0,0,0,0.151,1.3,44.11,-1,780,N/A
2011,3,5,22,0,0,0,0,0.151,1.3,43.050000000000004,-2,780,N/A
2011,3,5,22,30,0,0,0,0.151,1.3,43.03,-2,780,N/A
2011,3,5,23,0,0,0,0,0.151,1.3,45.15,-2,780,N/A
2011,3,5,23,30,0,0,0,0.151,1.3,45.13,-2,780,N/A
2011,3,6,0,0,0,0,0,0.151,1.3,44.58,-3,780,N/A
2011,3,6,0,30,0,0,0,0.151,1.2000000000000002,44.57,-3,780,N/A
2011,3,6,1,0,0,0,0,0.151,1.2000000000000002,45.51,-3,780,N/A
2011,3,6,1,30,0,0,0,0.151,1.2000000000000002,45.5,-3,780,N/A
2011,3,6,2,0,0,0,0,0.151,1.2000000000000002,47.17,-3,780,N/A
2011,3,6,2,30,0,0,0,0.151,1.1,47.160000000000004,-3,780,N/A
2011,3,6,3,0,0,0,0,0.151,1.1,52.32,-3,780,N/A
2011,3,6,3,30,0,0,0,0.151,1,48.56,-3,780,N/A
2011,3,6,4,0,0,0,0,0.151,0.9,49.300000000000004,-3,780,N/A
2011,3,6,4,30,0,0,0,0.151,0.8,49.29,-3,780,N/A
2011,3,6,5,0,0,0,0,0.151,0.8,49.42,-3,780,N/A
2011,3,6,5,30,0,0,0,0.151,0.7000000000000001,49.410000000000004,-3,780,N/A
2011,3,6,6,0,0,0,0,0.151,0.7000000000000001,51.68,-3,780,N/A
2011,3,6,6,30,0,0,0,0.151,0.9,44.6,-1,780,N/A
2011,3,6,7,0,31,426,73,0.151,1.2000000000000002,43.4,0,780,N/A
2011,3,6,7,30,48,643,178,0.151,1.6,40.38,2,780,N/A
2011,3,6,8,0,93,478,236,0.151,2,33.24,4,780,N/A
2011,3,6,8,30,67,843,398,0.151,2.4000000000000004,28.88,5,780,N/A
2011,3,6,9,0,89,791,466,0.151,2.9000000000000004,21.88,7,780,N/A
2011,3,6,9,30,107,815,556,0.151,3.1,20.43,8,780,N/A
2011,3,6,10,0,128,822,634,0.151,3.4000000000000004,17.8,9,780,N/A
2011,3,6,10,30,141,843,704,0.151,3.6,17.79,10,780,N/A
2011,3,6,11,0,220,706,720,0.151,3.9000000000000004,16.11,11,780,N/A
2011,3,6,11,30,215,746,765,0.151,4,16.1,11,780,N/A
2011,3,6,12,0,266,659,761,0.151,4.2,15.120000000000001,11,780,N/A
2011,3,6,12,30,326,522,718,0.151,4.3,15.11,11,780,N/A
2011,3,6,13,0,369,317,603,0.151,4.4,15.870000000000001,12,780,N/A
2011,3,6,13,30,370,196,509,0.151,4.4,15.860000000000001,11,780,N/A
2011,3,6,14,0,342,219,489,0.151,4.5,17.400000000000002,11,770,N/A
2011,3,6,14,30,304,226,444,0.151,4.3,18.59,10,770,N/A
2011,3,6,15,0,267,126,337,0.151,4.1000000000000005,21.31,10,770,N/A
2011,3,6,15,30,221,112,275,0.151,3.3000000000000003,22.78,9,770,N/A
2011,3,6,16,0,150,23,159,0.151,2.6,30.240000000000002,8,770,N/A
2011,3,6,16,30,115,28,124,0.151,2.1,34.67,6,770,N/A
2011,3,6,17,0,64,384,143,0.151,1.6,45.29,5,770,N/A
2011,3,6,17,30,37,208,59,0.151,1.4000000000000001,48.57,4,770,N/A
2011,3,6,18,0,0,0,0,0.151,1.3,56.19,3,770,N/A
2011,3,6,18,30,0,0,0,0.151,1.2000000000000002,60.32,2,770,N/A
2011,3,6,19,0,0,0,0,0.151,1.2000000000000002,62.02,2,770,N/A
2011,3,6,19,30,0,0,0,0.151,1.2000000000000002,66.61,1,770,N/A
2011,3,6,20,0,0,0,0,0.151,1.2000000000000002,66.94,1,770,N/A
2011,3,6,20,30,0,0,0,0.151,1.3,71.94,1,770,N/A
2011,3,6,21,0,0,0,0,0.151,1.5,72.24,1,770,N/A
2011,3,6,21,30,0,0,0,0.151,1.6,72.23,1,770,N/A
2011,3,6,22,0,0,0,0,0.151,1.8,73.10000000000001,1,770,N/A
2011,3,6,22,30,0,0,0,0.151,1.9000000000000001,73.08,1,770,N/A
2011,3,6,23,0,0,0,0,0.151,2,74.67,1,770,N/A
2011,3,6,23,30,0,0,0,0.151,2,74.66,0,770,N/A
2011,3,7,0,0,0,0,0,0.151,2.1,77.10000000000001,0,770,N/A
2011,3,7,0,30,0,0,0,0.151,1.9000000000000001,77.08,0,770,N/A
2011,3,7,1,0,0,0,0,0.151,1.8,79.76,0,770,N/A
2011,3,7,1,30,0,0,0,0.151,1.6,79.74,0,770,N/A
2011,3,7,2,0,0,0,0,0.151,1.5,88.81,0,770,N/A
2011,3,7,2,30,0,0,0,0.151,1.4000000000000001,88.78,0,770,N/A
2011,3,7,3,0,0,0,0,0.151,1.3,90.7,-1,770,N/A
2011,3,7,3,30,0,0,0,0.151,1.2000000000000002,90.69,-1,770,N/A
2011,3,7,4,0,0,0,0,0.151,1.2000000000000002,98.38,-1,770,N/A
2011,3,7,4,30,0,0,0,0.151,1.1,98.4,-1,770,N/A
2011,3,7,5,0,0,0,0,0.151,1.1,98.47,-2,770,N/A
2011,3,7,5,30,0,0,0,0.151,1,91.51,-1,770,N/A
2011,3,7,6,0,0,0,0,0.151,1,92.2,-1,770,N/A
2011,3,7,6,30,0,0,0,0.151,1.1,85.72,0,770,N/A
2011,3,7,7,0,24,0,24,0.151,1.3,81.5,2,770,N/A
2011,3,7,7,30,57,0,57,0.151,1.1,70.66,3,770,N/A
2011,3,7,8,0,35,0,35,0.151,1,59.050000000000004,5,770,N/A
2011,3,7,8,30,86,0,86,0.151,2,59.04,6,770,N/A
2011,3,7,9,0,226,169,307,0.151,3.1,54.63,7,770,N/A
2011,3,7,9,30,232,37,252,0.151,3.1,58.53,6,770,N/A
2011,3,7,10,0,281,54,315,0.151,3.2,62.64,5,770,N/A
2011,3,7,10,30,239,19,252,0.151,3.2,62.61,5,770,N/A
2011,3,7,11,0,197,12,207,0.151,3.2,65.57000000000001,5,770,N/A
2011,3,7,11,30,139,6,144,0.151,3.4000000000000004,65.52,5,770,N/A
2011,3,7,12,0,398,126,493,0.151,3.7,66.83,6,770,N/A
2011,3,7,12,30,339,41,371,0.151,4.3,66.79,6,770,N/A
2011,3,7,13,0,387,120,477,0.151,5,64.23,6,770,N/A
2011,3,7,13,30,123,904,768,0.151,5.300000000000001,64.2,6,770,N/A
2011,3,7,14,0,109,911,722,0.151,5.7,64.71000000000001,7,770,N/A
2011,3,7,14,30,34,0,34,0.151,5.9,64.68,7,770,N/A
2011,3,7,15,0,30,0,30,0.151,6.1000000000000005,55.06,7,770,N/A
2011,3,7,15,30,119,0,119,0.151,6.2,55.06,7,770,N/A
2011,3,7,16,0,107,0,107,0.151,6.4,47.71,7,770,N/A
2011,3,7,16,30,93,493,243,0.151,6.2,51.13,6,770,N/A
2011,3,7,17,0,52,0,52,0.151,6,48.07,5,770,N/A
2011,3,7,17,30,22,0,22,0.151,5.2,51.57,4,770,N/A
2011,3,7,18,0,0,0,0,0.151,4.5,51.15,3,770,N/A
2011,3,7,18,30,0,0,0,0.151,3.9000000000000004,54.94,2,770,N/A
2011,3,7,19,0,0,0,0,0.151,3.3000000000000003,54.86,2,770,N/A
2011,3,7,19,30,0,0,0,0.151,2.9000000000000004,58.95,1,770,N/A
2011,3,7,20,0,0,0,0,0.151,2.6,62.38,1,770,N/A
2011,3,7,20,30,0,0,0,0.151,2.6,67.05,0,770,N/A
2011,3,7,21,0,0,0,0,0.151,2.7,73.26,0,770,N/A
2011,3,7,21,30,0,0,0,0.151,3.2,73.25,0,770,N/A
2011,3,7,22,0,0,0,0,0.151,3.7,80.31,0,770,N/A
2011,3,7,22,30,0,0,0,0.151,3.6,80.31,0,770,N/A
2011,3,7,23,0,0,0,0,0.151,3.5,85.38,0,770,N/A
2011,3,7,23,30,0,0,0,0.151,3.2,85.38,0,770,N/A
2011,3,8,0,0,0,0,0,0.151,2.9000000000000004,88.35000000000001,0,770,N/A
2011,3,8,0,30,0,0,0,0.151,2.8000000000000003,88.34,0,770,N/A
2011,3,8,1,0,0,0,0,0.151,2.8000000000000003,89.89,0,770,N/A
2011,3,8,1,30,0,0,0,0.151,2.9000000000000004,89.86,0,770,N/A
2011,3,8,2,0,0,0,0,0.151,3.1,89.76,0,770,N/A
2011,3,8,2,30,0,0,0,0.151,3.1,89.75,0,770,N/A
2011,3,8,3,0,0,0,0,0.151,3.1,87.81,0,770,N/A
2011,3,8,3,30,0,0,0,0.151,2.8000000000000003,87.81,0,770,N/A
2011,3,8,4,0,0,0,0,0.151,2.5,90.3,0,770,N/A
2011,3,8,4,30,0,0,0,0.151,2.2,90.31,0,770,N/A
2011,3,8,5,0,0,0,0,0.151,1.9000000000000001,91.09,-1,770,N/A
2011,3,8,5,30,0,0,0,0.151,1.8,91.11,-1,770,N/A
2011,3,8,6,0,0,0,0,0.151,1.7000000000000002,86.03,-2,770,N/A
2011,3,8,6,30,0,0,0,0.151,2.7,79.98,-1,770,N/A
2011,3,8,7,0,34,435,81,0.151,3.7,71.99,0,770,N/A
2011,3,8,7,30,50,644,187,0.151,4.6000000000000005,72.03,0,770,N/A
2011,3,8,8,0,59,780,301,0.151,5.5,65.5,0,770,N/A
2011,3,8,8,30,68,857,412,0.151,5.7,65.54,1,770,N/A
2011,3,8,9,0,70,921,518,0.151,6,55.050000000000004,2,770,N/A
2011,3,8,9,30,273,134,349,0.151,6.1000000000000005,51.27,2,770,N/A
2011,3,8,10,0,315,179,427,0.151,6.300000000000001,44.17,3,770,N/A
2011,3,8,10,30,79,1010,764,0.151,6.300000000000001,41.18,4,770,N/A
2011,3,8,11,0,84,1018,815,0.151,6.300000000000001,36.12,5,770,N/A
2011,3,8,11,30,363,356,629,0.151,6.300000000000001,36.12,5,770,N/A
2011,3,8,12,0,349,408,659,0.151,6.300000000000001,32.21,6,770,N/A
2011,3,8,12,30,329,434,659,0.151,6.2,32.21,6,770,N/A
2011,3,8,13,0,390,242,570,0.151,6.2,31.830000000000002,7,770,N/A
2011,3,8,13,30,359,307,579,0.151,6.2,31.84,7,770,N/A
2011,3,8,14,0,83,1003,763,0.151,6.2,32.21,7,770,N/A
2011,3,8,14,30,80,985,695,0.151,6.1000000000000005,32.22,6,770,N/A
2011,3,8,15,0,79,954,612,0.151,6.1000000000000005,32.79,6,780,N/A
2011,3,8,15,30,74,917,518,0.151,5.9,35.160000000000004,5,780,N/A
2011,3,8,16,0,100,0,100,0.151,5.800000000000001,35.94,5,780,N/A
2011,3,8,16,30,125,54,141,0.151,5.1000000000000005,41.38,4,780,N/A
2011,3,8,17,0,80,35,88,0.151,4.4,45.77,3,780,N/A
2011,3,8,17,30,37,10,38,0.151,3.6,49.19,1,780,N/A
2011,3,8,18,0,0,0,0,0.151,2.8000000000000003,53.94,0,780,N/A
2011,3,8,18,30,0,0,0,0.151,2.5,53.97,0,780,N/A
2011,3,8,19,0,0,0,0,0.151,2.3000000000000003,58.1,-1,780,N/A
2011,3,8,19,30,0,0,0,0.151,2.1,58.13,-1,780,N/A
2011,3,8,20,0,0,0,0,0.151,2,61.84,-2,780,N/A
2011,3,8,20,30,0,0,0,0.151,2,61.86,-2,780,N/A
2011,3,8,21,0,0,0,0,0.151,2,65.59,-2,780,N/A
2011,3,8,21,30,0,0,0,0.151,1.9000000000000001,65.6,-2,780,N/A
2011,3,8,22,0,0,0,0,0.151,1.9000000000000001,69.51,-3,780,N/A
2011,3,8,22,30,0,0,0,0.151,1.9000000000000001,69.52,-3,780,N/A
2011,3,8,23,0,0,0,0,0.151,1.9000000000000001,68.15,-4,780,N/A
2011,3,8,23,30,0,0,0,0.151,1.8,68.16,-4,780,N/A
2011,3,9,0,0,0,0,0,0.151,1.8,71.58,-4,780,N/A
2011,3,9,0,30,0,0,0,0.151,1.7000000000000002,71.58,-4,780,N/A
2011,3,9,1,0,0,0,0,0.151,1.7000000000000002,69.23,-5,780,N/A
2011,3,9,1,30,0,0,0,0.151,1.6,69.23,-5,780,N/A
2011,3,9,2,0,0,0,0,0.151,1.6,66.85,-5,780,N/A
2011,3,9,2,30,0,0,0,0.151,1.6,66.86,-5,780,N/A
2011,3,9,3,0,0,0,0,0.151,1.6,64.65,-5,780,N/A
2011,3,9,3,30,0,0,0,0.151,1.6,64.67,-5,780,N/A
2011,3,9,4,0,0,0,0,0.151,1.7000000000000002,62.64,-5,780,N/A
2011,3,9,4,30,0,0,0,0.151,1.7000000000000002,62.67,-4,780,N/A
2011,3,9,5,0,0,0,0,0.151,1.7000000000000002,61.160000000000004,-4,780,N/A
2011,3,9,5,30,0,0,0,0.151,1.7000000000000002,56.75,-4,780,N/A
2011,3,9,6,0,0,0,0,0.151,1.8,56.28,-4,780,N/A
2011,3,9,6,30,0,0,0,0.151,2.4000000000000004,48.53,-2,780,N/A
2011,3,9,7,0,36,462,89,0.151,3,45.86,0,780,N/A
2011,3,9,7,30,53,670,198,0.151,3.7,42.65,1,790,N/A
2011,3,9,8,0,64,791,313,0.151,4.5,35.99,3,790,N/A
2011,3,9,8,30,73,866,425,0.151,4.6000000000000005,33.53,4,790,N/A
2011,3,9,9,0,79,917,530,0.151,4.800000000000001,28.14,5,790,N/A
2011,3,9,9,30,85,953,624,0.151,4.6000000000000005,26.26,6,790,N/A
2011,3,9,10,0,89,978,705,0.151,4.6000000000000005,23.84,8,790,N/A
2011,3,9,10,30,92,996,772,0.151,4.4,22.27,8,790,N/A
2011,3,9,11,0,97,1002,822,0.151,4.2,20.37,9,790,N/A
2011,3,9,11,30,99,1010,856,0.151,4,19.04,10,790,N/A
2011,3,9,12,0,101,1010,872,0.151,3.9000000000000004,17.62,11,790,N/A
2011,3,9,12,30,101,1008,871,0.151,3.8000000000000003,17.61,11,790,N/A
2011,3,9,13,0,102,999,851,0.151,3.7,17.650000000000002,12,790,N/A
2011,3,9,13,30,100,989,814,0.151,3.7,17.650000000000002,12,790,N/A
2011,3,9,14,0,95,980,762,0.151,3.7,17.88,12,790,N/A
2011,3,9,14,30,92,959,693,0.151,3.7,17.88,11,790,N/A
2011,3,9,15,0,87,931,611,0.151,3.7,18.27,11,790,N/A
2011,3,9,15,30,81,892,517,0.151,3.5,19.53,10,790,N/A
2011,3,9,16,0,73,844,413,0.151,3.4000000000000004,20.8,10,790,N/A
2011,3,9,16,30,64,766,303,0.151,2.5,25.490000000000002,7,790,N/A
2011,3,9,17,0,50,663,192,0.151,1.6,40.11,5,790,N/A
2011,3,9,17,30,34,458,85,0.151,1.5,46.22,3,790,N/A
2011,3,9,18,0,0,0,0,0.151,1.5,47.08,1,790,N/A
2011,3,9,18,30,0,0,0,0.151,1.4000000000000001,50.620000000000005,0,790,N/A
2011,3,9,19,0,0,0,0,0.151,1.4000000000000001,50.870000000000005,0,790,N/A
2011,3,9,19,30,0,0,0,0.151,1.4000000000000001,50.88,0,790,N/A
2011,3,9,20,0,0,0,0,0.151,1.4000000000000001,51.410000000000004,0,790,N/A
2011,3,9,20,30,0,0,0,0.151,1.4000000000000001,51.42,0,790,N/A
2011,3,9,21,0,0,0,0,0.151,1.4000000000000001,56.04,-1,790,N/A
2011,3,9,21,30,0,0,0,0.151,1.4000000000000001,56.04,-1,790,N/A
2011,3,9,22,0,0,0,0,0.151,1.4000000000000001,56.99,-1,790,N/A
2011,3,9,22,30,0,0,0,0.151,1.3,56.99,-1,790,N/A
2011,3,9,23,0,0,0,0,0.151,1.3,62.61,-2,790,N/A
2011,3,9,23,30,0,0,0,0.151,1.3,62.61,-2,790,N/A
2011,3,10,0,0,0,0,0,0.151,1.3,63.77,-2,790,N/A
2011,3,10,0,30,0,0,0,0.151,1.2000000000000002,63.77,-2,790,N/A
2011,3,10,1,0,0,0,0,0.151,1.2000000000000002,64.27,-2,790,N/A
2011,3,10,1,30,0,0,0,0.151,1.2000000000000002,64.27,-2,790,N/A
2011,3,10,2,0,0,0,0,0.151,1.2000000000000002,68.97,-2,790,N/A
2011,3,10,2,30,0,0,0,0.151,1.2000000000000002,68.95,-2,790,N/A
2011,3,10,3,0,0,0,0,0.151,1.2000000000000002,68.27,-2,790,N/A
2011,3,10,3,30,0,0,0,0.151,1.2000000000000002,68.26,-2,790,N/A
2011,3,10,4,0,0,0,0,0.151,1.3,67.79,-2,790,N/A
2011,3,10,4,30,0,0,0,0.151,1.3,67.79,-2,790,N/A
2011,3,10,5,0,0,0,0,0.151,1.3,67.78,-2,790,N/A
2011,3,10,5,30,0,0,0,0.151,1.2000000000000002,62.940000000000005,-2,790,N/A
2011,3,10,6,0,0,0,0,0.151,1.2000000000000002,63.88,-2,790,N/A
2011,3,10,6,30,0,0,0,0.151,1.5,55.2,0,790,N/A
2011,3,10,7,0,41,312,78,0.151,1.9000000000000001,49.86,2,790,N/A
2011,3,10,7,30,60,494,170,0.151,2,43.29,4,790,N/A
2011,3,10,8,0,62,792,315,0.151,2.3000000000000003,36.69,6,790,N/A
2011,3,10,8,30,58,850,408,0.151,2.5,34.25,8,790,N/A
2011,3,10,9,0,160,549,433,0.151,2.7,28.16,10,790,N/A
2011,3,10,9,30,82,947,622,0.151,2.7,26.330000000000002,11,790,N/A
2011,3,10,10,0,86,973,703,0.151,2.8000000000000003,22.04,12,790,N/A
2011,3,10,10,30,88,990,769,0.151,2.9000000000000004,20.64,13,790,N/A
2011,3,10,11,0,104,974,812,0.151,3,18.87,14,790,N/A
2011,3,10,11,30,320,537,726,0.151,3.1,18.86,14,790,N/A
2011,3,10,12,0,341,506,729,0.151,3.2,17.46,15,790,N/A
2011,3,10,12,30,344,489,719,0.151,3.2,17.44,15,790,N/A
2011,3,10,13,0,344,406,650,0.151,3.2,16.27,16,790,N/A
2011,3,10,13,30,324,416,626,0.151,3.2,16.27,16,790,N/A
2011,3,10,14,0,329,352,570,0.151,3.2,16.240000000000002,16,790,N/A
2011,3,10,14,30,290,360,517,0.151,3.1,17.31,15,790,N/A
2011,3,10,15,0,243,393,466,0.151,3.1,17.31,15,790,N/A
2011,3,10,15,30,228,224,338,0.151,2.7,18.46,14,790,N/A
2011,3,10,16,0,172,284,288,0.151,2.3000000000000003,21.04,14,790,N/A
2011,3,10,16,30,108,411,238,0.151,1.7000000000000002,25.64,11,780,N/A
2011,3,10,17,0,85,102,108,0.151,1.1,37.660000000000004,9,780,N/A
2011,3,10,17,30,42,55,48,0.151,1,40.32,7,780,N/A
2011,3,10,18,0,0,0,0,0.151,1,38.56,6,780,N/A
2011,3,10,18,30,0,0,0,0.151,0.9,41.32,5,780,N/A
2011,3,10,19,0,0,0,0,0.151,0.8,39.480000000000004,5,780,N/A
2011,3,10,19,30,0,0,0,0.151,0.9,42.33,5,780,N/A
2011,3,10,20,0,0,0,0,0.151,1.1,40.33,5,780,N/A
2011,3,10,20,30,0,0,0,0.151,1.2000000000000002,43.26,4,780,N/A
2011,3,10,21,0,0,0,0,0.151,1.4000000000000001,42.18,3,780,N/A
2011,3,10,21,30,0,0,0,0.151,1.4000000000000001,45.27,2,780,N/A
2011,3,10,22,0,0,0,0,0.151,1.5,46.800000000000004,1,780,N/A
2011,3,10,22,30,0,0,0,0.151,1.4000000000000001,50.29,0,780,N/A
2011,3,10,23,0,0,0,0,0.151,1.4000000000000001,47.95,0,780,N/A
2011,3,10,23,30,0,0,0,0.151,1.3,47.94,0,780,N/A
2011,3,11,0,0,0,0,0,0.151,1.3,45.21,0,780,N/A
2011,3,11,0,30,0,0,0,0.151,1.3,45.2,0,780,N/A
2011,3,11,1,0,0,0,0,0.151,1.3,42.65,0,780,N/A
2011,3,11,1,30,0,0,0,0.151,1.2000000000000002,42.64,0,780,N/A
2011,3,11,2,0,0,0,0,0.151,1.2000000000000002,40.72,0,780,N/A
2011,3,11,2,30,0,0,0,0.151,1.1,40.71,0,780,N/A
2011,3,11,3,0,0,0,0,0.151,1,40.21,0,780,N/A
2011,3,11,3,30,0,0,0,0.151,1,40.21,0,780,N/A
2011,3,11,4,0,0,0,0,0.151,1,40.49,0,780,N/A
2011,3,11,4,30,0,0,0,0.151,1.1,40.49,0,780,N/A
2011,3,11,5,0,0,0,0,0.151,1.2000000000000002,41.06,0,780,N/A
2011,3,11,5,30,0,0,0,0.151,1.2000000000000002,41.050000000000004,0,780,N/A
2011,3,11,6,0,0,0,0,0.151,1.3,42.74,0,780,N/A
2011,3,11,6,30,14,0,14,0.151,1.5,37.02,2,780,N/A
2011,3,11,7,0,34,541,101,0.151,1.7000000000000002,34.33,5,780,N/A
2011,3,11,7,30,48,728,213,0.151,2,29.87,7,780,N/A
2011,3,11,8,0,58,837,330,0.151,2.3000000000000003,24.12,9,780,N/A
2011,3,11,8,30,65,907,443,0.151,3,21.080000000000002,10,780,N/A
2011,3,11,9,0,70,957,549,0.151,3.9000000000000004,16.75,12,780,N/A
2011,3,11,9,30,75,991,645,0.151,4.3,15.68,13,780,N/A
2011,3,11,10,0,78,1018,729,0.151,4.800000000000001,13.33,14,780,N/A
2011,3,11,10,30,80,1035,797,0.151,4.9,12.49,15,780,N/A
2011,3,11,11,0,82,1048,849,0.151,5.1000000000000005,11.15,16,780,N/A
2011,3,11,11,30,84,1054,884,0.151,5.1000000000000005,11.15,16,780,N/A
2011,3,11,12,0,85,1056,900,0.151,5.300000000000001,10.35,17,780,N/A
2011,3,11,12,30,85,1054,899,0.151,5.2,10.35,17,780,N/A
2011,3,11,13,0,85,1048,879,0.151,5.2,10.39,17,780,N/A
2011,3,11,13,30,84,1040,842,0.151,5.1000000000000005,10.38,17,780,N/A
2011,3,11,14,0,78,1034,790,0.151,5.1000000000000005,10.51,18,780,N/A
2011,3,11,14,30,75,1016,720,0.151,4.800000000000001,10.51,17,780,N/A
2011,3,11,15,0,73,988,636,0.151,4.6000000000000005,10.72,17,780,N/A
2011,3,11,15,30,68,954,540,0.151,4.1000000000000005,11.42,16,780,N/A
2011,3,11,16,0,63,905,435,0.151,3.6,12.99,16,780,N/A
2011,3,11,16,30,56,836,322,0.151,2.5,15.790000000000001,13,780,N/A
2011,3,11,17,0,46,728,206,0.151,1.5,27.41,10,780,N/A
2011,3,11,17,30,32,538,95,0.151,1.5,31.400000000000002,8,780,N/A
2011,3,11,18,0,0,0,0,0.151,1.5,35.22,6,780,N/A
2011,3,11,18,30,0,0,0,0.151,1.5,35.230000000000004,5,780,N/A
2011,3,11,19,0,0,0,0,0.151,1.6,34.11,5,780,N/A
2011,3,11,19,30,0,0,0,0.151,1.5,34.11,5,780,N/A
2011,3,11,20,0,0,0,0,0.151,1.5,33,5,780,N/A
2011,3,11,20,30,0,0,0,0.151,1.5,35.39,5,780,N/A
2011,3,11,21,0,0,0,0,0.151,1.5,34.49,5,780,N/A
2011,3,11,21,30,0,0,0,0.151,1.4000000000000001,34.49,4,780,N/A
2011,3,11,22,0,0,0,0,0.151,1.4000000000000001,33.67,4,780,N/A
2011,3,11,22,30,0,0,0,0.151,1.3,36.12,4,780,N/A
2011,3,11,23,0,0,0,0,0.151,1.3,35.44,4,780,N/A
2011,3,11,23,30,0,0,0,0.151,1.3,35.44,3,780,N/A
2011,3,12,0,0,0,0,0,0.151,1.3,34.87,3,780,N/A
2011,3,12,0,30,0,0,0,0.151,1.3,37.43,2,780,N/A
2011,3,12,1,0,0,0,0,0.151,1.3,37.53,2,780,N/A
2011,3,12,1,30,0,0,0,0.151,1.3,40.300000000000004,2,780,N/A
2011,3,12,2,0,0,0,0,0.151,1.3,40.63,2,780,N/A
2011,3,12,2,30,0,0,0,0.151,1.3,40.63,1,780,N/A
2011,3,12,3,0,0,0,0,0.151,1.3,40.82,1,780,N/A
2011,3,12,3,30,0,0,0,0.151,1.3,43.88,0,780,N/A
2011,3,12,4,0,0,0,0,0.151,1.3,44.57,0,780,N/A
2011,3,12,4,30,0,0,0,0.151,1.3,44.58,0,780,N/A
2011,3,12,5,0,0,0,0,0.151,1.4000000000000001,45.68,0,780,N/A
2011,3,12,5,30,0,0,0,0.151,1.3,45.69,0,780,N/A
2011,3,12,6,0,0,0,0,0.151,1.3,48.660000000000004,0,780,N/A
2011,3,12,6,30,13,0,13,0.151,1.3,42.15,2,780,N/A
2011,3,12,7,0,47,267,82,0.151,1.4000000000000001,39.06,5,780,N/A
2011,3,12,7,30,69,442,172,0.151,1.9000000000000001,34.03,7,780,N/A
2011,3,12,8,0,49,795,311,0.151,2.5,25.810000000000002,9,780,N/A
2011,3,12,8,30,170,352,319,0.151,2.8000000000000003,24.14,10,780,N/A
2011,3,12,9,0,216,354,395,0.151,3.2,20.95,12,780,N/A
2011,3,12,9,30,274,283,438,0.151,3.3000000000000003,19.61,12,780,N/A
2011,3,12,10,0,282,407,545,0.151,3.5,17.650000000000002,13,780,N/A
2011,3,12,10,30,263,586,671,0.151,3.6,17.64,13,780,N/A
2011,3,12,11,0,227,717,755,0.151,3.8000000000000003,16.11,14,780,N/A
2011,3,12,11,30,340,503,724,0.151,4,16.1,15,780,N/A
2011,3,12,12,0,108,988,875,0.151,4.2,14.81,16,780,N/A
2011,3,12,12,30,108,988,875,0.151,4.3,14.8,16,780,N/A
2011,3,12,13,0,103,990,858,0.151,4.4,13.9,17,780,N/A
2011,3,12,13,30,101,982,822,0.151,4.4,13.89,17,780,N/A
2011,3,12,14,0,91,985,774,0.151,4.5,13.35,17,780,N/A
2011,3,12,14,30,88,966,706,0.151,4.4,14.22,16,780,N/A
2011,3,12,15,0,205,533,511,0.151,4.4,14.61,16,780,N/A
2011,3,12,15,30,165,538,434,0.151,4,15.57,15,780,N/A
2011,3,12,16,0,146,487,348,0.151,3.7,16.27,15,780,N/A
2011,3,12,16,30,111,453,257,0.151,2.6,19.78,12,780,N/A
2011,3,12,17,0,76,394,164,0.151,1.6,28.42,10,780,N/A
2011,3,12,17,30,43,271,75,0.151,1.5,34.81,7,780,N/A
2011,3,12,18,0,0,0,0,0.151,1.5,39.62,5,780,N/A
2011,3,12,18,30,0,0,0,0.151,1.5,42.49,4,780,N/A
2011,3,12,19,0,0,0,0,0.151,1.5,41.24,4,780,N/A
2011,3,12,19,30,0,0,0,0.151,1.5,44.25,3,780,N/A
2011,3,12,20,0,0,0,0,0.151,1.5,42.89,3,780,N/A
2011,3,12,20,30,0,0,0,0.151,1.4000000000000001,46.050000000000004,3,780,N/A
2011,3,12,21,0,0,0,0,0.151,1.4000000000000001,45.21,3,780,N/A
2011,3,12,21,30,0,0,0,0.151,1.4000000000000001,48.57,2,780,N/A
2011,3,12,22,0,0,0,0,0.151,1.4000000000000001,48.13,1,780,N/A
2011,3,12,22,30,0,0,0,0.151,1.4000000000000001,51.730000000000004,0,780,N/A
2011,3,12,23,0,0,0,0,0.151,1.4000000000000001,51.61,0,780,N/A
2011,3,12,23,30,0,0,0,0.151,1.4000000000000001,51.61,0,780,N/A
2011,3,13,0,0,0,0,0,0.151,1.5,51.7,0,780,N/A
2011,3,13,0,30,0,0,0,0.151,1.5,51.7,0,780,N/A
2011,3,13,1,0,0,0,0,0.151,1.5,51.89,0,780,N/A
2011,3,13,1,30,0,0,0,0.151,1.4000000000000001,51.870000000000005,0,780,N/A
2011,3,13,2,0,0,0,0,0.151,1.4000000000000001,52.72,0,780,N/A
2011,3,13,2,30,0,0,0,0.151,1.4000000000000001,52.71,0,780,N/A
2011,3,13,3,0,0,0,0,0.151,1.4000000000000001,54.24,0,780,N/A
2011,3,13,3,30,0,0,0,0.151,1.4000000000000001,54.25,0,780,N/A
2011,3,13,4,0,0,0,0,0.151,1.5,60.44,0,780,N/A
2011,3,13,4,30,0,0,0,0.151,1.5,60.46,0,780,N/A
2011,3,13,5,0,0,0,0,0.151,1.6,62.76,-1,780,N/A
2011,3,13,5,30,0,0,0,0.151,1.8,58.370000000000005,0,780,N/A
2011,3,13,6,0,0,0,0,0.151,2,61.160000000000004,0,780,N/A
2011,3,13,6,30,14,0,14,0.151,2.6,56.92,1,780,N/A
2011,3,13,7,0,47,290,86,0.151,3.2,52.83,3,780,N/A
2011,3,13,7,30,70,449,177,0.151,3.9000000000000004,45.92,5,780,N/A
2011,3,13,8,0,53,774,312,0.151,4.7,43.04,7,780,N/A
2011,3,13,8,30,72,873,444,0.151,5.2,40.21,8,780,N/A
2011,3,13,9,0,78,928,551,0.151,5.7,32.33,10,780,N/A
2011,3,13,9,30,83,963,646,0.151,5.800000000000001,30.25,11,780,N/A
2011,3,13,10,0,87,990,729,0.151,5.9,22.76,12,780,N/A
2011,3,13,10,30,90,1008,796,0.151,5.9,22.76,12,780,N/A
2011,3,13,11,0,93,1018,848,0.151,6,17.89,13,780,N/A
2011,3,13,11,30,94,1026,883,0.151,6,17.89,13,780,N/A
2011,3,13,12,0,98,1025,899,0.151,6.1000000000000005,14.790000000000001,14,780,N/A
2011,3,13,12,30,98,1026,899,0.151,6,14.790000000000001,14,780,N/A
2011,3,13,13,0,97,1022,880,0.151,6,12.540000000000001,15,780,N/A
2011,3,13,13,30,96,1014,844,0.151,5.800000000000001,12.540000000000001,15,780,N/A
2011,3,13,14,0,90,1008,792,0.151,5.7,11.69,15,780,N/A
2011,3,13,14,30,87,990,723,0.151,5.5,12.47,14,780,N/A
2011,3,13,15,0,80,971,641,0.151,5.300000000000001,12.13,14,780,N/A
2011,3,13,15,30,75,936,545,0.151,4.9,12.950000000000001,13,780,N/A
2011,3,13,16,0,68,890,440,0.151,4.5,13.26,13,780,N/A
2011,3,13,16,30,61,819,327,0.151,3.3000000000000003,16.17,10,780,N/A
2011,3,13,17,0,50,705,210,0.153,2.2,23.81,8,780,N/A
2011,3,13,17,30,35,514,99,0.153,1.9000000000000001,29.28,5,780,N/A
2011,3,13,18,0,11,123,13,0.153,1.7000000000000002,36.25,3,780,N/A
2011,3,13,18,30,0,0,0,0.153,1.6,38.94,2,780,N/A
2011,3,13,19,0,0,0,0,0.153,1.6,39.31,2,790,N/A
2011,3,13,19,30,0,0,0,0.153,1.6,42.230000000000004,1,790,N/A
2011,3,13,20,0,0,0,0,0.153,1.6,42.81,1,790,N/A
2011,3,13,20,30,0,0,0,0.153,1.6,46.03,0,790,N/A
2011,3,13,21,0,0,0,0,0.153,1.6,46.39,0,790,N/A
2011,3,13,21,30,0,0,0,0.153,1.5,46.39,0,790,N/A
2011,3,13,22,0,0,0,0,0.153,1.5,46.980000000000004,0,790,N/A
2011,3,13,22,30,0,0,0,0.153,1.4000000000000001,46.980000000000004,0,790,N/A
2011,3,13,23,0,0,0,0,0.153,1.4000000000000001,51.15,0,790,N/A
2011,3,13,23,30,0,0,0,0.153,1.4000000000000001,51.15,0,790,N/A
2011,3,14,0,0,0,0,0,0.153,1.4000000000000001,51.34,-1,790,N/A
2011,3,14,0,30,0,0,0,0.153,1.4000000000000001,51.34,-1,790,N/A
2011,3,14,1,0,0,0,0,0.153,1.4000000000000001,51.5,-1,790,N/A
2011,3,14,1,30,0,0,0,0.153,1.4000000000000001,51.49,-1,790,N/A
2011,3,14,2,0,0,0,0,0.153,1.4000000000000001,51.660000000000004,-1,790,N/A
2011,3,14,2,30,0,0,0,0.153,1.3,51.64,-1,790,N/A
2011,3,14,3,0,0,0,0,0.153,1.3,51.29,-1,790,N/A
2011,3,14,3,30,0,0,0,0.153,1.3,51.29,-1,790,N/A
2011,3,14,4,0,0,0,0,0.153,1.3,50.5,-1,790,N/A
2011,3,14,4,30,0,0,0,0.153,1.2000000000000002,46.95,0,790,N/A
2011,3,14,5,0,0,0,0,0.153,1.2000000000000002,45.980000000000004,0,790,N/A
2011,3,14,5,30,0,0,0,0.153,1.1,45.980000000000004,0,790,N/A
2011,3,14,6,0,0,0,0,0.153,1,46.44,0,790,N/A
2011,3,14,6,30,21,0,21,0.153,0.9,43.21,1,790,N/A
2011,3,14,7,0,47,433,108,0.153,0.9,42.910000000000004,3,790,N/A
2011,3,14,7,30,67,618,217,0.153,0.9,39.99,4,790,N/A
2011,3,14,8,0,83,726,329,0.153,1,30.82,5,790,N/A
2011,3,14,8,30,59,871,435,0.153,0.8,26.84,7,790,N/A
2011,3,14,9,0,245,155,325,0.153,0.7000000000000001,18.86,9,790,N/A
2011,3,14,9,30,242,34,262,0.153,1.2000000000000002,17.63,10,790,N/A
2011,3,14,10,0,331,192,457,0.153,1.8,14.09,12,790,N/A
2011,3,14,10,30,314,411,604,0.153,2,13.18,13,790,N/A
2011,3,14,11,0,294,585,730,0.153,2.3000000000000003,11.56,14,780,N/A
2011,3,14,11,30,411,183,552,0.153,2.5,11.55,14,780,N/A
2011,3,14,12,0,363,406,682,0.153,2.8000000000000003,11.66,15,780,N/A
2011,3,14,12,30,360,450,714,0.153,3,11.66,15,780,N/A
2011,3,14,13,0,302,603,766,0.153,3.2,12.32,16,780,N/A
2011,3,14,13,30,307,548,713,0.153,3.2,12.31,16,780,N/A
2011,3,14,14,0,85,989,778,0.153,3.3000000000000003,13.94,16,780,N/A
2011,3,14,14,30,249,511,580,0.153,3.1,14.86,16,780,N/A
2011,3,14,15,0,80,940,627,0.153,3,16.31,16,780,N/A
2011,3,14,15,30,197,446,422,0.153,2.7,17.400000000000002,15,780,N/A
2011,3,14,16,0,70,851,428,0.153,2.4000000000000004,18.740000000000002,15,780,N/A
2011,3,14,16,30,115,404,248,0.153,1.6,21.35,12,780,N/A
2011,3,14,17,0,66,462,172,0.153,0.9,32.26,10,780,N/A
2011,3,14,17,30,43,304,82,0.153,0.9,36.910000000000004,8,780,N/A
2011,3,14,18,0,12,0,12,0.153,1,36.87,7,780,N/A
2011,3,14,18,30,0,0,0,0.153,0.9,36.87,7,780,N/A
2011,3,14,19,0,0,0,0,0.153,0.9,36.47,7,780,N/A
2011,3,14,19,30,0,0,0,0.153,0.9,39.07,6,780,N/A
2011,3,14,20,0,0,0,0,0.153,0.9,38.12,6,780,N/A
2011,3,14,20,30,0,0,0,0.153,0.7000000000000001,40.85,5,780,N/A
2011,3,14,21,0,0,0,0,0.153,0.6000000000000001,39.69,5,780,N/A
2011,3,14,21,30,0,0,0,0.153,0.5,42.56,4,780,N/A
2011,3,14,22,0,0,0,0,0.153,0.5,42.050000000000004,4,780,N/A
2011,3,14,22,30,0,0,0,0.153,0.7000000000000001,45.12,3,780,N/A
2011,3,14,23,0,0,0,0,0.153,1,47.28,2,780,N/A
2011,3,14,23,30,0,0,0,0.153,1.1,50.79,1,780,N/A
2011,3,15,0,0,0,0,0,0.153,1.3,50.01,1,780,N/A
2011,3,15,0,30,0,0,0,0.153,1.3,53.76,0,780,N/A
2011,3,15,1,0,0,0,0,0.153,1.4000000000000001,52.59,0,780,N/A
2011,3,15,1,30,0,0,0,0.153,1.4000000000000001,52.58,0,780,N/A
2011,3,15,2,0,0,0,0,0.153,1.5,51.63,0,780,N/A
2011,3,15,2,30,0,0,0,0.153,1.5,51.63,0,780,N/A
2011,3,15,3,0,0,0,0,0.153,1.5,51.99,0,780,N/A
2011,3,15,3,30,0,0,0,0.153,1.4000000000000001,51.99,0,780,N/A
2011,3,15,4,0,0,0,0,0.153,1.4000000000000001,53.75,0,780,N/A
2011,3,15,4,30,0,0,0,0.153,1.4000000000000001,53.76,0,780,N/A
2011,3,15,5,0,0,0,0,0.153,1.4000000000000001,60.43,0,780,N/A
2011,3,15,5,30,0,0,0,0.153,1.4000000000000001,56.2,0,780,N/A
2011,3,15,6,0,0,0,0,0.153,1.4000000000000001,59.480000000000004,0,780,N/A
2011,3,15,6,30,24,0,24,0.153,1.7000000000000002,51.54,2,780,N/A
2011,3,15,7,0,45,468,113,0.153,2,47.64,4,780,N/A
2011,3,15,7,30,63,644,222,0.153,2.1,44.44,6,780,N/A
2011,3,15,8,0,78,739,333,0.153,2.2,38.2,8,780,N/A
2011,3,15,8,30,92,781,432,0.153,2,35.68,9,780,N/A
2011,3,15,9,0,81,865,531,0.153,1.9000000000000001,29.79,11,780,N/A
2011,3,15,9,30,292,138,375,0.153,1.5,27.87,12,780,N/A
2011,3,15,10,0,330,117,407,0.153,1.2000000000000002,24.98,13,780,N/A
2011,3,15,10,30,361,256,544,0.153,1.2000000000000002,23.39,14,780,N/A
2011,3,15,11,0,392,227,563,0.153,1.3,21.19,15,780,N/A
2011,3,15,11,30,352,439,693,0.153,1.7000000000000002,19.86,15,780,N/A
2011,3,15,12,0,372,52,414,0.153,2.2,18.18,16,780,N/A
2011,3,15,12,30,369,55,413,0.153,2.5,18.17,16,780,N/A
2011,3,15,13,0,388,328,642,0.153,2.9000000000000004,18.080000000000002,17,780,N/A
2011,3,15,13,30,326,491,692,0.153,3,18.07,17,780,N/A
2011,3,15,14,0,293,486,635,0.153,3.3000000000000003,18.18,17,780,N/A
2011,3,15,14,30,250,517,587,0.153,3.3000000000000003,18.17,16,780,N/A
2011,3,15,15,0,208,534,520,0.153,3.3000000000000003,18.3,16,780,N/A
2011,3,15,15,30,174,521,440,0.153,3,19.51,15,780,N/A
2011,3,15,16,0,129,553,363,0.153,2.8000000000000003,20.07,15,780,N/A
2011,3,15,16,30,69,744,315,0.153,1.9000000000000001,22.84,13,780,N/A
2011,3,15,17,0,53,654,206,0.153,1.1,33.08,11,780,N/A
2011,3,15,17,30,37,469,98,0.153,1,37.81,9,780,N/A
2011,3,15,18,0,12,135,16,0.153,1,40.9,7,780,N/A
2011,3,15,18,30,0,0,0,0.153,0.8,40.910000000000004,7,780,N/A
2011,3,15,19,0,0,0,0,0.153,0.6000000000000001,38.910000000000004,7,780,N/A
2011,3,15,19,30,0,0,0,0.153,0.4,41.69,7,780,N/A
2011,3,15,20,0,0,0,0,0.153,0.2,41,7,780,N/A
2011,3,15,20,30,0,0,0,0.153,0.1,41,7,780,N/A
2011,3,15,21,0,0,0,0,0.153,0.1,40.230000000000004,7,780,N/A
2011,3,15,21,30,0,0,0,0.153,0.1,40.230000000000004,7,780,N/A
2011,3,15,22,0,0,0,0,0.153,0.1,39.51,7,780,N/A
2011,3,15,22,30,0,0,0,0.153,0.2,39.51,6,780,N/A
2011,3,15,23,0,0,0,0,0.153,0.4,39.19,6,780,N/A
2011,3,15,23,30,0,0,0,0.153,0.5,41.99,6,780,N/A
2011,3,16,0,0,0,0,0,0.153,0.6000000000000001,41.28,6,780,N/A
2011,3,16,0,30,0,0,0,0.153,0.6000000000000001,41.27,5,780,N/A
2011,3,16,1,0,0,0,0,0.153,0.6000000000000001,40.410000000000004,5,780,N/A
2011,3,16,1,30,0,0,0,0.153,0.5,43.32,5,780,N/A
2011,3,16,2,0,0,0,0,0.153,0.5,42.68,5,780,N/A
2011,3,16,2,30,0,0,0,0.153,0.4,42.67,4,780,N/A
2011,3,16,3,0,0,0,0,0.153,0.4,42.14,4,780,N/A
2011,3,16,3,30,0,0,0,0.153,0.4,45.21,4,780,N/A
2011,3,16,4,0,0,0,0,0.153,0.4,44.71,4,780,N/A
2011,3,16,4,30,0,0,0,0.153,0.6000000000000001,48,3,780,N/A
2011,3,16,5,0,0,0,0,0.153,0.8,47.61,3,780,N/A
2011,3,16,5,30,0,0,0,0.153,1,47.62,3,780,N/A
2011,3,16,6,0,0,0,0,0.153,1.2000000000000002,49.08,3,780,N/A
2011,3,16,6,30,23,0,23,0.153,1.4000000000000001,39.75,5,780,N/A
2011,3,16,7,0,45,365,99,0.153,1.6,35.95,8,780,N/A
2011,3,16,7,30,50,736,236,0.153,2.1,31.43,10,780,N/A
2011,3,16,8,0,60,832,351,0.153,2.7,26.2,12,780,N/A
2011,3,16,8,30,85,755,419,0.153,3.3000000000000003,24.53,13,780,N/A
2011,3,16,9,0,81,872,539,0.153,3.9000000000000004,21.95,15,780,N/A
2011,3,16,9,30,76,970,658,0.153,3.9000000000000004,21.94,16,780,N/A
2011,3,16,10,0,79,993,738,0.153,3.9000000000000004,20.77,17,780,N/A
2011,3,16,10,30,293,530,673,0.153,4,19.490000000000002,17,780,N/A
2011,3,16,11,0,88,1012,852,0.153,4.1000000000000005,18.07,18,780,N/A
2011,3,16,11,30,90,1018,885,0.153,4.3,18.06,18,780,N/A
2011,3,16,12,0,93,1016,899,0.153,4.6000000000000005,16.740000000000002,19,780,N/A
2011,3,16,12,30,93,1014,897,0.153,4.800000000000001,16.73,19,780,N/A
2011,3,16,13,0,333,548,760,0.153,5,16.66,19,780,N/A
2011,3,16,13,30,325,512,709,0.153,5,16.66,19,780,N/A
2011,3,16,14,0,351,303,565,0.153,5,16.47,19,780,N/A
2011,3,16,14,30,301,374,545,0.153,4.9,16.47,19,780,N/A
2011,3,16,15,0,216,511,517,0.153,4.800000000000001,16,19,780,N/A
2011,3,16,15,30,213,387,411,0.153,4.6000000000000005,17.03,18,780,N/A
2011,3,16,16,0,155,449,347,0.153,4.4,16.740000000000002,18,780,N/A
2011,3,16,16,30,131,304,233,0.153,3.3000000000000003,18.990000000000002,16,780,N/A
2011,3,16,17,0,71,440,175,0.153,2.2,23.92,14,780,N/A
2011,3,16,17,30,35,528,105,0.153,2,29.11,11,780,N/A
2011,3,16,18,0,13,195,18,0.153,1.8,34.33,9,780,N/A
2011,3,16,18,30,0,0,0,0.153,1.8,36.730000000000004,8,780,N/A
2011,3,16,19,0,0,0,0,0.153,1.9000000000000001,36.49,8,780,N/A
2011,3,16,19,30,0,0,0,0.153,1.9000000000000001,39.08,7,780,N/A
2011,3,16,20,0,0,0,0,0.153,1.9000000000000001,39.79,7,780,N/A
2011,3,16,20,30,0,0,0,0.153,1.9000000000000001,42.63,7,780,N/A
2011,3,16,21,0,0,0,0,0.153,1.9000000000000001,44.36,7,780,N/A
2011,3,16,21,30,0,0,0,0.153,1.8,47.54,6,780,N/A
2011,3,16,22,0,0,0,0,0.153,1.7000000000000002,50.07,5,780,N/A
2011,3,16,22,30,0,0,0,0.153,1.7000000000000002,53.69,4,780,N/A
2011,3,16,23,0,0,0,0,0.153,1.7000000000000002,56.22,4,780,N/A
2011,3,16,23,30,0,0,0,0.153,1.6,60.32,3,780,N/A
2011,3,17,0,0,0,0,0,0.153,1.6,62.620000000000005,3,780,N/A
2011,3,17,0,30,0,0,0,0.153,1.6,67.22,3,780,N/A
2011,3,17,1,0,0,0,0,0.153,1.6,68.67,3,780,N/A
2011,3,17,1,30,0,0,0,0.153,1.6,68.67,2,780,N/A
2011,3,17,2,0,0,0,0,0.153,1.6,69.18,2,780,N/A
2011,3,17,2,30,0,0,0,0.153,1.6,74.31,1,780,N/A
2011,3,17,3,0,0,0,0,0.153,1.7000000000000002,74.14,1,780,N/A
2011,3,17,3,30,0,0,0,0.153,1.7000000000000002,74.15,1,780,N/A
2011,3,17,4,0,0,0,0,0.153,1.7000000000000002,73.55,1,780,N/A
2011,3,17,4,30,0,0,0,0.153,1.7000000000000002,73.57000000000001,1,780,N/A
2011,3,17,5,0,0,0,0,0.153,1.7000000000000002,72.74,1,780,N/A
2011,3,17,5,30,0,0,0,0.153,1.7000000000000002,72.75,1,780,N/A
2011,3,17,6,0,0,0,0,0.153,1.7000000000000002,67.16,2,780,N/A
2011,3,17,6,30,9,0,9,0.153,2.2,58.32,5,780,N/A
2011,3,17,7,0,35,0,35,0.153,2.7,48.06,8,780,N/A
2011,3,17,7,30,86,378,183,0.153,3.4000000000000004,41.97,10,780,N/A
2011,3,17,8,0,80,652,312,0.153,4.1000000000000005,32.32,12,780,N/A
2011,3,17,8,30,93,729,419,0.153,4.6000000000000005,30.27,13,780,N/A
2011,3,17,9,0,78,891,550,0.153,5.2,23.57,15,780,N/A
2011,3,17,9,30,108,859,627,0.153,5.4,23.57,16,780,N/A
2011,3,17,10,0,81,983,738,0.153,5.6000000000000005,21.28,17,780,N/A
2011,3,17,10,30,84,998,803,0.153,5.6000000000000005,19.97,17,780,N/A
2011,3,17,11,0,249,694,776,0.153,5.800000000000001,18.91,18,780,N/A
2011,3,17,11,30,295,634,794,0.153,5.7,18.900000000000002,18,780,N/A
2011,3,17,12,0,255,724,833,0.153,5.7,19.400000000000002,19,780,N/A
2011,3,17,12,30,369,490,760,0.153,5.6000000000000005,19.39,19,780,N/A
2011,3,17,13,0,342,533,759,0.153,5.6000000000000005,18.69,19,780,N/A
2011,3,17,13,30,331,496,704,0.153,5.5,18.68,19,780,N/A
2011,3,17,14,0,353,300,567,0.153,5.4,18.8,19,780,N/A
2011,3,17,14,30,254,523,598,0.153,5.2,20.01,19,780,N/A
2011,3,17,15,0,205,561,536,0.153,5.1000000000000005,19.53,19,780,N/A
2011,3,17,15,30,190,478,437,0.153,4.800000000000001,20.8,18,780,N/A
2011,3,17,16,0,165,435,352,0.153,4.6000000000000005,20.11,18,780,N/A
2011,3,17,16,30,70,747,322,0.153,3.3000000000000003,22.84,16,780,N/A
2011,3,17,17,0,59,632,210,0.153,2.1,26.35,14,780,N/A
2011,3,17,17,30,41,449,103,0.153,1.8,32.07,11,780,N/A
2011,3,17,18,0,19,0,19,0.153,1.6,38.25,9,780,N/A
2011,3,17,18,30,0,0,0,0.153,1.6,40.94,8,780,N/A
2011,3,17,19,0,0,0,0,0.153,1.7000000000000002,43.31,8,780,N/A
2011,3,17,19,30,0,0,0,0.153,1.7000000000000002,46.4,7,780,N/A
2011,3,17,20,0,0,0,0,0.153,1.7000000000000002,46.25,7,780,N/A
2011,3,17,20,30,0,0,0,0.153,1.6,49.57,6,780,N/A
2011,3,17,21,0,0,0,0,0.153,1.6,49.44,6,780,N/A
2011,3,17,21,30,0,0,0,0.153,1.6,49.44,5,780,N/A
2011,3,17,22,0,0,0,0,0.153,1.6,49.06,5,780,N/A
2011,3,17,22,30,0,0,0,0.153,1.6,52.61,4,780,N/A
2011,3,17,23,0,0,0,0,0.153,1.7000000000000002,52.480000000000004,4,780,N/A
2011,3,17,23,30,0,0,0,0.153,1.7000000000000002,56.31,4,780,N/A
2011,3,18,0,0,0,0,0,0.153,1.7000000000000002,57.34,4,780,N/A
2011,3,18,0,30,0,0,0,0.153,1.7000000000000002,61.56,3,780,N/A
2011,3,18,1,0,0,0,0,0.153,1.7000000000000002,63.84,3,780,N/A
2011,3,18,1,30,0,0,0,0.153,1.6,63.84,2,780,N/A
2011,3,18,2,0,0,0,0,0.153,1.6,66.92,2,780,N/A
2011,3,18,2,30,0,0,0,0.153,1.6,71.88,1,780,N/A
2011,3,18,3,0,0,0,0,0.153,1.6,75.8,1,780,N/A
2011,3,18,3,30,0,0,0,0.153,1.6,75.81,1,780,N/A
2011,3,18,4,0,0,0,0,0.153,1.6,80.13,1,780,N/A
2011,3,18,4,30,0,0,0,0.153,1.5,80.15,1,780,N/A
2011,3,18,5,0,0,0,0,0.153,1.5,84.17,1,780,N/A
2011,3,18,5,30,0,0,0,0.153,1.4000000000000001,84.18,1,780,N/A
2011,3,18,6,0,0,0,0,0.153,1.4000000000000001,81.29,2,780,N/A
2011,3,18,6,30,8,0,8,0.153,1.8,70.60000000000001,4,790,N/A
2011,3,18,7,0,33,0,33,0.153,2.2,62.31,7,790,N/A
2011,3,18,7,30,96,295,174,0.153,2.1,54.35,9,790,N/A
2011,3,18,8,0,114,498,293,0.153,2,38.17,11,790,N/A
2011,3,18,8,30,143,541,387,0.153,2.2,35.74,12,790,N/A
2011,3,18,9,0,209,448,449,0.153,2.5,29.76,14,790,N/A
2011,3,18,9,30,195,623,575,0.153,2.7,27.89,14,790,N/A
2011,3,18,10,0,269,489,598,0.153,3,24.57,15,790,N/A
2011,3,18,10,30,326,404,619,0.153,3.2,24.560000000000002,16,790,N/A
2011,3,18,11,0,223,747,794,0.153,3.5,22.03,17,790,N/A
2011,3,18,11,30,304,621,795,0.153,3.6,22.02,17,780,N/A
2011,3,18,12,0,277,663,809,0.153,3.8000000000000003,20,18,780,N/A
2011,3,18,12,30,101,993,897,0.153,3.8000000000000003,20,18,780,N/A
2011,3,18,13,0,335,552,769,0.153,3.9000000000000004,18.32,18,780,N/A
2011,3,18,13,30,335,486,703,0.153,3.8000000000000003,18.32,18,780,N/A
2011,3,18,14,0,296,513,663,0.153,3.7,17.94,18,780,N/A
2011,3,18,14,30,255,522,601,0.153,3.5,19.1,17,780,N/A
2011,3,18,15,0,205,566,541,0.153,3.4000000000000004,18.62,17,780,N/A
2011,3,18,15,30,215,394,419,0.153,3,19.830000000000002,16,780,N/A
2011,3,18,16,0,155,465,356,0.153,2.8000000000000003,19.490000000000002,16,780,N/A
2011,3,18,16,30,124,380,254,0.153,1.9000000000000001,22.16,14,780,N/A
2011,3,18,17,0,60,0,60,0.153,1.1,28.29,13,780,N/A
2011,3,18,17,30,30,0,30,0.153,1.1,32.27,11,780,N/A
2011,3,18,18,0,5,0,5,0.153,1.2000000000000002,37.550000000000004,10,780,N/A
2011,3,18,18,30,0,0,0,0.153,1.4000000000000001,37.56,9,780,N/A
2011,3,18,19,0,0,0,0,0.153,1.7000000000000002,36.96,9,780,N/A
2011,3,18,19,30,0,0,0,0.153,2.4000000000000004,36.97,9,780,N/A
2011,3,18,20,0,0,0,0,0.153,3.2,37.160000000000004,9,780,N/A
2011,3,18,20,30,0,0,0,0.153,3.8000000000000003,39.76,9,780,N/A
2011,3,18,21,0,0,0,0,0.153,4.4,41.17,9,780,N/A
2011,3,18,21,30,0,0,0,0.153,4.3,44.06,8,780,N/A
2011,3,18,22,0,0,0,0,0.153,4.3,46.08,7,780,N/A
2011,3,18,22,30,0,0,0,0.153,4.1000000000000005,49.35,6,780,N/A
2011,3,18,23,0,0,0,0,0.153,3.9000000000000004,51.160000000000004,6,780,N/A
2011,3,18,23,30,0,0,0,0.153,3.8000000000000003,54.82,5,780,N/A
2011,3,19,0,0,0,0,0,0.153,3.8000000000000003,56.85,5,780,N/A
2011,3,19,0,30,0,0,0,0.153,3.9000000000000004,60.95,4,780,N/A
2011,3,19,1,0,0,0,0,0.153,4.1000000000000005,63.63,4,780,N/A
2011,3,19,1,30,0,0,0,0.153,4.1000000000000005,68.26,3,780,N/A
2011,3,19,2,0,0,0,0,0.153,4.2,71.8,3,780,N/A
2011,3,19,2,30,0,0,0,0.153,3.9000000000000004,71.79,3,780,N/A
2011,3,19,3,0,0,0,0,0.153,3.7,74.96000000000001,3,780,N/A
2011,3,19,3,30,0,0,0,0.153,3.3000000000000003,74.95,3,780,N/A
2011,3,19,4,0,0,0,0,0.153,2.9000000000000004,76.33,3,780,N/A
2011,3,19,4,30,0,0,0,0.153,2.3000000000000003,76.33,3,780,N/A
2011,3,19,5,0,0,0,0,0.153,1.8,75.73,3,780,N/A
2011,3,19,5,30,0,0,0,0.153,1.6,75.72,3,780,N/A
2011,3,19,6,0,0,0,0,0.153,1.5,73.83,4,780,N/A
2011,3,19,6,30,21,26,22,0.153,2.1,64.16,6,780,N/A
2011,3,19,7,0,61,129,83,0.153,2.7,53.75,8,780,N/A
2011,3,19,7,30,76,492,208,0.153,3.1,46.92,10,780,N/A
2011,3,19,8,0,82,727,347,0.153,3.5,31.45,12,780,N/A
2011,3,19,8,30,91,799,456,0.153,3.8000000000000003,29.45,13,780,N/A
2011,3,19,9,0,98,854,559,0.153,4.1000000000000005,25.09,15,780,N/A
2011,3,19,9,30,104,892,651,0.153,4.3,23.51,15,780,N/A
2011,3,19,10,0,106,925,733,0.153,4.5,21.82,16,780,N/A
2011,3,19,10,30,110,945,799,0.153,4.6000000000000005,21.82,16,780,N/A
2011,3,19,11,0,109,966,851,0.153,4.7,20.03,17,780,N/A
2011,3,19,11,30,111,975,885,0.153,4.7,20.02,17,780,N/A
2011,3,19,12,0,111,980,902,0.153,4.800000000000001,17.900000000000002,18,780,N/A
2011,3,19,12,30,111,981,901,0.153,4.800000000000001,17.89,18,780,N/A
2011,3,19,13,0,111,976,882,0.153,4.800000000000001,16.7,18,780,N/A
2011,3,19,13,30,109,968,846,0.153,4.800000000000001,16.69,18,780,N/A
2011,3,19,14,0,103,961,794,0.153,4.9,15.31,18,780,N/A
2011,3,19,14,30,100,942,725,0.153,4.800000000000001,16.3,18,780,N/A
2011,3,19,15,0,95,915,643,0.153,4.800000000000001,14.86,18,780,N/A
2011,3,19,15,30,89,878,548,0.153,4.5,15.84,17,780,N/A
2011,3,19,16,0,127,578,380,0.153,4.3,14.72,17,780,N/A
2011,3,19,16,30,61,736,314,0.153,3.2,16.73,15,780,N/A
2011,3,19,17,0,76,423,180,0.153,2.1,19.28,13,780,N/A
2011,3,19,17,30,33,528,108,0.153,1.8,23.5,10,780,N/A
2011,3,19,18,0,21,0,21,0.153,1.5,29.52,8,780,N/A
2011,3,19,18,30,0,0,0,0.153,1.5,31.61,7,780,N/A
2011,3,19,19,0,0,0,0,0.153,1.6,30.52,7,780,N/A
2011,3,19,19,30,0,0,0,0.153,2,32.71,7,780,N/A
2011,3,19,20,0,0,0,0,0.153,2.4000000000000004,30.85,7,780,N/A
2011,3,19,20,30,0,0,0,0.153,2.4000000000000004,33.08,6,780,N/A
2011,3,19,21,0,0,0,0,0.153,2.5,31.05,5,780,N/A
2011,3,19,21,30,0,0,0,0.153,2.2,33.3,4,780,N/A
2011,3,19,22,0,0,0,0,0.153,2,31.76,4,780,N/A
2011,3,19,22,30,0,0,0,0.153,1.7000000000000002,34.09,3,780,N/A
2011,3,19,23,0,0,0,0,0.153,1.4000000000000001,33.56,3,780,N/A
2011,3,19,23,30,0,0,0,0.153,1.2000000000000002,36.03,2,780,N/A
2011,3,20,0,0,0,0,0,0.153,1.2000000000000002,37.96,2,780,N/A
2011,3,20,0,30,0,0,0,0.153,1.2000000000000002,40.800000000000004,1,780,N/A
2011,3,20,1,0,0,0,0,0.153,1.2000000000000002,39.050000000000004,1,780,N/A
2011,3,20,1,30,0,0,0,0.153,1.2000000000000002,39.04,0,780,N/A
2011,3,20,2,0,0,0,0,0.153,1.3,37.07,0,780,N/A
2011,3,20,2,30,0,0,0,0.153,1.3,37.07,0,780,N/A
2011,3,20,3,0,0,0,0,0.153,1.4000000000000001,35.39,0,780,N/A
2011,3,20,3,30,0,0,0,0.153,1.4000000000000001,35.4,0,780,N/A
2011,3,20,4,0,0,0,0,0.153,1.4000000000000001,34.15,0,780,N/A
2011,3,20,4,30,0,0,0,0.153,1.4000000000000001,34.160000000000004,0,780,N/A
2011,3,20,5,0,0,0,0,0.153,1.4000000000000001,33.13,0,780,N/A
2011,3,20,5,30,0,0,0,0.153,1.2000000000000002,33.14,0,780,N/A
2011,3,20,6,0,0,0,0,0.153,1.2000000000000002,31.78,1,780,N/A
2011,3,20,6,30,24,68,29,0.153,1.1,27.560000000000002,3,780,N/A
2011,3,20,7,0,59,243,101,0.153,1,23.26,6,780,N/A
2011,3,20,7,30,75,519,216,0.153,1.4000000000000001,20.29,8,780,N/A
2011,3,20,8,0,121,483,299,0.153,1.9000000000000001,10.67,10,780,N/A
2011,3,20,8,30,158,501,389,0.153,2.5,9.98,11,780,N/A
2011,3,20,9,0,101,888,584,0.153,3.2,8.26,13,780,N/A
2011,3,20,9,30,107,923,678,0.153,3.4000000000000004,7.74,13,780,N/A
2011,3,20,10,0,131,870,725,0.153,3.7,7.88,14,780,N/A
2011,3,20,10,30,362,336,609,0.153,3.8000000000000003,7.88,15,780,N/A
2011,3,20,11,0,350,457,703,0.153,4,8.120000000000001,16,780,N/A
2011,3,20,11,30,375,469,750,0.153,4,8.120000000000001,16,780,N/A
2011,3,20,12,0,366,525,792,0.153,4.1000000000000005,8.3,17,780,N/A
2011,3,20,12,30,385,468,764,0.153,4.1000000000000005,8.3,17,780,N/A
2011,3,20,13,0,370,469,743,0.153,4.3,8.36,17,780,N/A
2011,3,20,13,30,339,498,720,0.153,4.3,8.36,17,780,N/A
2011,3,20,14,0,308,471,648,0.153,4.3,8.81,17,780,N/A
2011,3,20,14,30,240,593,636,0.153,4.1000000000000005,9.38,17,780,N/A
2011,3,20,15,0,179,660,576,0.153,4.1000000000000005,9.71,17,780,N/A
2011,3,20,15,30,159,601,475,0.153,3.9000000000000004,10.35,16,780,N/A
2011,3,20,16,0,188,299,319,0.153,3.7,10.84,16,780,N/A
2011,3,20,16,30,146,218,222,0.153,2.8000000000000003,12.34,14,780,N/A
2011,3,20,17,0,81,0,81,0.153,2,17.330000000000002,12,780,N/A
2011,3,20,17,30,25,0,25,0.153,2,21.16,10,780,N/A
2011,3,20,18,0,5,0,5,0.153,2,25.57,8,780,N/A
2011,3,20,18,30,0,0,0,0.153,2.1,27.39,7,780,N/A
2011,3,20,19,0,0,0,0,0.153,2.2,26.28,7,780,N/A
2011,3,20,19,30,0,0,0,0.153,2.2,26.28,6,780,N/A
2011,3,20,20,0,0,0,0,0.153,2.2,26.09,6,780,N/A
2011,3,20,20,30,0,0,0,0.153,2.1,27.96,5,780,N/A
2011,3,20,21,0,0,0,0,0.153,2,28.07,5,780,N/A
2011,3,20,21,30,0,0,0,0.153,2,28.060000000000002,5,780,N/A
2011,3,20,22,0,0,0,0,0.153,2,27.91,5,780,N/A
2011,3,20,22,30,0,0,0,0.153,1.9000000000000001,27.900000000000002,5,780,N/A
2011,3,20,23,0,0,0,0,0.153,1.8,27.97,5,780,N/A
2011,3,20,23,30,0,0,0,0.153,1.7000000000000002,29.990000000000002,4,780,N/A
2011,3,21,0,0,0,0,0,0.153,1.7000000000000002,32.12,4,780,N/A
2011,3,21,0,30,0,0,0,0.153,1.6,34.480000000000004,3,780,N/A
2011,3,21,1,0,0,0,0,0.153,1.5,34.24,2,780,N/A
2011,3,21,1,30,0,0,0,0.153,1.4000000000000001,36.78,1,780,N/A
2011,3,21,2,0,0,0,0,0.153,1.4000000000000001,36.59,1,780,N/A
2011,3,21,2,30,0,0,0,0.153,1.3,39.32,1,780,N/A
2011,3,21,3,0,0,0,0,0.153,1.3,38.72,1,780,N/A
2011,3,21,3,30,0,0,0,0.153,1.3,38.71,0,780,N/A
2011,3,21,4,0,0,0,0,0.153,1.3,37.95,0,780,N/A
2011,3,21,4,30,0,0,0,0.153,1.3,37.95,0,780,N/A
2011,3,21,5,0,0,0,0,0.153,1.3,37.800000000000004,0,780,N/A
2011,3,21,5,30,0,0,0,0.153,1.3,37.800000000000004,1,780,N/A
2011,3,21,6,0,0,0,0,0.153,1.3,37.11,2,780,N/A
2011,3,21,6,30,25,255,43,0.153,1.8,29.990000000000002,5,780,N/A
2011,3,21,7,0,41,538,135,0.153,2.3000000000000003,24.52,8,780,N/A
2011,3,21,7,30,102,312,188,0.153,3.7,21.41,10,780,N/A
2011,3,21,8,0,144,356,278,0.153,5.1000000000000005,16.15,12,780,N/A
2011,3,21,8,30,210,235,320,0.153,5.7,15.11,13,780,N/A
2011,3,21,9,0,263,226,387,0.153,6.4,12.93,14,780,N/A
2011,3,21,9,30,203,626,593,0.153,6.6000000000000005,12.120000000000001,14,780,N/A
2011,3,21,10,0,175,770,704,0.153,6.9,10.450000000000001,15,780,N/A
2011,3,21,10,30,270,626,732,0.153,7.300000000000001,10.44,15,780,N/A
2011,3,21,11,0,350,500,739,0.153,7.7,9.15,16,780,N/A
2011,3,21,11,30,349,551,792,0.153,8,9.14,16,780,N/A
2011,3,21,12,0,351,564,812,0.153,8.4,8.47,17,780,N/A
2011,3,21,12,30,116,980,913,0.153,8.5,8.46,17,780,N/A
2011,3,21,13,0,115,975,892,0.153,8.700000000000001,8.75,18,780,N/A
2011,3,21,13,30,113,966,855,0.153,8.8,8.75,18,780,N/A
2011,3,21,14,0,292,557,697,0.153,8.9,8.6,18,770,N/A
2011,3,21,14,30,316,347,550,0.153,8.8,9.16,17,770,N/A
2011,3,21,15,0,223,519,537,0.153,8.8,9.84,17,770,N/A
2011,3,21,15,30,146,656,493,0.153,8.5,10.48,16,770,N/A
2011,3,21,16,0,114,640,398,0.153,8.200000000000001,11.3,16,770,N/A
2011,3,21,16,30,48,834,340,0.153,7.4,12.05,15,770,N/A
2011,3,21,17,0,47,681,218,0.152,6.6000000000000005,13.55,14,770,N/A
2011,3,21,17,30,48,304,93,0.152,5.800000000000001,14.47,13,770,N/A
2011,3,21,18,0,20,0,20,0.152,5.1000000000000005,16.29,12,770,N/A
2011,3,21,18,30,0,0,0,0.152,4.9,17.400000000000002,11,770,N/A
2011,3,21,19,0,0,0,0,0.152,4.800000000000001,19.580000000000002,11,780,N/A
2011,3,21,19,30,0,0,0,0.152,4.7,20.94,10,780,N/A
2011,3,21,20,0,0,0,0,0.152,4.7,22.92,10,780,N/A
2011,3,21,20,30,0,0,0,0.152,4.7,22.92,9,780,N/A
2011,3,21,21,0,0,0,0,0.152,4.7,26.29,9,780,N/A
2011,3,21,21,30,0,0,0,0.152,4.5,28.12,8,780,N/A
2011,3,21,22,0,0,0,0,0.152,4.4,34.52,8,780,N/A
2011,3,21,22,30,0,0,0,0.152,4.2,36.94,7,770,N/A
2011,3,21,23,0,0,0,0,0.152,4.1000000000000005,46.09,7,770,N/A
2011,3,21,23,30,0,0,0,0.152,3.9000000000000004,49.34,6,770,N/A
2011,3,22,0,0,0,0,0,0.152,3.8000000000000003,58.52,6,770,N/A
2011,3,22,0,30,0,0,0,0.152,3.7,62.690000000000005,5,770,N/A
2011,3,22,1,0,0,0,0,0.152,3.6,69.34,5,770,N/A
2011,3,22,1,30,0,0,0,0.152,3.9000000000000004,74.32000000000001,4,770,N/A
2011,3,22,2,0,0,0,0,0.152,4.3,82.10000000000001,3,770,N/A
2011,3,22,2,30,0,0,0,0.152,4.6000000000000005,88.12,2,770,N/A
2011,3,22,3,0,0,0,0,0.152,5.1000000000000005,89.97,1,770,N/A
2011,3,22,3,30,0,0,0,0.152,5.1000000000000005,96.72,0,770,N/A
2011,3,22,4,0,0,0,0,0.152,5.300000000000001,86.35000000000001,0,770,N/A
2011,3,22,4,30,0,0,0,0.152,5.300000000000001,86.38,0,770,N/A
2011,3,22,5,0,0,0,0,0.152,5.300000000000001,77.12,0,770,N/A
2011,3,22,5,30,0,0,0,0.152,5.1000000000000005,77.15,0,770,N/A
2011,3,22,6,0,0,0,0,0.152,4.9,71.74,0,770,N/A
2011,3,22,6,30,1,0,1,0.152,5.2,71.77,0,770,N/A
2011,3,22,7,0,5,0,5,0.152,5.5,65.52,0,770,N/A
2011,3,22,7,30,9,0,9,0.152,6,60.99,1,780,N/A
2011,3,22,8,0,82,679,340,0.152,6.5,46.14,2,780,N/A
2011,3,22,8,30,73,897,496,0.152,6.800000000000001,46.160000000000004,2,780,N/A
2011,3,22,9,0,83,927,597,0.152,7.1000000000000005,36.85,3,780,N/A
2011,3,22,9,30,313,148,407,0.152,7.2,36.86,3,780,N/A
2011,3,22,10,0,354,143,453,0.152,7.300000000000001,31.46,4,780,N/A
2011,3,22,10,30,325,39,354,0.152,7.2,31.45,4,780,N/A
2011,3,22,11,0,400,296,632,0.152,7.2,27.86,5,780,N/A
2011,3,22,11,30,338,580,806,0.152,7.1000000000000005,27.86,5,780,N/A
2011,3,22,12,0,329,595,816,0.152,7,24.91,6,780,N/A
2011,3,22,12,30,115,996,928,0.152,6.9,24.900000000000002,6,780,N/A
2011,3,22,13,0,117,985,906,0.152,6.9,22.2,7,780,N/A
2011,3,22,13,30,115,975,868,0.152,6.800000000000001,22.19,7,780,N/A
2011,3,22,14,0,99,989,820,0.152,6.7,21.36,7,770,N/A
2011,3,22,14,30,96,971,750,0.152,6.6000000000000005,21.36,7,770,N/A
2011,3,22,15,0,86,960,670,0.152,6.6000000000000005,20.8,7,770,N/A
2011,3,22,15,30,81,927,574,0.152,6.4,22.28,6,770,N/A
2011,3,22,16,0,158,476,371,0.152,6.300000000000001,21.98,6,780,N/A
2011,3,22,16,30,140,307,249,0.152,5.800000000000001,23.57,5,780,N/A
2011,3,22,17,0,102,114,131,0.152,5.300000000000001,25.3,4,780,N/A
2011,3,22,17,30,37,496,112,0.152,4.3,29.16,3,780,N/A
2011,3,22,18,0,19,167,27,0.152,3.4000000000000004,32.44,2,780,N/A
2011,3,22,18,30,0,0,0,0.152,3.1,34.88,1,780,N/A
2011,3,22,19,0,0,0,0,0.152,2.9000000000000004,35.93,0,780,N/A
2011,3,22,19,30,0,0,0,0.152,2.6,35.94,0,780,N/A
2011,3,22,20,0,0,0,0,0.152,2.4000000000000004,39.47,-1,780,N/A
2011,3,22,20,30,0,0,0,0.152,2.3000000000000003,39.480000000000004,-1,780,N/A
2011,3,22,21,0,0,0,0,0.152,2.2,42.82,-2,780,N/A
2011,3,22,21,30,0,0,0,0.152,2,42.82,-2,780,N/A
2011,3,22,22,0,0,0,0,0.152,1.8,46.42,-3,780,N/A
2011,3,22,22,30,0,0,0,0.152,1.7000000000000002,46.42,-3,780,N/A
2011,3,22,23,0,0,0,0,0.152,1.6,50.58,-3,780,N/A
2011,3,22,23,30,0,0,0,0.152,1.5,50.58,-3,780,N/A
2011,3,23,0,0,0,0,0,0.152,1.5,51.61,-4,780,N/A
2011,3,23,0,30,0,0,0,0.152,1.4000000000000001,51.61,-4,780,N/A
2011,3,23,1,0,0,0,0,0.152,1.4000000000000001,52.980000000000004,-4,780,N/A
2011,3,23,1,30,0,0,0,0.152,1.4000000000000001,52.97,-4,780,N/A
2011,3,23,2,0,0,0,0,0.152,1.5,58.620000000000005,-4,780,N/A
2011,3,23,2,30,0,0,0,0.152,1.5,58.620000000000005,-4,780,N/A
2011,3,23,3,0,0,0,0,0.152,1.6,59.79,-4,780,N/A
2011,3,23,3,30,0,0,0,0.152,1.6,59.79,-4,780,N/A
2011,3,23,4,0,0,0,0,0.152,1.6,60.56,-4,780,N/A
2011,3,23,4,30,0,0,0,0.152,1.6,60.56,-4,780,N/A
2011,3,23,5,0,0,0,0,0.152,1.6,60.980000000000004,-4,780,N/A
2011,3,23,5,30,0,0,0,0.152,1.6,56.57,-3,780,N/A
2011,3,23,6,0,0,0,0,0.152,1.6,52.94,-3,780,N/A
2011,3,23,6,30,29,326,55,0.152,2.2,45.7,-1,780,N/A
2011,3,23,7,0,48,610,161,0.152,2.8000000000000003,41.75,0,780,N/A
2011,3,23,7,30,62,756,279,0.152,3.1,36.17,2,780,N/A
2011,3,23,8,0,69,857,399,0.152,3.5,27.39,4,780,N/A
2011,3,23,8,30,77,917,513,0.152,3.4000000000000004,25.54,5,780,N/A
2011,3,23,9,0,81,963,619,0.152,3.4000000000000004,19.25,7,780,N/A
2011,3,23,9,30,86,992,713,0.152,3.3000000000000003,17.98,8,780,N/A
2011,3,23,10,0,89,1014,794,0.152,3.3000000000000003,15.68,9,780,N/A
2011,3,23,10,30,91,1028,859,0.152,3.4000000000000004,14.67,10,780,N/A
2011,3,23,11,0,93,1038,909,0.152,3.5,13.24,11,780,N/A
2011,3,23,11,30,95,1044,941,0.152,3.6,13.24,11,780,N/A
2011,3,23,12,0,95,1046,956,0.152,3.7,12.25,12,780,N/A
2011,3,23,12,30,95,1045,953,0.152,3.7,12.24,12,780,N/A
2011,3,23,13,0,94,1040,931,0.152,3.7,11.36,13,780,N/A
2011,3,23,13,30,93,1031,892,0.152,3.6,11.35,13,780,N/A
2011,3,23,14,0,88,1024,838,0.152,3.6,11.38,13,780,N/A
2011,3,23,14,30,85,1007,767,0.152,3.4000000000000004,11.38,13,780,N/A
2011,3,23,15,0,79,988,683,0.152,3.3000000000000003,11.42,13,780,N/A
2011,3,23,15,30,74,955,585,0.152,2.9000000000000004,12.19,12,780,N/A
2011,3,23,16,0,68,910,477,0.152,2.6,13.15,12,780,N/A
2011,3,23,16,30,61,846,363,0.152,1.7000000000000002,15.030000000000001,10,780,N/A
2011,3,23,17,0,55,725,242,0.152,0.9,21.05,8,780,N/A
2011,3,23,17,30,41,560,127,0.152,0.7000000000000001,24.14,6,780,N/A
2011,3,23,18,0,19,224,30,0.152,0.5,26.68,5,780,N/A
2011,3,23,18,30,0,0,0,0.152,0.6000000000000001,26.68,4,780,N/A
2011,3,23,19,0,0,0,0,0.152,0.8,25.36,4,780,N/A
2011,3,23,19,30,0,0,0,0.152,0.9,27.21,4,780,N/A
2011,3,23,20,0,0,0,0,0.152,1.1,26.12,4,780,N/A
2011,3,23,20,30,0,0,0,0.152,1.2000000000000002,28.04,3,780,N/A
2011,3,23,21,0,0,0,0,0.152,1.4000000000000001,30.35,2,780,N/A
2011,3,23,21,30,0,0,0,0.152,1.4000000000000001,32.61,1,780,N/A
2011,3,23,22,0,0,0,0,0.152,1.4000000000000001,32.96,0,780,N/A
2011,3,23,22,30,0,0,0,0.152,1.4000000000000001,32.95,0,780,N/A
2011,3,23,23,0,0,0,0,0.152,1.5,33.01,0,780,N/A
2011,3,23,23,30,0,0,0,0.152,1.5,33.01,0,780,N/A
2011,3,24,0,0,0,0,0,0.152,1.5,35.62,0,780,N/A
2011,3,24,0,30,0,0,0,0.152,1.5,35.61,0,780,N/A
2011,3,24,1,0,0,0,0,0.152,1.5,35.53,-1,780,N/A
2011,3,24,1,30,0,0,0,0.152,1.5,35.52,-1,780,N/A
2011,3,24,2,0,0,0,0,0.152,1.5,35.22,-1,780,N/A
2011,3,24,2,30,0,0,0,0.152,1.5,35.21,-1,780,N/A
2011,3,24,3,0,0,0,0,0.152,1.6,35.01,-1,780,N/A
2011,3,24,3,30,0,0,0,0.152,1.7000000000000002,35,-1,780,N/A
2011,3,24,4,0,0,0,0,0.152,1.8,34.84,-1,780,N/A
2011,3,24,4,30,0,0,0,0.152,1.9000000000000001,34.84,-1,780,N/A
2011,3,24,5,0,0,0,0,0.152,2.1,34.81,-1,780,N/A
2011,3,24,5,30,0,0,0,0.152,2,32.37,0,780,N/A
2011,3,24,6,0,0,0,0,0.152,1.9000000000000001,34.09,0,780,N/A
2011,3,24,6,30,31,287,56,0.152,2.4000000000000004,29.53,2,780,N/A
2011,3,24,7,0,54,546,158,0.152,3,25.75,4,780,N/A
2011,3,24,7,30,69,695,272,0.152,3.7,22.41,6,780,N/A
2011,3,24,8,0,80,793,388,0.152,4.4,19.830000000000002,8,780,N/A
2011,3,24,8,30,88,856,499,0.152,4.800000000000001,18.54,9,780,N/A
2011,3,24,9,0,93,905,603,0.152,5.2,18.88,11,780,N/A
2011,3,24,9,30,99,937,696,0.152,5.5,17.66,11,780,N/A
2011,3,24,10,0,103,960,775,0.152,5.9,17.29,12,780,N/A
2011,3,24,10,30,106,976,839,0.152,6.300000000000001,17.29,12,780,N/A
2011,3,24,11,0,113,979,886,0.152,6.800000000000001,18.06,13,780,N/A
2011,3,24,11,30,115,986,918,0.152,6.9,18.05,13,780,N/A
2011,3,24,12,0,117,987,933,0.152,7.1000000000000005,17.46,13,780,N/A
2011,3,24,12,30,117,986,930,0.152,6.9,17.45,13,780,N/A
2011,3,24,13,0,115,982,910,0.152,6.800000000000001,17.21,13,770,N/A
2011,3,24,13,30,113,974,872,0.152,6.800000000000001,17.2,13,770,N/A
2011,3,24,14,0,353,64,401,0.152,6.800000000000001,16.07,13,770,N/A
2011,3,24,14,30,100,954,750,0.152,6.800000000000001,17.16,13,770,N/A
2011,3,24,15,0,93,933,667,0.152,6.800000000000001,15.49,13,770,N/A
2011,3,24,15,30,88,898,571,0.152,6.6000000000000005,16.55,12,770,N/A
2011,3,24,16,0,81,847,464,0.152,6.5,14.69,11,780,N/A
2011,3,24,16,30,73,777,352,0.152,5.7,15.71,10,780,N/A
2011,3,24,17,0,61,677,237,0.152,4.9,15.24,9,780,N/A
2011,3,24,17,30,45,506,125,0.152,3.6,18.7,7,780,N/A
2011,3,24,18,0,21,204,31,0.152,2.3000000000000003,21.8,5,780,N/A
2011,3,24,18,30,0,0,0,0.152,2,23.400000000000002,3,780,N/A
2011,3,24,19,0,0,0,0,0.152,1.8,25.240000000000002,2,780,N/A
2011,3,24,19,30,0,0,0,0.152,1.7000000000000002,27.12,1,780,N/A
2011,3,24,20,0,0,0,0,0.152,1.6,26.95,1,780,N/A
2011,3,24,20,30,0,0,0,0.152,1.5,28.96,0,780,N/A
2011,3,24,21,0,0,0,0,0.152,1.4000000000000001,29.07,0,780,N/A
2011,3,24,21,30,0,0,0,0.152,1.3,29.07,0,780,N/A
2011,3,24,22,0,0,0,0,0.152,1.3,28.52,0,780,N/A
2011,3,24,22,30,0,0,0,0.152,1.3,28.51,0,780,N/A
2011,3,24,23,0,0,0,0,0.152,1.3,27.78,0,780,N/A
2011,3,24,23,30,0,0,0,0.152,1.3,27.77,0,780,N/A
2011,3,25,0,0,0,0,0,0.152,1.3,29.6,0,780,N/A
2011,3,25,0,30,0,0,0,0.152,1.3,29.59,0,780,N/A
2011,3,25,1,0,0,0,0,0.152,1.4000000000000001,29.75,-1,780,N/A
2011,3,25,1,30,0,0,0,0.152,1.4000000000000001,29.740000000000002,-1,780,N/A
2011,3,25,2,0,0,0,0,0.152,1.4000000000000001,32.47,-1,780,N/A
2011,3,25,2,30,0,0,0,0.152,1.4000000000000001,32.47,-1,780,N/A
2011,3,25,3,0,0,0,0,0.152,1.4000000000000001,33.2,-2,780,N/A
2011,3,25,3,30,0,0,0,0.152,1.4000000000000001,33.2,-2,780,N/A
2011,3,25,4,0,0,0,0,0.152,1.4000000000000001,34.03,-2,780,N/A
2011,3,25,4,30,0,0,0,0.152,1.4000000000000001,34.03,-2,780,N/A
2011,3,25,5,0,0,0,0,0.152,1.4000000000000001,35.39,-2,780,N/A
2011,3,25,5,30,0,0,0,0.152,1.3,32.89,-1,780,N/A
2011,3,25,6,0,0,0,0,0.152,1.3,33.78,0,780,N/A
2011,3,25,6,30,30,335,60,0.152,1.7000000000000002,29.26,2,780,N/A
2011,3,25,7,0,51,572,163,0.152,2.2,25.38,4,780,N/A
2011,3,25,7,30,65,712,277,0.152,2.7,22.080000000000002,6,780,N/A
2011,3,25,8,0,76,797,391,0.152,3.3000000000000003,18.13,8,780,N/A
2011,3,25,8,30,85,858,501,0.152,3.8000000000000003,16.94,9,780,N/A
2011,3,25,9,0,93,897,602,0.152,4.3,15.35,10,780,N/A
2011,3,25,9,30,98,928,694,0.152,4.5,15.35,11,780,N/A
2011,3,25,10,0,104,947,771,0.152,4.800000000000001,15.34,12,780,N/A
2011,3,25,10,30,107,963,835,0.152,5,14.35,12,780,N/A
2011,3,25,11,0,109,975,883,0.152,5.300000000000001,14.68,13,770,N/A
2011,3,25,11,30,110,980,913,0.152,5.4,14.67,13,770,N/A
2011,3,25,12,0,110,983,927,0.152,5.6000000000000005,16.18,14,770,N/A
2011,3,25,12,30,110,981,923,0.152,5.7,16.17,14,770,N/A
2011,3,25,13,0,106,980,902,0.152,5.9,16.64,14,770,N/A
2011,3,25,13,30,104,971,864,0.152,6,16.64,14,770,N/A
2011,3,25,14,0,102,957,810,0.152,6.2,17.93,14,770,N/A
2011,3,25,14,30,99,938,741,0.152,6.300000000000001,19.13,14,770,N/A
2011,3,25,15,0,223,546,561,0.152,6.4,20.19,14,770,N/A
2011,3,25,15,30,238,343,423,0.152,6.300000000000001,21.55,13,770,N/A
2011,3,25,16,0,187,41,205,0.152,6.300000000000001,22.48,13,770,N/A
2011,3,25,16,30,157,140,208,0.152,5.6000000000000005,24.02,12,770,N/A
2011,3,25,17,0,62,0,62,0.152,5.1000000000000005,25.25,11,770,N/A
2011,3,25,17,30,41,0,41,0.152,4.1000000000000005,28.86,9,770,N/A
2011,3,25,18,0,10,0,10,0.152,3.1,35.54,8,770,N/A
2011,3,25,18,30,0,0,0,0.152,3.1,38.08,7,770,N/A
2011,3,25,19,0,0,0,0,0.152,3.1,40.37,6,770,N/A
2011,3,25,19,30,0,0,0,0.152,3,43.28,5,770,N/A
2011,3,25,20,0,0,0,0,0.152,2.9000000000000004,45.86,5,770,N/A
2011,3,25,20,30,0,0,0,0.152,2.8000000000000003,49.18,4,770,N/A
2011,3,25,21,0,0,0,0,0.152,2.7,55.550000000000004,4,770,N/A
2011,3,25,21,30,0,0,0,0.152,2.4000000000000004,59.64,3,770,N/A
2011,3,25,22,0,0,0,0,0.152,2.2,62.07,2,770,N/A
2011,3,25,22,30,0,0,0,0.152,1.9000000000000001,66.68,1,770,N/A
2011,3,25,23,0,0,0,0,0.152,1.7000000000000002,73.65,1,770,N/A
2011,3,25,23,30,0,0,0,0.152,1.6,73.65,0,770,N/A
2011,3,26,0,0,0,0,0,0.152,1.6,74.25,0,770,N/A
2011,3,26,0,30,0,0,0,0.152,1.5,74.25,0,770,N/A
2011,3,26,1,0,0,0,0,0.152,1.5,73.24,0,770,N/A
2011,3,26,1,30,0,0,0,0.152,1.5,73.23,0,770,N/A
2011,3,26,2,0,0,0,0,0.152,1.5,76.69,-1,770,N/A
2011,3,26,2,30,0,0,0,0.152,1.4000000000000001,76.69,-1,770,N/A
2011,3,26,3,0,0,0,0,0.152,1.4000000000000001,80.21000000000001,-1,770,N/A
2011,3,26,3,30,0,0,0,0.152,1.4000000000000001,80.21000000000001,-1,770,N/A
2011,3,26,4,0,0,0,0,0.152,1.4000000000000001,78.35000000000001,-2,770,N/A
2011,3,26,4,30,0,0,0,0.152,1.4000000000000001,78.36,-2,770,N/A
2011,3,26,5,0,0,0,0,0.152,1.4000000000000001,82.94,-2,780,N/A
2011,3,26,5,30,0,0,0,0.152,1.5,77.05,-1,780,N/A
2011,3,26,6,0,0,0,0,0.152,1.6,70.84,-1,780,N/A
2011,3,26,6,30,34,326,65,0.152,2.5,65.89,0,780,N/A
2011,3,26,7,0,54,583,170,0.152,3.4000000000000004,51.32,2,780,N/A
2011,3,26,7,30,68,722,286,0.152,3.8000000000000003,47.800000000000004,3,780,N/A
2011,3,26,8,0,74,826,404,0.152,4.2,34.19,5,780,N/A
2011,3,26,8,30,81,884,515,0.152,4.2,31.900000000000002,6,780,N/A
2011,3,26,9,0,85,932,619,0.152,4.3,26.37,7,780,N/A
2011,3,26,9,30,89,961,710,0.152,4.2,24.63,8,780,N/A
2011,3,26,10,0,92,984,789,0.152,4.2,21.52,9,780,N/A
2011,3,26,10,30,94,998,853,0.152,4.1000000000000005,20.12,10,770,N/A
2011,3,26,11,0,95,1010,901,0.152,4.1000000000000005,18.25,11,770,N/A
2011,3,26,11,30,97,1015,932,0.152,4.1000000000000005,18.25,11,770,N/A
2011,3,26,12,0,97,1017,945,0.152,4.1000000000000005,17.16,12,770,N/A
2011,3,26,12,30,96,1015,941,0.152,4,17.150000000000002,12,770,N/A
2011,3,26,13,0,97,1006,918,0.152,4,16.85,13,770,N/A
2011,3,26,13,30,95,996,878,0.152,3.8000000000000003,16.85,13,770,N/A
2011,3,26,14,0,96,975,821,0.152,3.7,18.2,13,770,N/A
2011,3,26,14,30,93,956,750,0.152,3.5,18.2,13,770,N/A
2011,3,26,15,0,97,911,662,0.152,3.4000000000000004,19.8,13,770,N/A
2011,3,26,15,30,258,112,319,0.152,3.2,21.14,12,770,N/A
2011,3,26,16,0,211,104,259,0.152,3.1,22.990000000000002,12,770,N/A
2011,3,26,16,30,78,741,349,0.152,2.4000000000000004,24.55,11,770,N/A
2011,3,26,17,0,68,624,234,0.152,1.8,29.64,10,770,N/A
2011,3,26,17,30,50,454,124,0.152,1.4000000000000001,33.910000000000004,8,770,N/A
2011,3,26,18,0,24,155,33,0.152,1,43.84,7,770,N/A
2011,3,26,18,30,0,0,0,0.152,0.9,43.85,6,770,N/A
2011,3,26,19,0,0,0,0,0.152,0.9,45.83,6,770,N/A
2011,3,26,19,30,0,0,0,0.152,0.9,49.120000000000005,5,770,N/A
2011,3,26,20,0,0,0,0,0.152,1,51.47,5,770,N/A
2011,3,26,20,30,0,0,0,0.152,1.2000000000000002,51.480000000000004,5,770,N/A
2011,3,26,21,0,0,0,0,0.152,1.4000000000000001,55.15,5,770,N/A
2011,3,26,21,30,0,0,0,0.152,1.6,59.14,5,770,N/A
2011,3,26,22,0,0,0,0,0.152,1.8,63.03,5,770,N/A
2011,3,26,22,30,0,0,0,0.152,1.7000000000000002,67.62,4,770,N/A
2011,3,26,23,0,0,0,0,0.152,1.7000000000000002,70.46000000000001,4,770,N/A
2011,3,26,23,30,0,0,0,0.152,1.6,75.64,3,770,N/A
2011,3,27,0,0,0,0,0,0.152,1.6,77.06,2,770,N/A
2011,3,27,0,30,0,0,0,0.152,1.5,82.78,1,770,N/A
2011,3,27,1,0,0,0,0,0.152,1.5,83.96000000000001,1,770,N/A
2011,3,27,1,30,0,0,0,0.152,1.4000000000000001,90.23,0,770,N/A
2011,3,27,2,0,0,0,0,0.152,1.3,90.57000000000001,0,770,N/A
2011,3,27,2,30,0,0,0,0.152,1.3,90.57000000000001,0,770,N/A
2011,3,27,3,0,0,0,0,0.152,1.3,90.18,0,770,N/A
2011,3,27,3,30,0,0,0,0.152,1.3,90.18,0,770,N/A
2011,3,27,4,0,0,0,0,0.152,1.3,89.36,0,770,N/A
2011,3,27,4,30,0,0,0,0.152,1.3,89.37,0,770,N/A
2011,3,27,5,0,0,0,0,0.152,1.4000000000000001,87.38,0,770,N/A
2011,3,27,5,30,0,0,0,0.152,1.7000000000000002,87.4,0,770,N/A
2011,3,27,6,0,0,0,0,0.152,2,87.26,0,770,N/A
2011,3,27,6,30,35,327,67,0.152,3,81.22,1,770,N/A
2011,3,27,7,0,55,567,172,0.152,4.1000000000000005,74.89,3,770,N/A
2011,3,27,7,30,70,705,286,0.152,4.800000000000001,69.78,4,780,N/A
2011,3,27,8,0,139,10,143,0.152,5.6000000000000005,54.25,5,780,N/A
2011,3,27,8,30,85,868,515,0.152,5.6000000000000005,54.25,6,780,N/A
2011,3,27,9,0,88,924,621,0.152,5.6000000000000005,44.35,7,780,N/A
2011,3,27,9,30,92,956,714,0.152,5.6000000000000005,41.4,8,780,N/A
2011,3,27,10,0,96,980,795,0.152,5.6000000000000005,34.09,9,780,N/A
2011,3,27,10,30,99,997,861,0.152,5.5,31.85,10,780,N/A
2011,3,27,11,0,97,1016,913,0.152,5.5,26.29,11,780,N/A
2011,3,27,11,30,99,1023,945,0.152,5.5,24.59,11,780,N/A
2011,3,27,12,0,98,1028,960,0.152,5.5,20.35,12,780,N/A
2011,3,27,12,30,98,1026,956,0.152,5.5,20.35,12,780,N/A
2011,3,27,13,0,97,1022,934,0.152,5.5,17.53,13,770,N/A
2011,3,27,13,30,95,1014,895,0.152,5.5,17.53,13,770,N/A
2011,3,27,14,0,95,997,839,0.152,5.5,16.57,13,770,N/A
2011,3,27,14,30,258,580,659,0.152,5.300000000000001,16.57,13,770,N/A
2011,3,27,15,0,213,593,583,0.152,5.2,16.12,13,770,N/A
2011,3,27,15,30,159,638,508,0.152,5,17.21,12,770,N/A
2011,3,27,16,0,182,398,365,0.152,4.800000000000001,17.2,12,780,N/A
2011,3,27,16,30,115,508,302,0.152,3.7,18.37,11,780,N/A
2011,3,27,17,0,80,466,205,0.152,2.7,21.07,10,780,N/A
2011,3,27,17,30,54,0,54,0.152,2,25.810000000000002,7,780,N/A
2011,3,27,18,0,15,0,15,0.152,1.3,33.14,5,780,N/A
2011,3,27,18,30,0,0,0,0.152,1.3,35.54,4,780,N/A
2011,3,27,19,0,0,0,0,0.152,1.3,38.22,4,780,N/A
2011,3,27,19,30,0,0,0,0.152,1.3,38.22,3,780,N/A
2011,3,27,20,0,0,0,0,0.152,1.4000000000000001,37.59,3,780,N/A
2011,3,27,20,30,0,0,0,0.152,1.4000000000000001,40.36,2,780,N/A
2011,3,27,21,0,0,0,0,0.152,1.4000000000000001,39.68,2,780,N/A
2011,3,27,21,30,0,0,0,0.152,1.4000000000000001,42.62,1,780,N/A
2011,3,27,22,0,0,0,0,0.152,1.4000000000000001,42,1,780,N/A
2011,3,27,22,30,0,0,0,0.152,1.4000000000000001,45.14,1,780,N/A
2011,3,27,23,0,0,0,0,0.152,1.4000000000000001,44.68,1,780,N/A
2011,3,27,23,30,0,0,0,0.152,1.3,44.67,0,780,N/A
2011,3,28,0,0,0,0,0,0.152,1.3,44.82,0,780,N/A
2011,3,28,0,30,0,0,0,0.152,1.3,44.82,0,780,N/A
2011,3,28,1,0,0,0,0,0.152,1.3,45.93,0,780,N/A
2011,3,28,1,30,0,0,0,0.152,1.3,45.92,0,780,N/A
2011,3,28,2,0,0,0,0,0.152,1.4000000000000001,49.83,0,780,N/A
2011,3,28,2,30,0,0,0,0.152,1.4000000000000001,49.83,0,780,N/A
2011,3,28,3,0,0,0,0,0.152,1.4000000000000001,57.19,0,780,N/A
2011,3,28,3,30,0,0,0,0.152,1.4000000000000001,57.19,0,780,N/A
2011,3,28,4,0,0,0,0,0.152,1.4000000000000001,70.15,0,780,N/A
2011,3,28,4,30,0,0,0,0.152,1.4000000000000001,70.15,0,780,N/A
2011,3,28,5,0,0,0,0,0.152,1.4000000000000001,75.9,-1,780,N/A
2011,3,28,5,30,0,0,0,0.152,1.4000000000000001,70.59,0,780,N/A
2011,3,28,6,0,0,0,0,0.152,1.5,73.82000000000001,0,780,N/A
2011,3,28,6,30,34,377,74,0.152,2.3000000000000003,63.95,2,780,N/A
2011,3,28,7,0,54,600,180,0.152,3.2,56.93,4,780,N/A
2011,3,28,7,30,67,729,294,0.152,4,53.09,6,780,N/A
2011,3,28,8,0,77,814,409,0.152,4.9,43.43,8,780,N/A
2011,3,28,8,30,84,871,519,0.152,5,40.57,9,780,N/A
2011,3,28,9,0,90,914,622,0.152,5.1000000000000005,32.1,10,780,N/A
2011,3,28,9,30,95,942,712,0.152,5.2,30.03,11,780,N/A
2011,3,28,10,0,97,967,791,0.152,5.4,26.13,12,780,N/A
2011,3,28,10,30,100,982,854,0.152,5.5,24.47,13,780,N/A
2011,3,28,11,0,98,999,904,0.152,5.7,22.150000000000002,14,780,N/A
2011,3,28,11,30,100,1005,935,0.152,5.800000000000001,22.14,14,780,N/A
2011,3,28,12,0,98,1011,949,0.152,5.9,20.6,15,780,N/A
2011,3,28,12,30,98,1010,945,0.152,5.9,20.59,15,780,N/A
2011,3,28,13,0,94,1010,925,0.152,6,20.580000000000002,16,780,N/A
2011,3,28,13,30,93,1001,887,0.152,6,20.580000000000002,16,770,N/A
2011,3,28,14,0,87,996,833,0.152,6,19.32,16,770,N/A
2011,3,28,14,30,84,980,764,0.152,5.9,20.6,16,770,N/A
2011,3,28,15,0,80,958,681,0.152,5.9,20.6,16,770,N/A
2011,3,28,15,30,75,928,586,0.152,5.6000000000000005,21.97,15,770,N/A
2011,3,28,16,0,70,885,481,0.152,5.4,21.92,15,770,N/A
2011,3,28,16,30,63,825,369,0.152,4.6000000000000005,23.400000000000002,14,770,N/A
2011,3,28,17,0,54,731,253,0.152,3.8000000000000003,25.43,13,770,N/A
2011,3,28,17,30,41,582,140,0.152,2.8000000000000003,31.060000000000002,10,780,N/A
2011,3,28,18,0,22,302,41,0.152,1.8,37.59,8,780,N/A
2011,3,28,18,30,0,0,0,0.152,1.7000000000000002,40.27,6,780,N/A
2011,3,28,19,0,0,0,0,0.152,1.7000000000000002,44,5,780,N/A
2011,3,28,19,30,0,0,0,0.152,1.6,47.19,4,780,N/A
2011,3,28,20,0,0,0,0,0.152,1.5,48.03,4,780,N/A
2011,3,28,20,30,0,0,0,0.152,1.4000000000000001,51.54,3,780,N/A
2011,3,28,21,0,0,0,0,0.152,1.4000000000000001,56.65,3,780,N/A
2011,3,28,21,30,0,0,0,0.152,1.3,56.65,2,780,N/A
2011,3,28,22,0,0,0,0,0.152,1.3,57.86,2,780,N/A
2011,3,28,22,30,0,0,0,0.152,1.2000000000000002,62.15,1,780,N/A
2011,3,28,23,0,0,0,0,0.152,1.2000000000000002,62.96,1,780,N/A
2011,3,28,23,30,0,0,0,0.152,1.2000000000000002,62.96,1,780,N/A
2011,3,29,0,0,0,0,0,0.152,1.2000000000000002,63.33,1,780,N/A
2011,3,29,0,30,0,0,0,0.152,1.1,68.08,1,780,N/A
2011,3,29,1,0,0,0,0,0.152,1.1,68.33,1,780,N/A
2011,3,29,1,30,0,0,0,0.152,1,68.35000000000001,0,780,N/A
2011,3,29,2,0,0,0,0,0.152,1,68.48,0,780,N/A
2011,3,29,2,30,0,0,0,0.152,1,68.5,0,780,N/A
2011,3,29,3,0,0,0,0,0.152,1,68.5,0,780,N/A
2011,3,29,3,30,0,0,0,0.152,1,68.53,0,780,N/A
2011,3,29,4,0,0,0,0,0.152,1,68.14,0,780,N/A
2011,3,29,4,30,0,0,0,0.152,1.1,68.17,0,780,N/A
2011,3,29,5,0,0,0,0,0.152,1.2000000000000002,71.26,-1,780,N/A
2011,3,29,5,30,0,0,0,0.152,1.6,66.27,0,780,N/A
2011,3,29,6,0,0,0,0,0.152,2,61.71,0,780,N/A
2011,3,29,6,30,33,460,84,0.152,2.6,53.47,2,780,N/A
2011,3,29,7,0,50,677,195,0.152,3.2,37.83,4,780,N/A
2011,3,29,7,30,61,800,314,0.152,3.9000000000000004,35.29,5,780,N/A
2011,3,29,8,0,70,879,433,0.152,4.6000000000000005,18.35,7,780,N/A
2011,3,29,8,30,77,932,547,0.152,4.4,17.14,8,780,N/A
2011,3,29,9,0,83,969,651,0.152,4.3,11.85,9,780,N/A
2011,3,29,9,30,87,996,744,0.152,4,11.08,10,780,N/A
2011,3,29,10,0,92,1013,823,0.152,3.7,8.790000000000001,11,780,N/A
2011,3,29,10,30,95,1026,888,0.152,3.5,8.790000000000001,12,780,N/A
2011,3,29,11,0,100,1030,935,0.152,3.3000000000000003,7.58,13,780,N/A
2011,3,29,11,30,101,1035,966,0.152,3.2,7.1000000000000005,13,780,N/A
2011,3,29,12,0,105,1031,977,0.152,3.2,6.46,14,780,N/A
2011,3,29,12,30,105,1030,973,0.152,3.3000000000000003,6.46,14,780,N/A
2011,3,29,13,0,101,1031,953,0.152,3.5,6.45,14,780,N/A
2011,3,29,13,30,99,1023,913,0.152,3.6,6.45,14,780,N/A
2011,3,29,14,0,94,1016,859,0.152,3.7,6.51,15,780,N/A
2011,3,29,14,30,91,998,787,0.152,3.8000000000000003,6.51,14,780,N/A
2011,3,29,15,0,90,967,700,0.152,3.9000000000000004,6.62,14,780,N/A
2011,3,29,15,30,169,608,506,0.152,3.8000000000000003,7.07,13,780,N/A
2011,3,29,16,0,134,593,411,0.152,3.8000000000000003,7.8,13,780,N/A
2011,3,29,16,30,109,544,313,0.152,2.9000000000000004,8.33,11,780,N/A
2011,3,29,17,0,72,664,254,0.156,2.1,11.52,10,780,N/A
2011,3,29,17,30,36,580,135,0.156,1.6,13.19,8,780,N/A
2011,3,29,18,0,28,169,40,0.156,1.2000000000000002,20.89,6,780,N/A
2011,3,29,18,30,0,0,0,0.156,1.2000000000000002,22.39,5,780,N/A
2011,3,29,19,0,0,0,0,0.156,1.4000000000000001,23.35,5,780,N/A
2011,3,29,19,30,0,0,0,0.156,1.5,23.36,5,780,N/A
2011,3,29,20,0,0,0,0,0.156,1.6,24.1,5,780,N/A
2011,3,29,20,30,0,0,0,0.156,1.5,25.85,4,780,N/A
2011,3,29,21,0,0,0,0,0.156,1.4000000000000001,27.28,4,780,N/A
2011,3,29,21,30,0,0,0,0.156,1.1,29.28,4,780,N/A
2011,3,29,22,0,0,0,0,0.156,0.9,31.87,4,780,N/A
2011,3,29,22,30,0,0,0,0.156,0.7000000000000001,31.86,3,780,N/A
2011,3,29,23,0,0,0,0,0.156,0.5,32.24,3,780,N/A
2011,3,29,23,30,0,0,0,0.156,0.5,34.6,3,780,N/A
2011,3,30,0,0,0,0,0,0.156,0.5,35.42,3,780,N/A
2011,3,30,0,30,0,0,0,0.156,0.6000000000000001,38.04,2,780,N/A
2011,3,30,1,0,0,0,0,0.156,0.8,37.53,2,780,N/A
2011,3,30,1,30,0,0,0,0.156,0.8,40.32,1,780,N/A
2011,3,30,2,0,0,0,0,0.156,0.9,39.64,0,780,N/A
2011,3,30,2,30,0,0,0,0.156,0.9,39.62,0,780,N/A
2011,3,30,3,0,0,0,0,0.156,0.9,42.24,0,780,N/A
2011,3,30,3,30,0,0,0,0.156,1,42.24,0,780,N/A
2011,3,30,4,0,0,0,0,0.156,1.1,41.22,-1,780,N/A
2011,3,30,4,30,0,0,0,0.156,1.1,41.21,-1,780,N/A
2011,3,30,5,0,0,0,0,0.156,1.1,38.730000000000004,-1,780,N/A
2011,3,30,5,30,0,0,0,0.156,1.3,36.01,0,780,N/A
2011,3,30,6,0,0,0,0,0.156,1.6,32.88,0,780,N/A
2011,3,30,6,30,22,0,22,0.156,2.7,30.59,2,780,N/A
2011,3,30,7,0,52,0,52,0.156,3.8000000000000003,23.67,4,780,N/A
2011,3,30,7,30,119,342,229,0.156,4.800000000000001,22.06,5,780,N/A
2011,3,30,8,0,167,346,312,0.156,5.9,23.35,7,780,N/A
2011,3,30,8,30,79,885,529,0.156,6.1000000000000005,21.8,7,780,N/A
2011,3,30,9,0,84,926,631,0.156,6.4,24.26,8,780,N/A
2011,3,30,9,30,88,953,721,0.156,6.4,22.67,9,780,N/A
2011,3,30,10,0,278,582,701,0.156,6.4,22.76,10,780,N/A
2011,3,30,10,30,290,601,757,0.156,6.4,21.29,11,780,N/A
2011,3,30,11,0,346,567,807,0.156,6.4,20.5,12,780,N/A
2011,3,30,11,30,323,610,835,0.156,6.300000000000001,20.490000000000002,13,780,N/A
2011,3,30,12,0,343,616,866,0.156,6.300000000000001,19.55,14,780,N/A
2011,3,30,12,30,285,683,863,0.156,6.300000000000001,19.54,14,780,N/A
2011,3,30,13,0,368,545,821,0.156,6.300000000000001,18.87,14,780,N/A
2011,3,30,13,30,375,466,748,0.156,6.300000000000001,18.86,14,780,N/A
2011,3,30,14,0,334,445,670,0.156,6.300000000000001,19.64,15,780,N/A
2011,3,30,14,30,287,499,636,0.156,6.4,19.63,14,780,N/A
2011,3,30,15,0,80,957,686,0.156,6.5,20.42,14,780,N/A
2011,3,30,15,30,75,925,590,0.156,6.5,21.8,13,780,N/A
2011,3,30,16,0,121,650,426,0.156,6.6000000000000005,22.76,13,780,N/A
2011,3,30,16,30,131,438,296,0.156,6.1000000000000005,24.32,12,780,N/A
2011,3,30,17,0,96,394,205,0.156,5.7,27.28,11,780,N/A
2011,3,30,17,30,58,296,110,0.156,4.6000000000000005,31.18,9,780,N/A
2011,3,30,18,0,24,167,35,0.156,3.6,37.7,8,780,N/A
2011,3,30,18,30,0,0,0,0.156,3,40.4,7,780,N/A
2011,3,30,19,0,0,0,0,0.156,2.4000000000000004,44.75,6,780,N/A
2011,3,30,19,30,0,0,0,0.156,2.1,48,5,780,N/A
2011,3,30,20,0,0,0,0,0.156,1.9000000000000001,49.160000000000004,4,780,N/A
2011,3,30,20,30,0,0,0,0.156,1.8,52.75,3,780,N/A
2011,3,30,21,0,0,0,0,0.156,1.8,54.1,3,780,N/A
2011,3,30,21,30,0,0,0,0.156,1.8,58.07,2,780,N/A
2011,3,30,22,0,0,0,0,0.156,1.8,59.89,2,780,N/A
2011,3,30,22,30,0,0,0,0.156,1.8,64.33,1,780,N/A
2011,3,30,23,0,0,0,0,0.156,1.9000000000000001,66.6,1,780,N/A
2011,3,30,23,30,0,0,0,0.156,1.9000000000000001,71.57000000000001,0,780,N/A
2011,3,31,0,0,0,0,0,0.156,2,74.01,0,780,N/A
2011,3,31,0,30,0,0,0,0.156,2,73.98,0,780,N/A
2011,3,31,1,0,0,0,0,0.156,2,76.25,0,780,N/A
2011,3,31,1,30,0,0,0,0.156,2,76.24,0,780,N/A
2011,3,31,2,0,0,0,0,0.156,2,78.32000000000001,0,780,N/A
2011,3,31,2,30,0,0,0,0.156,2,78.32000000000001,0,780,N/A
2011,3,31,3,0,0,0,0,0.156,2,79.94,0,780,N/A
2011,3,31,3,30,0,0,0,0.156,2,79.94,0,780,N/A
2011,3,31,4,0,0,0,0,0.156,2,80.95,0,780,N/A
2011,3,31,4,30,0,0,0,0.156,1.9000000000000001,80.95,0,780,N/A
2011,3,31,5,0,0,0,0,0.156,1.9000000000000001,81.22,0,780,N/A
2011,3,31,5,30,0,0,0,0.156,2.2,81.24,0,780,N/A
2011,3,31,6,0,0,0,0,0.156,2.5,81.29,1,780,N/A
2011,3,31,6,30,28,559,95,0.156,3.1,70.43,3,780,N/A
2011,3,31,7,0,39,741,206,0.156,3.8000000000000003,57.1,5,780,N/A
2011,3,31,7,30,47,841,321,0.156,4.1000000000000005,49.76,7,780,N/A
2011,3,31,8,0,53,906,436,0.156,4.4,41.32,9,780,N/A
2011,3,31,8,30,58,949,545,0.156,4.3,36.160000000000004,11,780,N/A
2011,3,31,9,0,60,983,645,0.156,4.3,29.94,13,780,N/A
2011,3,31,9,30,63,1005,734,0.156,4.1000000000000005,28.05,14,780,N/A
2011,3,31,10,0,63,1025,811,0.156,4.1000000000000005,25.42,16,780,N/A
2011,3,31,10,30,65,1036,873,0.156,4.1000000000000005,23.830000000000002,17,780,N/A
2011,3,31,11,0,78,1026,917,0.156,4.1000000000000005,21.86,18,780,N/A
2011,3,31,11,30,79,1030,947,0.156,4.3,20.52,18,780,N/A
2011,3,31,12,0,80,1031,960,0.156,4.6000000000000005,19.09,19,780,N/A
2011,3,31,12,30,80,1030,955,0.156,4.800000000000001,19.080000000000002,19,780,N/A
2011,3,31,13,0,79,1025,933,0.156,5.1000000000000005,19.240000000000002,20,780,N/A
2011,3,31,13,30,78,1017,894,0.156,5.300000000000001,19.23,20,780,N/A
2011,3,31,14,0,76,1006,839,0.156,5.6000000000000005,19.68,20,780,N/A
2011,3,31,14,30,73,990,770,0.156,5.6000000000000005,19.67,19,780,N/A
2011,3,31,15,0,72,964,686,0.156,5.800000000000001,20.080000000000002,19,780,N/A
2011,3,31,15,30,68,936,591,0.156,5.800000000000001,21.37,18,780,N/A
2011,3,31,16,0,63,897,487,0.156,5.800000000000001,21.57,18,780,N/A
2011,3,31,16,30,57,842,376,0.156,5.4,22.97,17,780,N/A
2011,3,31,17,0,47,770,263,0.156,5.1000000000000005,24.64,16,780,N/A
2011,3,31,17,30,37,639,150,0.156,4.3,28.02,14,780,N/A
2011,3,31,18,0,21,403,50,0.156,3.5,32.55,12,780,N/A
2011,3,31,18,30,0,0,0,0.156,3.3000000000000003,34.79,11,780,N/A
2011,3,31,19,0,0,0,0,0.156,3.1,37.58,10,780,N/A
2011,3,31,19,30,0,0,0,0.156,2.8000000000000003,40.21,9,780,N/A
2011,3,31,20,0,0,0,0,0.156,2.5,43.82,8,780,N/A
2011,3,31,20,30,0,0,0,0.156,2.3000000000000003,46.92,7,780,N/A
2011,3,31,21,0,0,0,0,0.156,2.1,47.96,7,780,N/A
2011,3,31,21,30,0,0,0,0.156,2,51.36,6,780,N/A
2011,3,31,22,0,0,0,0,0.156,2,56.08,6,780,N/A
2011,3,31,22,30,0,0,0,0.156,1.9000000000000001,60.13,5,780,N/A
2011,3,31,23,0,0,0,0,0.156,1.9000000000000001,60.86,5,780,N/A
2011,3,31,23,30,0,0,0,0.156,1.9000000000000001,60.85,4,780,N/A
2011,4,1,0,0,0,0,0,0.156,1.9000000000000001,61.13,4,780,N/A
2011,4,1,0,30,0,0,0,0.156,1.9000000000000001,65.58,3,780,N/A
2011,4,1,1,0,0,0,0,0.156,2,65.18,3,780,N/A
2011,4,1,1,30,0,0,0,0.156,2,69.97,2,780,N/A
2011,4,1,2,0,0,0,0,0.156,2,68.52,2,780,N/A
2011,4,1,2,30,0,0,0,0.156,2,73.60000000000001,2,780,N/A
2011,4,1,3,0,0,0,0,0.156,2.1,71.18,2,780,N/A
2011,4,1,3,30,0,0,0,0.156,2.1,71.19,1,780,N/A
2011,4,1,4,0,0,0,0,0.156,2.1,68.44,1,780,N/A
2011,4,1,4,30,0,0,0,0.156,2.1,73.58,0,780,N/A
2011,4,1,5,0,0,0,0,0.156,2.1,70.42,0,780,N/A
2011,4,1,5,30,0,0,0,0.156,2.5,65.53,1,780,N/A
2011,4,1,6,0,11,186,14,0.156,2.9000000000000004,58.96,3,780,N/A
2011,4,1,6,30,32,564,103,0.156,2.8000000000000003,51.21,5,780,N/A
2011,4,1,7,0,46,743,217,0.156,2.7,40.29,8,780,N/A
2011,4,1,7,30,56,846,336,0.156,2.7,32.910000000000004,10,780,N/A
2011,4,1,8,0,64,909,453,0.156,2.8000000000000003,21.06,13,780,N/A
2011,4,1,8,30,70,954,564,0.156,2.9000000000000004,18.51,15,780,N/A
2011,4,1,9,0,79,977,665,0.156,3.1,12.34,17,780,N/A
2011,4,1,9,30,83,1001,756,0.156,3.1,11.59,18,780,N/A
2011,4,1,10,0,91,1008,832,0.156,3.2,10.05,19,780,N/A
2011,4,1,10,30,94,1021,895,0.156,3.4000000000000004,10.05,20,780,N/A
2011,4,1,11,0,91,1038,944,0.156,3.7,9.200000000000001,21,780,N/A
2011,4,1,11,30,92,1043,974,0.156,3.9000000000000004,9.200000000000001,21,780,N/A
2011,4,1,12,0,90,1047,987,0.156,4.2,8.69,21,780,N/A
2011,4,1,12,30,90,1045,981,0.156,4.4,8.69,21,780,N/A
2011,4,1,13,0,88,1040,958,0.156,4.6000000000000005,8.9,22,780,N/A
2011,4,1,13,30,86,1031,917,0.156,4.7,8.89,22,780,N/A
2011,4,1,14,0,79,1029,862,0.156,4.9,9.200000000000001,22,780,N/A
2011,4,1,14,30,76,1012,790,0.156,4.9,9.200000000000001,21,780,N/A
2011,4,1,15,0,74,987,704,0.156,5,9.53,21,780,N/A
2011,4,1,15,30,70,956,607,0.156,4.9,10.13,20,780,N/A
2011,4,1,16,0,66,912,500,0.156,4.9,10.61,20,780,N/A
2011,4,1,16,30,59,855,386,0.156,4.1000000000000005,12.02,18,780,N/A
2011,4,1,17,0,52,768,269,0.156,3.3000000000000003,14.05,17,780,N/A
2011,4,1,17,30,40,633,154,0.156,2.5,17.03,14,780,N/A
2011,4,1,18,0,23,386,52,0.156,1.8,23.900000000000002,12,780,N/A
2011,4,1,18,30,0,0,0,0.156,1.7000000000000002,25.55,10,780,N/A
2011,4,1,19,0,0,0,0,0.156,1.7000000000000002,28.32,9,780,N/A
2011,4,1,19,30,0,0,0,0.156,1.6,30.310000000000002,8,780,N/A
2011,4,1,20,0,0,0,0,0.156,1.5,31.240000000000002,8,780,N/A
2011,4,1,20,30,0,0,0,0.156,1.4000000000000001,33.44,7,780,N/A
2011,4,1,21,0,0,0,0,0.156,1.4000000000000001,33.85,7,780,N/A
2011,4,1,21,30,0,0,0,0.156,1.4000000000000001,36.26,6,780,N/A
2011,4,1,22,0,0,0,0,0.156,1.4000000000000001,35.980000000000004,6,780,N/A
2011,4,1,22,30,0,0,0,0.156,1.4000000000000001,38.56,6,780,N/A
2011,4,1,23,0,0,0,0,0.156,1.4000000000000001,37.79,6,780,N/A
2011,4,1,23,30,0,0,0,0.156,1.4000000000000001,37.79,5,780,N/A
2011,4,2,0,0,0,0,0,0.156,1.4000000000000001,36.9,5,780,N/A
2011,4,2,0,30,0,0,0,0.156,1.3,36.89,5,780,N/A
2011,4,2,1,0,0,0,0,0.156,1.3,36.02,5,780,N/A
2011,4,2,1,30,0,0,0,0.156,1.2000000000000002,36.01,5,780,N/A
2011,4,2,2,0,0,0,0,0.156,1.2000000000000002,34.96,6,780,N/A
2011,4,2,2,30,0,0,0,0.156,1.1,34.95,6,780,N/A
2011,4,2,3,0,0,0,0,0.156,1.1,31.580000000000002,6,780,N/A
2011,4,2,3,30,0,0,0,0.156,0.9,31.580000000000002,6,780,N/A
2011,4,2,4,0,0,0,0,0.156,0.8,30.490000000000002,7,780,N/A
2011,4,2,4,30,0,0,0,0.156,0.6000000000000001,30.490000000000002,7,780,N/A
2011,4,2,5,0,0,0,0,0.156,0.5,29.47,7,780,N/A
2011,4,2,5,30,0,0,0,0.156,0.4,27.51,7,780,N/A
2011,4,2,6,0,12,204,16,0.156,0.4,27.86,8,780,N/A
2011,4,2,6,30,32,559,105,0.156,0.5,24.36,10,780,N/A
2011,4,2,7,0,46,733,217,0.156,0.7000000000000001,24.650000000000002,13,780,N/A
2011,4,2,7,30,55,834,335,0.156,1.4000000000000001,21.66,15,780,N/A
2011,4,2,8,0,62,900,451,0.156,2.1,14.31,17,780,N/A
2011,4,2,8,30,68,945,561,0.156,2.9000000000000004,13.44,18,780,N/A
2011,4,2,9,0,72,977,663,0.156,3.8000000000000003,10.15,20,780,N/A
2011,4,2,9,30,76,1001,753,0.156,4.1000000000000005,9.540000000000001,21,780,N/A
2011,4,2,10,0,79,1018,831,0.156,4.5,8.92,22,780,N/A
2011,4,2,10,30,81,1031,893,0.156,4.7,8.92,22,780,N/A
2011,4,2,11,0,86,1032,938,0.156,5,8.46,23,780,N/A
2011,4,2,11,30,87,1037,968,0.156,5.1000000000000005,8.46,23,780,N/A
2011,4,2,12,0,88,1038,981,0.156,5.300000000000001,8.540000000000001,23,780,N/A
2011,4,2,12,30,88,1036,976,0.156,5.4,8.53,23,780,N/A
2011,4,2,13,0,88,1030,952,0.156,5.5,8.72,24,780,N/A
2011,4,2,13,30,87,1021,912,0.156,5.6000000000000005,8.72,24,780,N/A
2011,4,2,14,0,340,441,678,0.156,5.7,9.14,24,780,N/A
2011,4,2,14,30,295,474,631,0.156,5.7,9.13,23,780,N/A
2011,4,2,15,0,210,627,612,0.156,5.7,9.85,23,780,N/A
2011,4,2,15,30,138,720,545,0.156,5.4,10.46,22,780,N/A
2011,4,2,16,0,176,461,396,0.156,5.2,11.49,22,780,N/A
2011,4,2,16,30,141,427,306,0.156,4.2,12.98,21,780,N/A
2011,4,2,17,0,113,228,178,0.156,3.2,15.66,20,780,N/A
2011,4,2,17,30,47,483,135,0.156,2.4000000000000004,18.91,17,780,N/A
2011,4,2,18,0,26,261,46,0.156,1.6,24.990000000000002,14,780,N/A
2011,4,2,18,30,0,0,0,0.156,1.5,26.67,13,780,N/A
2011,4,2,19,0,0,0,0,0.156,1.5,30.36,12,780,N/A
2011,4,2,19,30,0,0,0,0.156,1.6,32.43,11,780,N/A
2011,4,2,20,0,0,0,0,0.156,1.7000000000000002,34.08,11,780,N/A
2011,4,2,20,30,0,0,0,0.156,1.7000000000000002,34.08,11,780,N/A
2011,4,2,21,0,0,0,0,0.156,1.8,35.59,11,780,N/A
2011,4,2,21,30,0,0,0,0.156,1.8,35.59,11,780,N/A
2011,4,2,22,0,0,0,0,0.156,1.9000000000000001,37.480000000000004,11,780,N/A
2011,4,2,22,30,0,0,0,0.156,1.8,37.47,11,780,N/A
2011,4,2,23,0,0,0,0,0.156,1.8,39.11,11,780,N/A
2011,4,2,23,30,0,0,0,0.156,1.7000000000000002,41.79,10,780,N/A
2011,4,3,0,0,0,0,0,0.156,1.7000000000000002,42.94,10,780,N/A
2011,4,3,0,30,0,0,0,0.156,1.7000000000000002,42.92,10,780,N/A
2011,4,3,1,0,0,0,0,0.156,1.7000000000000002,43.550000000000004,10,780,N/A
2011,4,3,1,30,0,0,0,0.156,1.6,46.56,10,780,N/A
2011,4,3,2,0,0,0,0,0.156,1.6,47.2,10,780,N/A
2011,4,3,2,30,0,0,0,0.156,1.5,47.2,9,780,N/A
2011,4,3,3,0,0,0,0,0.156,1.5,47.93,9,780,N/A
2011,4,3,3,30,0,0,0,0.156,1.5,51.28,8,780,N/A
2011,4,3,4,0,0,0,0,0.156,1.5,51.9,8,780,N/A
2011,4,3,4,30,0,0,0,0.156,1.4000000000000001,55.550000000000004,7,780,N/A
2011,4,3,5,0,0,0,0,0.156,1.4000000000000001,55.58,7,780,N/A
2011,4,3,5,30,0,0,0,0.156,1.4000000000000001,55.58,8,780,N/A
2011,4,3,6,0,6,0,6,0.156,1.4000000000000001,52.31,9,780,N/A
2011,4,3,6,30,37,0,37,0.156,2.3000000000000003,45.72,10,780,N/A
2011,4,3,7,0,77,0,77,0.156,3.3000000000000003,39.97,12,780,N/A
2011,4,3,7,30,116,6,118,0.156,4.4,37.43,13,780,N/A
2011,4,3,8,0,66,823,426,0.156,5.5,33.730000000000004,14,780,N/A
2011,4,3,8,30,77,887,544,0.156,6.1000000000000005,31.62,15,770,N/A
2011,4,3,9,0,82,923,644,0.156,6.800000000000001,28.04,16,770,N/A
2011,4,3,9,30,331,84,388,0.156,7.4,28.03,17,770,N/A
2011,4,3,10,0,363,88,429,0.156,8,24.54,18,770,N/A
2011,4,3,10,30,400,321,655,0.156,8.5,23.03,18,770,N/A
2011,4,3,11,0,385,369,691,0.156,9,20.150000000000002,19,770,N/A
2011,4,3,11,30,393,43,430,0.156,9.3,20.14,19,770,N/A
2011,4,3,12,0,425,395,767,0.156,9.700000000000001,18.79,19,770,N/A
2011,4,3,12,30,442,414,798,0.156,9.8,18.78,19,770,N/A
2011,4,3,13,0,405,400,743,0.156,9.9,18.22,19,770,N/A
2011,4,3,13,30,429,243,626,0.156,9.9,19.39,19,770,N/A
2011,4,3,14,0,394,102,472,0.156,9.9,19.78,19,770,N/A
2011,4,3,14,30,226,15,237,0.156,9.8,21.06,18,770,N/A
2011,4,3,15,0,225,18,237,0.156,9.700000000000001,22.05,18,770,N/A
2011,4,3,15,30,26,0,26,0.156,9.4,23.5,17,770,N/A
2011,4,3,16,0,77,0,77,0.156,9.200000000000001,25.35,16,770,N/A
2011,4,3,16,30,140,413,301,0.156,8.700000000000001,28.84,15,770,N/A
2011,4,3,17,0,83,499,227,0.156,8.3,34.12,14,770,N/A
2011,4,3,17,30,50,523,147,0.156,7.5,36.44,12,770,N/A
2011,4,3,18,0,30,242,49,0.156,6.800000000000001,43.89,11,770,N/A
2011,4,3,18,30,0,0,0,0.156,6.5,50.19,9,770,N/A
2011,4,3,19,0,0,0,0,0.156,6.300000000000001,58.59,8,770,N/A
2011,4,3,19,30,0,0,0,0.156,6.300000000000001,67.23,7,770,N/A
2011,4,3,20,0,0,0,0,0.156,6.4,70.76,6,770,N/A
2011,4,3,20,30,0,0,0,0.156,6.5,75.93,4,780,N/A
2011,4,3,21,0,0,0,0,0.156,6.7,66.52,3,780,N/A
2011,4,3,21,30,0,0,0,0.156,6.6000000000000005,71.46000000000001,2,780,N/A
2011,4,3,22,0,0,0,0,0.156,6.5,53.53,2,780,N/A
2011,4,3,22,30,0,0,0,0.156,6.300000000000001,57.56,1,780,N/A
2011,4,3,23,0,0,0,0,0.156,6.2,43.4,1,780,N/A
2011,4,3,23,30,0,0,0,0.156,5.800000000000001,43.410000000000004,0,780,N/A
2011,4,4,0,0,0,0,0,0.156,5.5,35.45,0,780,N/A
2011,4,4,0,30,0,0,0,0.156,5.1000000000000005,35.46,0,780,N/A
2011,4,4,1,0,0,0,0,0.156,4.800000000000001,34.59,-1,780,N/A
2011,4,4,1,30,0,0,0,0.156,4.4,37.24,-2,780,N/A
2011,4,4,2,0,0,0,0,0.156,4,40.06,-3,780,N/A
2011,4,4,2,30,0,0,0,0.156,3.8000000000000003,40.08,-3,780,N/A
2011,4,4,3,0,0,0,0,0.156,3.6,44.69,-4,780,N/A
2011,4,4,3,30,0,0,0,0.156,3.3000000000000003,44.71,-4,780,N/A
2011,4,4,4,0,0,0,0,0.156,3.1,50.480000000000004,-4,780,N/A
2011,4,4,4,30,0,0,0,0.156,2.8000000000000003,50.51,-4,780,N/A
2011,4,4,5,0,0,0,0,0.156,2.6,52.53,-4,780,N/A
2011,4,4,5,30,0,0,0,0.156,2.8000000000000003,48.75,-3,780,N/A
2011,4,4,6,0,16,159,21,0.156,3,46.47,-3,780,N/A
2011,4,4,6,30,41,502,111,0.156,3.1,40.12,-1,780,N/A
2011,4,4,7,0,59,673,223,0.156,3.3000000000000003,34.480000000000004,0,780,N/A
2011,4,4,7,30,71,785,342,0.156,3.2,34.49,1,780,N/A
2011,4,4,8,0,77,871,461,0.156,3.1,27.17,2,780,N/A
2011,4,4,8,30,84,921,573,0.156,3.1,25.29,3,780,N/A
2011,4,4,9,0,87,964,677,0.156,3.1,18.32,4,780,N/A
2011,4,4,9,30,91,989,769,0.156,3.2,17.080000000000002,5,780,N/A
2011,4,4,10,0,90,1018,850,0.156,3.3000000000000003,13.84,6,780,N/A
2011,4,4,10,30,92,1030,912,0.156,3.3000000000000003,12.91,7,780,N/A
2011,4,4,11,0,95,1036,958,0.156,3.3000000000000003,11.17,9,780,N/A
2011,4,4,11,30,97,1040,988,0.156,3.5,10.44,9,780,N/A
2011,4,4,12,0,101,1035,998,0.156,3.7,9.73,10,780,N/A
2011,4,4,12,30,101,1033,992,0.156,4,9.73,10,780,N/A
2011,4,4,13,0,105,1019,966,0.156,4.4,9.63,11,780,N/A
2011,4,4,13,30,103,1010,925,0.156,4.6000000000000005,9.63,11,780,N/A
2011,4,4,14,0,93,1011,872,0.156,4.9,9.69,12,780,N/A
2011,4,4,14,30,89,993,799,0.156,4.9,10.35,12,780,N/A
2011,4,4,15,0,83,976,714,0.156,5,11.11,12,780,N/A
2011,4,4,15,30,78,945,617,0.156,5,11.88,11,780,N/A
2011,4,4,16,0,71,910,511,0.156,5.1000000000000005,12.77,10,780,N/A
2011,4,4,16,30,64,853,397,0.156,4.7,13.66,9,780,N/A
2011,4,4,17,0,54,778,281,0.156,4.4,15.82,9,780,N/A
2011,4,4,17,30,43,647,165,0.156,3.2,18.14,7,780,N/A
2011,4,4,18,0,26,404,60,0.156,2,23.96,5,780,N/A
2011,4,4,18,30,0,0,0,0.156,1.7000000000000002,25.71,3,780,N/A
2011,4,4,19,0,0,0,0,0.156,1.5,29.44,2,780,N/A
2011,4,4,19,30,0,0,0,0.156,1.5,31.63,1,780,N/A
2011,4,4,20,0,0,0,0,0.156,1.6,32.88,1,780,N/A
2011,4,4,20,30,0,0,0,0.156,1.6,35.34,1,780,N/A
2011,4,4,21,0,0,0,0,0.156,1.6,36.75,1,780,N/A
2011,4,4,21,30,0,0,0,0.156,1.6,36.75,0,780,N/A
2011,4,4,22,0,0,0,0,0.156,1.6,38.17,0,780,N/A
2011,4,4,22,30,0,0,0,0.156,1.6,38.17,0,780,N/A
2011,4,4,23,0,0,0,0,0.156,1.6,39.07,0,780,N/A
2011,4,4,23,30,0,0,0,0.156,1.6,39.06,0,780,N/A
2011,4,5,0,0,0,0,0,0.156,1.6,39.32,0,780,N/A
2011,4,5,0,30,0,0,0,0.156,1.6,39.31,0,780,N/A
2011,4,5,1,0,0,0,0,0.156,1.6,42.15,0,780,N/A
2011,4,5,1,30,0,0,0,0.156,1.6,42.14,0,780,N/A
2011,4,5,2,0,0,0,0,0.156,1.7000000000000002,41.81,-1,780,N/A
2011,4,5,2,30,0,0,0,0.156,1.7000000000000002,41.81,-1,780,N/A
2011,4,5,3,0,0,0,0,0.156,1.8,41.42,-1,780,N/A
2011,4,5,3,30,0,0,0,0.156,1.8,41.410000000000004,0,780,N/A
2011,4,5,4,0,0,0,0,0.156,1.9000000000000001,41.27,0,780,N/A
2011,4,5,4,30,0,0,0,0.156,1.9000000000000001,41.27,0,780,N/A
2011,4,5,5,0,0,0,0,0.156,1.9000000000000001,41.44,0,780,N/A
2011,4,5,5,30,0,0,0,0.156,2.3000000000000003,38.53,0,780,N/A
2011,4,5,6,0,16,228,24,0.156,2.7,36.63,1,780,N/A
2011,4,5,6,30,36,551,115,0.156,2.9000000000000004,31.77,3,780,N/A
2011,4,5,7,0,49,717,227,0.156,3.1,29.12,6,780,N/A
2011,4,5,7,30,58,816,344,0.156,3.6,25.37,8,780,N/A
2011,4,5,8,0,66,881,458,0.156,4.1000000000000005,22.84,10,780,N/A
2011,4,5,8,30,71,927,568,0.156,4.1000000000000005,21.37,11,780,N/A
2011,4,5,9,0,78,956,668,0.156,4.1000000000000005,18.69,13,780,N/A
2011,4,5,9,30,82,982,759,0.156,3.9000000000000004,17.51,14,780,N/A
2011,4,5,10,0,86,1000,836,0.156,3.8000000000000003,14.93,16,780,N/A
2011,4,5,10,30,88,1015,900,0.156,3.8000000000000003,14.01,17,780,N/A
2011,4,5,11,0,87,1031,950,0.156,3.8000000000000003,12.8,19,780,N/A
2011,4,5,11,30,89,1037,981,0.156,4.1000000000000005,12.02,19,780,N/A
2011,4,5,12,0,82,1051,997,0.156,4.4,11.17,20,780,N/A
2011,4,5,12,30,82,1050,992,0.156,4.6000000000000005,11.16,20,780,N/A
2011,4,5,13,0,78,1052,971,0.156,4.800000000000001,10.39,21,780,N/A
2011,4,5,13,30,77,1046,932,0.156,4.6000000000000005,10.38,21,780,N/A
2011,4,5,14,0,74,1038,877,0.156,4.6000000000000005,10.28,21,780,N/A
2011,4,5,14,30,72,1024,806,0.156,4.4,10.93,20,780,N/A
2011,4,5,15,0,73,996,720,0.156,4.2,10.89,20,780,N/A
2011,4,5,15,30,184,586,520,0.156,3.9000000000000004,11.59,19,780,N/A
2011,4,5,16,0,142,592,430,0.156,3.7,11.540000000000001,19,780,N/A
2011,4,5,16,30,172,126,222,0.156,2.6,13.08,18,780,N/A
2011,4,5,17,0,121,108,153,0.156,1.6,15.82,17,780,N/A
2011,4,5,17,30,72,148,100,0.156,1.4000000000000001,19.19,14,780,N/A
2011,4,5,18,0,30,93,38,0.156,1.3,24.73,11,780,N/A
2011,4,5,18,30,0,0,0,0.156,1.4000000000000001,26.43,10,780,N/A
2011,4,5,19,0,0,0,0,0.156,1.5,27.150000000000002,9,780,N/A
2011,4,5,19,30,0,0,0,0.156,1.5,29.05,8,780,N/A
2011,4,5,20,0,0,0,0,0.156,1.6,30.75,7,780,N/A
2011,4,5,20,30,0,0,0,0.156,1.6,32.94,6,780,N/A
2011,4,5,21,0,0,0,0,0.156,1.6,32.8,6,780,N/A
2011,4,5,21,30,0,0,0,0.156,1.6,35.15,6,780,N/A
2011,4,5,22,0,0,0,0,0.156,1.6,35.12,6,780,N/A
2011,4,5,22,30,0,0,0,0.156,1.6,35.12,5,780,N/A
2011,4,5,23,0,0,0,0,0.156,1.6,35.28,5,780,N/A
2011,4,5,23,30,0,0,0,0.156,1.6,37.83,5,780,N/A
2011,4,6,0,0,0,0,0,0.156,1.6,37.72,5,780,N/A
2011,4,6,0,30,0,0,0,0.156,1.6,37.71,4,780,N/A
2011,4,6,1,0,0,0,0,0.156,1.6,37.43,4,780,N/A
2011,4,6,1,30,0,0,0,0.156,1.5,40.15,3,780,N/A
2011,4,6,2,0,0,0,0,0.156,1.5,39.36,3,780,N/A
2011,4,6,2,30,0,0,0,0.156,1.5,39.36,3,780,N/A
2011,4,6,3,0,0,0,0,0.156,1.6,38.15,3,780,N/A
2011,4,6,3,30,0,0,0,0.156,1.6,40.95,3,780,N/A
2011,4,6,4,0,0,0,0,0.156,1.6,39.52,3,780,N/A
2011,4,6,4,30,0,0,0,0.156,1.7000000000000002,39.53,2,780,N/A
2011,4,6,5,0,0,0,0,0.156,1.8,37.95,2,780,N/A
2011,4,6,5,30,0,0,0,0.156,1.9000000000000001,35.35,3,780,N/A
2011,4,6,6,0,17,231,27,0.156,2.1,30.11,5,780,N/A
2011,4,6,6,30,39,545,121,0.156,2.9000000000000004,26.23,7,780,N/A
2011,4,6,7,0,52,720,235,0.156,3.7,21.2,10,780,N/A
2011,4,6,7,30,62,818,352,0.156,4.4,18.55,11,780,N/A
2011,4,6,8,0,69,884,467,0.156,5.1000000000000005,14.48,13,780,N/A
2011,4,6,8,30,75,926,575,0.156,5.4,14.48,14,780,N/A
2011,4,6,9,0,81,953,673,0.156,5.7,13.94,15,780,N/A
2011,4,6,9,30,85,975,760,0.156,6,13.07,15,780,N/A
2011,4,6,10,0,89,988,834,0.156,6.300000000000001,13,16,780,N/A
2011,4,6,10,30,92,999,894,0.156,6.4,12.200000000000001,17,780,N/A
2011,4,6,11,0,416,435,782,0.156,6.6000000000000005,12.66,18,780,N/A
2011,4,6,11,30,468,189,632,0.156,6.7,12.66,18,780,N/A
2011,4,6,12,0,454,211,638,0.156,6.9,14.59,19,780,N/A
2011,4,6,12,30,451,209,634,0.156,6.9,14.59,19,780,N/A
2011,4,6,13,0,440,208,617,0.156,7,18.14,19,780,N/A
2011,4,6,13,30,354,503,767,0.156,6.9,18.13,18,780,N/A
2011,4,6,14,0,316,521,720,0.156,6.800000000000001,22.990000000000002,18,780,N/A
2011,4,6,14,30,275,536,661,0.156,6.4,24.47,17,780,N/A
2011,4,6,15,0,246,527,591,0.156,6.1000000000000005,30.330000000000002,17,780,N/A
2011,4,6,15,30,191,567,517,0.156,5.7,32.33,16,780,N/A
2011,4,6,16,0,200,374,383,0.156,5.4,34.59,15,780,N/A
2011,4,6,16,30,174,134,227,0.156,5,36.9,14,780,N/A
2011,4,6,17,0,98,0,98,0.155,4.7,41.38,13,780,N/A
2011,4,6,17,30,34,0,34,0.155,4,47.2,11,780,N/A
2011,4,6,18,0,12,0,12,0.155,3.3000000000000003,54.44,10,780,N/A
2011,4,6,18,30,0,0,0,0.155,2.7,58.230000000000004,9,780,N/A
2011,4,6,19,0,0,0,0,0.155,2.2,66.63,9,780,N/A
2011,4,6,19,30,0,0,0,0.155,1.6,71.33,8,780,N/A
2011,4,6,20,0,0,0,0,0.155,1.1,74.33,8,780,N/A
2011,4,6,20,30,0,0,0,0.155,1,74.32000000000001,7,780,N/A
2011,4,6,21,0,0,0,0,0.155,0.9,75.9,7,780,N/A
2011,4,6,21,30,0,0,0,0.155,0.9,81.27,6,780,N/A
2011,4,6,22,0,0,0,0,0.155,0.9,81.32000000000001,6,780,N/A
2011,4,6,22,30,0,0,0,0.155,0.9,87.11,5,780,N/A
2011,4,6,23,0,0,0,0,0.155,1,84.77,5,780,N/A
2011,4,6,23,30,0,0,0,0.155,1,90.86,4,780,N/A
2011,4,7,0,0,0,0,0,0.155,1,87.44,4,780,N/A
2011,4,7,0,30,0,0,0,0.155,1,93.76,3,780,N/A
2011,4,7,1,0,0,0,0,0.155,1.1,90.23,3,780,N/A
2011,4,7,1,30,0,0,0,0.155,1.3,90.19,3,780,N/A
2011,4,7,2,0,0,0,0,0.155,1.6,89.17,3,780,N/A
2011,4,7,2,30,0,0,0,0.155,1.6,89.16,3,780,N/A
2011,4,7,3,0,0,0,0,0.155,1.6,89.78,3,780,N/A
2011,4,7,3,30,0,0,0,0.155,1.3,96.38,3,780,N/A
2011,4,7,4,0,0,0,0,0.155,1.1,95.5,3,780,N/A
2011,4,7,4,30,0,0,0,0.155,1.2000000000000002,95.5,2,780,N/A
2011,4,7,5,0,0,0,0,0.155,1.3,94.01,2,780,N/A
2011,4,7,5,30,0,0,0,0.155,1.5,94,2,780,N/A
2011,4,7,6,0,19,0,19,0.155,1.7000000000000002,89.9,3,780,N/A
2011,4,7,6,30,56,150,79,0.155,2.6,83.79,4,780,N/A
2011,4,7,7,0,4,0,4,0.155,3.6,74.88,6,780,N/A
2011,4,7,7,30,109,0,109,0.155,4.3,69.9,7,780,N/A
2011,4,7,8,0,205,115,258,0.155,5,59.9,9,780,N/A
2011,4,7,8,30,234,356,428,0.155,5.300000000000001,55.980000000000004,9,780,N/A
2011,4,7,9,0,285,61,323,0.155,5.6000000000000005,47.18,10,780,N/A
2011,4,7,9,30,301,40,329,0.155,5.7,47.17,10,780,N/A
2011,4,7,10,0,128,5,132,0.155,5.9,42.36,11,780,N/A
2011,4,7,10,30,348,35,376,0.155,5.9,42.35,11,780,N/A
2011,4,7,11,0,419,67,476,0.155,6,38.32,12,770,N/A
2011,4,7,11,30,426,75,492,0.155,5.9,38.31,12,770,N/A
2011,4,7,12,0,465,275,706,0.155,5.800000000000001,34.06,13,770,N/A
2011,4,7,12,30,112,982,969,0.155,5.6000000000000005,34.05,13,770,N/A
2011,4,7,13,0,108,983,948,0.155,5.6000000000000005,29.67,14,770,N/A
2011,4,7,13,30,387,406,721,0.155,5.5,29.66,14,770,N/A
2011,4,7,14,0,154,9,162,0.155,5.4,27.400000000000002,15,770,N/A
2011,4,7,14,30,294,534,680,0.155,5.2,27.400000000000002,15,770,N/A
2011,4,7,15,0,262,467,568,0.155,5,23.77,15,770,N/A
2011,4,7,15,30,178,10,185,0.155,4.7,25.35,14,770,N/A
2011,4,7,16,0,132,636,445,0.155,4.4,23.79,14,770,N/A
2011,4,7,16,30,112,567,338,0.155,3.6,25.38,13,770,N/A
2011,4,7,17,0,69,610,252,0.155,2.9000000000000004,25.41,13,770,N/A
2011,4,7,17,30,37,631,161,0.155,2,30.970000000000002,10,770,N/A
2011,4,7,18,0,31,326,61,0.155,1.2000000000000002,40.800000000000004,8,770,N/A
2011,4,7,18,30,0,0,0,0.155,1.2000000000000002,43.69,7,770,N/A
2011,4,7,19,0,0,0,0,0.155,1.4000000000000001,45.18,7,770,N/A
2011,4,7,19,30,0,0,0,0.155,1.6,45.19,6,770,N/A
2011,4,7,20,0,0,0,0,0.155,1.8,43.63,6,770,N/A
2011,4,7,20,30,0,0,0,0.155,1.9000000000000001,46.77,6,770,N/A
2011,4,7,21,0,0,0,0,0.155,2.1,45.57,6,770,N/A
2011,4,7,21,30,0,0,0,0.155,2,45.58,5,770,N/A
2011,4,7,22,0,0,0,0,0.155,1.9000000000000001,45.730000000000004,5,770,N/A
2011,4,7,22,30,0,0,0,0.155,1.7000000000000002,49.04,4,770,N/A
2011,4,7,23,0,0,0,0,0.155,1.5,53.34,3,770,N/A
2011,4,7,23,30,0,0,0,0.155,1.3,57.25,2,770,N/A
2011,4,8,0,0,0,0,0,0.155,1.2000000000000002,57.93,2,770,N/A
2011,4,8,0,30,0,0,0,0.155,1.2000000000000002,57.910000000000004,2,770,N/A
2011,4,8,1,0,0,0,0,0.155,1.2000000000000002,58.81,2,770,N/A
2011,4,8,1,30,0,0,0,0.155,1.2000000000000002,63.15,2,770,N/A
2011,4,8,2,0,0,0,0,0.155,1.2000000000000002,63.88,2,770,N/A
2011,4,8,2,30,0,0,0,0.155,1.2000000000000002,63.88,1,770,N/A
2011,4,8,3,0,0,0,0,0.155,1.2000000000000002,64.59,1,770,N/A
2011,4,8,3,30,0,0,0,0.155,1.2000000000000002,69.43,1,770,N/A
2011,4,8,4,0,0,0,0,0.155,1.2000000000000002,70.05,1,770,N/A
2011,4,8,4,30,0,0,0,0.155,1.2000000000000002,70.06,0,770,N/A
2011,4,8,5,0,0,0,0,0.155,1.2000000000000002,70.46000000000001,0,770,N/A
2011,4,8,5,30,0,0,0,0.155,1.2000000000000002,61.04,2,770,N/A
2011,4,8,6,0,19,287,34,0.155,1.3,55.050000000000004,4,770,N/A
2011,4,8,6,30,39,581,131,0.155,2.3000000000000003,47.92,6,780,N/A
2011,4,8,7,0,50,744,245,0.155,3.3000000000000003,42.99,9,780,N/A
2011,4,8,7,30,59,838,363,0.155,3.8000000000000003,40.21,10,780,N/A
2011,4,8,8,0,65,904,480,0.155,4.4,37.42,12,780,N/A
2011,4,8,8,30,70,947,589,0.155,4.5,35.03,12,780,N/A
2011,4,8,9,0,74,980,691,0.155,4.6000000000000005,28.78,13,780,N/A
2011,4,8,9,30,77,1003,781,0.155,4.7,26.96,14,780,N/A
2011,4,8,10,0,80,1021,857,0.155,4.9,22.56,15,780,N/A
2011,4,8,10,30,82,1032,919,0.155,5,22.55,16,780,N/A
2011,4,8,11,0,84,1040,964,0.155,5.1000000000000005,19.7,17,770,N/A
2011,4,8,11,30,85,1043,992,0.155,5.1000000000000005,19.7,17,770,N/A
2011,4,8,12,0,86,1042,1003,0.155,5.2,17.990000000000002,18,770,N/A
2011,4,8,12,30,86,1039,996,0.155,5.2,17.990000000000002,18,770,N/A
2011,4,8,13,0,90,1026,970,0.155,5.300000000000001,16.77,18,770,N/A
2011,4,8,13,30,88,1017,929,0.155,5.4,16.76,18,770,N/A
2011,4,8,14,0,90,998,870,0.155,5.5,16.5,18,770,N/A
2011,4,8,14,30,87,981,799,0.155,5.6000000000000005,17.56,17,770,N/A
2011,4,8,15,0,84,957,714,0.155,5.7,17.21,17,770,N/A
2011,4,8,15,30,79,927,618,0.155,5.7,18.330000000000002,16,770,N/A
2011,4,8,16,0,72,893,513,0.155,5.800000000000001,18.330000000000002,16,770,N/A
2011,4,8,16,30,98,632,351,0.155,5.6000000000000005,19.53,15,770,N/A
2011,4,8,17,0,85,517,241,0.155,5.4,20.400000000000002,15,770,N/A
2011,4,8,17,30,53,469,147,0.155,4.5,23.22,13,770,N/A
2011,4,8,18,0,28,402,67,0.155,3.7,28.68,12,770,N/A
2011,4,8,18,30,0,0,0,0.155,3.5,30.66,10,770,N/A
2011,4,8,19,0,0,0,0,0.155,3.3000000000000003,34.07,9,770,N/A
2011,4,8,19,30,0,0,0,0.155,2.8000000000000003,36.47,8,770,N/A
2011,4,8,20,0,0,0,0,0.155,2.3000000000000003,40.24,8,770,N/A
2011,4,8,20,30,0,0,0,0.155,2,43.1,7,770,N/A
2011,4,8,21,0,0,0,0,0.155,1.8,43.37,6,770,N/A
2011,4,8,21,30,0,0,0,0.155,1.7000000000000002,46.47,5,770,N/A
2011,4,8,22,0,0,0,0,0.155,1.7000000000000002,45.660000000000004,5,770,N/A
2011,4,8,22,30,0,0,0,0.155,1.8,45.65,5,770,N/A
2011,4,8,23,0,0,0,0,0.155,2,44.52,5,770,N/A
2011,4,8,23,30,0,0,0,0.155,1.8,47.74,5,770,N/A
2011,4,9,0,0,0,0,0,0.155,1.7000000000000002,48.38,5,770,N/A
2011,4,9,0,30,0,0,0,0.155,1.5,48.370000000000005,4,770,N/A
2011,4,9,1,0,0,0,0,0.155,1.4000000000000001,51.480000000000004,4,770,N/A
2011,4,9,1,30,0,0,0,0.155,1.3,55.22,4,770,N/A
2011,4,9,2,0,0,0,0,0.155,1.3,60.93,4,770,N/A
2011,4,9,2,30,0,0,0,0.155,1.3,60.92,4,770,N/A
2011,4,9,3,0,0,0,0,0.155,1.4000000000000001,67.03,4,770,N/A
2011,4,9,3,30,0,0,0,0.155,1.4000000000000001,67.02,3,770,N/A
2011,4,9,4,0,0,0,0,0.155,1.5,70.9,3,770,N/A
2011,4,9,4,30,0,0,0,0.155,1.5,76.12,3,770,N/A
2011,4,9,5,0,0,0,0,0.155,1.6,78.96000000000001,3,770,N/A
2011,4,9,5,30,0,0,0,0.155,2.1,73.57000000000001,4,770,N/A
2011,4,9,6,0,21,251,35,0.155,2.6,66.54,5,770,N/A
2011,4,9,6,30,36,544,125,0.155,3.8000000000000003,57.980000000000004,7,770,N/A
2011,4,9,7,0,54,717,245,0.155,5.1000000000000005,50.59,9,770,N/A
2011,4,9,7,30,59,767,341,0.155,5.6000000000000005,47.31,10,770,N/A
2011,4,9,8,0,109,681,424,0.155,6.300000000000001,40.14,11,770,N/A
2011,4,9,8,30,79,909,581,0.155,6.7,37.58,12,770,N/A
2011,4,9,9,0,223,571,584,0.155,7.1000000000000005,32.33,13,770,N/A
2011,4,9,9,30,133,878,752,0.155,7.4,32.31,13,770,N/A
2011,4,9,10,0,244,698,778,0.155,7.800000000000001,29.04,14,770,N/A
2011,4,9,10,30,319,612,818,0.155,8,29.03,14,770,N/A
2011,4,9,11,0,115,965,936,0.155,8.3,26.8,15,770,N/A
2011,4,9,11,30,117,970,964,0.155,8.4,26.79,15,770,N/A
2011,4,9,12,0,124,961,973,0.155,8.6,24.76,16,770,N/A
2011,4,9,12,30,463,411,824,0.155,8.8,24.75,16,770,N/A
2011,4,9,13,0,438,77,505,0.155,9,24.64,17,770,N/A
2011,4,9,13,30,431,100,514,0.155,9.1,24.64,16,770,N/A
2011,4,9,14,0,306,25,327,0.155,9.200000000000001,24.85,16,770,N/A
2011,4,9,14,30,373,129,467,0.155,9.1,26.490000000000002,15,770,N/A
2011,4,9,15,0,152,7,157,0.155,9.1,26.05,15,770,N/A
2011,4,9,15,30,43,0,43,0.155,8.8,27.78,14,770,N/A
2011,4,9,16,0,112,0,112,0.155,8.700000000000001,26.85,14,770,N/A
2011,4,9,16,30,6,0,6,0.155,8.3,28.66,13,770,N/A
2011,4,9,17,0,23,0,23,0.155,7.9,30.46,12,770,N/A
2011,4,9,17,30,5,0,5,0.155,7.2,34.79,11,770,N/A
2011,4,9,18,0,2,0,2,0.155,6.5,38.77,10,770,N/A
2011,4,9,18,30,0,0,0,0.155,6.1000000000000005,41.5,9,770,N/A
2011,4,9,19,0,0,0,0,0.155,5.800000000000001,43.74,8,770,N/A
2011,4,9,19,30,0,0,0,0.155,5.7,50.18,7,770,N/A
2011,4,9,20,0,0,0,0,0.155,5.7,55.4,6,770,N/A
2011,4,9,20,30,0,0,0,0.155,5.6000000000000005,59.42,4,770,N/A
2011,4,9,21,0,0,0,0,0.155,5.5,62.22,3,770,N/A
2011,4,9,21,30,0,0,0,0.155,5.300000000000001,66.8,2,770,N/A
2011,4,9,22,0,0,0,0,0.155,5.1000000000000005,66.35,1,780,N/A
2011,4,9,22,30,0,0,0,0.155,4.6000000000000005,71.32000000000001,0,780,N/A
2011,4,9,23,0,0,0,0,0.155,4.3,64.76,0,780,N/A
2011,4,9,23,30,0,0,0,0.155,4.1000000000000005,64.75,0,770,N/A
2011,4,10,0,0,0,0,0,0.155,3.9000000000000004,64.2,-1,770,N/A
2011,4,10,0,30,0,0,0,0.155,3.9000000000000004,64.18,-1,770,N/A
2011,4,10,1,0,0,0,0,0.155,3.9000000000000004,65.69,-1,770,N/A
2011,4,10,1,30,0,0,0,0.155,3.8000000000000003,65.68,-1,770,N/A
2011,4,10,2,0,0,0,0,0.155,3.7,68.42,-2,770,N/A
2011,4,10,2,30,0,0,0,0.155,3.7,68.42,-2,770,N/A
2011,4,10,3,0,0,0,0,0.155,3.8000000000000003,66.28,-3,770,N/A
2011,4,10,3,30,0,0,0,0.155,3.7,66.29,-3,770,N/A
2011,4,10,4,0,0,0,0,0.155,3.7,69.82000000000001,-4,770,N/A
2011,4,10,4,30,0,0,0,0.155,3.6,69.84,-4,770,N/A
2011,4,10,5,0,0,0,0,0.155,3.5,69.54,-4,780,N/A
2011,4,10,5,30,0,0,0,0.155,3.9000000000000004,64.55,-3,780,N/A
2011,4,10,6,0,23,318,43,0.155,4.4,64.34,-3,780,N/A
2011,4,10,6,30,43,597,143,0.155,4.800000000000001,59.78,-2,780,N/A
2011,4,10,7,0,54,760,260,0.155,5.300000000000001,50.94,-1,780,N/A
2011,4,10,7,30,63,851,380,0.155,5.5,47.38,0,780,N/A
2011,4,10,8,0,68,919,498,0.155,5.7,38.26,1,780,N/A
2011,4,10,8,30,73,961,608,0.155,5.7,35.62,2,780,N/A
2011,4,10,9,0,76,995,710,0.155,5.800000000000001,30.07,3,780,N/A
2011,4,10,9,30,80,1017,800,0.155,5.800000000000001,28.03,4,780,N/A
2011,4,10,10,0,82,1033,876,0.155,5.9,24.84,5,780,N/A
2011,4,10,10,30,84,1044,938,0.155,5.9,24.84,6,780,N/A
2011,4,10,11,0,91,1042,981,0.155,6,22.740000000000002,7,780,N/A
2011,4,10,11,30,92,1046,1010,0.155,6.1000000000000005,22.740000000000002,7,780,N/A
2011,4,10,12,0,94,1046,1021,0.155,6.300000000000001,21.02,8,780,N/A
2011,4,10,12,30,409,535,881,0.155,6.4,21.02,8,780,N/A
2011,4,10,13,0,94,1037,990,0.155,6.5,19.53,8,780,N/A
2011,4,10,13,30,93,1029,949,0.155,6.6000000000000005,19.53,8,780,N/A
2011,4,10,14,0,92,1016,892,0.155,6.800000000000001,19.56,8,780,N/A
2011,4,10,14,30,89,999,819,0.155,6.9,20.94,8,780,N/A
2011,4,10,15,0,313,75,363,0.155,7,21.400000000000002,8,780,N/A
2011,4,10,15,30,270,76,314,0.155,7,22.93,7,780,N/A
2011,4,10,16,0,194,28,208,0.155,7,24.2,6,780,N/A
2011,4,10,16,30,166,49,186,0.155,6.800000000000001,25.95,5,780,N/A
2011,4,10,17,0,104,392,225,0.155,6.6000000000000005,29.68,5,780,N/A
2011,4,10,17,30,51,610,176,0.155,6,31.86,4,780,N/A
2011,4,10,18,0,33,386,71,0.155,5.4,33.06,3,780,N/A
2011,4,10,18,30,0,0,0,0.155,5,35.52,2,780,N/A
2011,4,10,19,0,0,0,0,0.155,4.7,35.800000000000004,2,780,N/A
2011,4,10,19,30,0,0,0,0.155,4.5,38.480000000000004,1,780,N/A
2011,4,10,20,0,0,0,0,0.155,4.4,38.660000000000004,1,780,N/A
2011,4,10,20,30,0,0,0,0.155,4,41.57,0,780,N/A
2011,4,10,21,0,0,0,0,0.155,3.7,41.94,0,780,N/A
2011,4,10,21,30,0,0,0,0.155,3,41.94,0,780,N/A
2011,4,10,22,0,0,0,0,0.155,2.4000000000000004,45.24,-1,780,N/A
2011,4,10,22,30,0,0,0,0.155,2.1,45.24,-1,780,N/A
2011,4,10,23,0,0,0,0,0.155,1.9000000000000001,48.5,-2,780,N/A
2011,4,10,23,30,0,0,0,0.155,1.8,48.49,-2,780,N/A
2011,4,11,0,0,0,0,0,0.155,1.7000000000000002,52,-3,780,N/A
2011,4,11,0,30,0,0,0,0.155,1.6,52,-3,780,N/A
2011,4,11,1,0,0,0,0,0.155,1.6,56.31,-3,780,N/A
2011,4,11,1,30,0,0,0,0.155,1.5,56.31,-3,780,N/A
2011,4,11,2,0,0,0,0,0.155,1.4000000000000001,56.79,-4,780,N/A
2011,4,11,2,30,0,0,0,0.155,1.3,56.79,-4,780,N/A
2011,4,11,3,0,0,0,0,0.155,1.3,61.730000000000004,-4,780,N/A
2011,4,11,3,30,0,0,0,0.155,1.2000000000000002,61.75,-4,780,N/A
2011,4,11,4,0,0,0,0,0.155,1.2000000000000002,62.26,-5,780,N/A
2011,4,11,4,30,0,0,0,0.155,1.2000000000000002,62.27,-5,780,N/A
2011,4,11,5,0,0,0,0,0.155,1.2000000000000002,62.78,-5,780,N/A
2011,4,11,5,30,0,0,0,0.155,1.6,54.06,-3,780,N/A
2011,4,11,6,0,24,344,47,0.155,2.1,50.79,-1,780,N/A
2011,4,11,6,30,43,623,150,0.155,2.1,43.89,1,780,N/A
2011,4,11,7,0,55,769,267,0.155,2.2,35.14,3,790,N/A
2011,4,11,7,30,64,859,388,0.155,2.2,30.51,5,790,N/A
2011,4,11,8,0,70,924,506,0.155,2.2,22.46,7,790,N/A
2011,4,11,8,30,76,966,617,0.155,1.6,20.96,8,790,N/A
2011,4,11,9,0,78,1001,720,0.155,1,16.61,10,790,N/A
2011,4,11,9,30,82,1023,810,0.155,0.9,15.540000000000001,11,790,N/A
2011,4,11,10,0,83,1042,888,0.155,0.8,12.52,12,790,N/A
2011,4,11,10,30,85,1053,949,0.155,1.5,11.73,13,790,N/A
2011,4,11,11,0,90,1054,993,0.155,2.2,10.370000000000001,15,790,N/A
2011,4,11,11,30,91,1058,1022,0.155,2.5,9.73,15,790,N/A
2011,4,11,12,0,92,1059,1033,0.155,2.9000000000000004,8.94,16,790,N/A
2011,4,11,12,30,91,1058,1026,0.155,2.9000000000000004,8.94,16,790,N/A
2011,4,11,13,0,91,1052,1002,0.155,2.9000000000000004,8.3,17,780,N/A
2011,4,11,13,30,90,1045,961,0.155,2.8000000000000003,8.290000000000001,17,780,N/A
2011,4,11,14,0,91,1027,902,0.155,2.7,8.2,17,780,N/A
2011,4,11,14,30,88,1011,830,0.155,2.7,8.2,17,780,N/A
2011,4,11,15,0,206,660,645,0.155,2.7,8.08,17,780,N/A
2011,4,11,15,30,83,952,643,0.155,2.7,8.61,16,780,N/A
2011,4,11,16,0,133,643,456,0.155,2.7,9.290000000000001,16,780,N/A
2011,4,11,16,30,72,852,420,0.155,2.3000000000000003,9.91,14,780,N/A
2011,4,11,17,0,62,773,302,0.155,1.9000000000000001,13.530000000000001,13,780,N/A
2011,4,11,17,30,38,655,174,0.155,1.5,16.490000000000002,10,780,N/A
2011,4,11,18,0,34,363,71,0.155,1.1,25.69,7,780,N/A
2011,4,11,18,30,0,0,0,0.155,1,27.53,6,780,N/A
2011,4,11,19,0,0,0,0,0.155,1,27.740000000000002,6,780,N/A
2011,4,11,19,30,0,0,0,0.155,0.9,27.740000000000002,5,780,N/A
2011,4,11,20,0,0,0,0,0.155,0.9,26.060000000000002,5,780,N/A
2011,4,11,20,30,0,0,0,0.155,1.1,27.94,4,780,N/A
2011,4,11,21,0,0,0,0,0.155,1.3,27.95,4,780,N/A
2011,4,11,21,30,0,0,0,0.155,1.3,29.98,3,780,N/A
2011,4,11,22,0,0,0,0,0.155,1.4000000000000001,32.45,2,780,N/A
2011,4,11,22,30,0,0,0,0.155,1.4000000000000001,34.85,1,780,N/A
2011,4,11,23,0,0,0,0,0.155,1.4000000000000001,34.410000000000004,1,780,N/A
2011,4,11,23,30,0,0,0,0.155,1.4000000000000001,36.97,0,780,N/A
2011,4,12,0,0,0,0,0,0.155,1.4000000000000001,36.49,0,780,N/A
2011,4,12,0,30,0,0,0,0.155,1.3,36.480000000000004,0,780,N/A
2011,4,12,1,0,0,0,0,0.155,1.3,36.050000000000004,0,780,N/A
2011,4,12,1,30,0,0,0,0.155,1.2000000000000002,36.04,0,780,N/A
2011,4,12,2,0,0,0,0,0.155,1.2000000000000002,35.95,0,780,N/A
2011,4,12,2,30,0,0,0,0.155,1.2000000000000002,35.94,0,780,N/A
2011,4,12,3,0,0,0,0,0.155,1.2000000000000002,35.85,0,780,N/A
2011,4,12,3,30,0,0,0,0.155,1.2000000000000002,35.84,0,780,N/A
2011,4,12,4,0,0,0,0,0.155,1.2000000000000002,35.89,0,780,N/A
2011,4,12,4,30,0,0,0,0.155,1.2000000000000002,35.88,0,780,N/A
2011,4,12,5,0,0,0,0,0.155,1.2000000000000002,36.65,0,780,N/A
2011,4,12,5,30,0,0,0,0.155,1.1,34.1,1,780,N/A
2011,4,12,6,0,27,179,40,0.155,1,33.47,3,780,N/A
2011,4,12,6,30,49,422,124,0.155,1.6,29.09,5,780,N/A
2011,4,12,7,0,106,262,180,0.155,2.2,20.82,8,780,N/A
2011,4,12,7,30,95,607,326,0.155,2.9000000000000004,18.19,10,780,N/A
2011,4,12,8,0,165,485,396,0.155,3.7,15.46,12,780,N/A
2011,4,12,8,30,249,332,437,0.155,4,14.48,13,780,N/A
2011,4,12,9,0,242,516,574,0.155,4.3,13.3,14,780,N/A
2011,4,12,9,30,344,324,576,0.155,4.3,13.3,15,780,N/A
2011,4,12,10,0,363,369,650,0.155,4.4,12.450000000000001,16,780,N/A
2011,4,12,10,30,352,558,812,0.155,4.4,11.67,16,780,N/A
2011,4,12,11,0,425,464,825,0.155,4.5,11.040000000000001,17,780,N/A
2011,4,12,11,30,431,363,752,0.155,4.4,11.040000000000001,17,780,N/A
2011,4,12,12,0,471,417,843,0.155,4.3,11.22,17,780,N/A
2011,4,12,12,30,469,102,560,0.155,4,11.21,17,780,N/A
2011,4,12,13,0,420,372,743,0.155,3.8000000000000003,11.39,17,780,N/A
2011,4,12,13,30,420,325,693,0.155,3.7,11.38,17,780,N/A
2011,4,12,14,0,357,495,750,0.155,3.7,11.43,18,780,N/A
2011,4,12,14,30,350,349,607,0.155,3.5,11.43,18,780,N/A
2011,4,12,15,0,90,959,731,0.155,3.4000000000000004,10.59,18,780,N/A
2011,4,12,15,30,85,929,634,0.155,3.3000000000000003,11.27,17,780,N/A
2011,4,12,16,0,81,885,527,0.155,3.2,11.11,17,780,N/A
2011,4,12,16,30,73,828,414,0.155,2.6,11.83,16,780,N/A
2011,4,12,17,0,64,744,297,0.155,2,14.25,15,780,N/A
2011,4,12,17,30,52,617,181,0.155,1.6,17.31,12,780,N/A
2011,4,12,18,0,33,403,76,0.155,1.3,26.57,9,780,N/A
2011,4,12,18,30,0,0,0,0.155,1.3,28.43,8,780,N/A
2011,4,12,19,0,0,0,0,0.155,1.4000000000000001,28.17,7,780,N/A
2011,4,12,19,30,0,0,0,0.155,1.3,28.17,7,780,N/A
2011,4,12,20,0,0,0,0,0.155,1.3,26.46,7,780,N/A
2011,4,12,20,30,0,0,0,0.155,1.2000000000000002,28.34,6,780,N/A
2011,4,12,21,0,0,0,0,0.155,1.1,28.07,6,780,N/A
2011,4,12,21,30,0,0,0,0.155,1.2000000000000002,30.080000000000002,5,780,N/A
2011,4,12,22,0,0,0,0,0.155,1.3,32.19,4,780,N/A
2011,4,12,22,30,0,0,0,0.155,1.4000000000000001,34.54,3,780,N/A
2011,4,12,23,0,0,0,0,0.155,1.6,34.79,3,780,N/A
2011,4,12,23,30,0,0,0,0.155,1.7000000000000002,37.35,2,780,N/A
2011,4,13,0,0,0,0,0,0.155,1.9000000000000001,38.12,2,780,N/A
2011,4,13,0,30,0,0,0,0.155,2,40.94,2,780,N/A
2011,4,13,1,0,0,0,0,0.155,2.2,42.11,2,780,N/A
2011,4,13,1,30,0,0,0,0.155,2.1,42.11,1,780,N/A
2011,4,13,2,0,0,0,0,0.155,2.1,43.19,1,780,N/A
2011,4,13,2,30,0,0,0,0.155,2,46.42,0,780,N/A
2011,4,13,3,0,0,0,0,0.155,2,46.87,0,780,N/A
2011,4,13,3,30,0,0,0,0.155,1.9000000000000001,46.87,0,780,N/A
2011,4,13,4,0,0,0,0,0.155,1.8,46.78,0,780,N/A
2011,4,13,4,30,0,0,0,0.155,1.7000000000000002,46.78,0,780,N/A
2011,4,13,5,0,0,0,0,0.155,1.6,46.45,0,780,N/A
2011,4,13,5,30,0,0,0,0.155,1.7000000000000002,43.22,2,780,N/A
2011,4,13,6,0,26,344,52,0.155,1.8,40.49,4,780,N/A
2011,4,13,6,30,45,604,154,0.155,1.9000000000000001,35.2,6,780,N/A
2011,4,13,7,0,57,748,270,0.155,2.1,26.93,9,780,N/A
2011,4,13,7,30,66,836,388,0.155,1.9000000000000001,23.54,11,780,N/A
2011,4,13,8,0,72,900,503,0.155,1.8,18.740000000000002,13,780,N/A
2011,4,13,8,30,77,941,613,0.155,2,17.56,14,780,N/A
2011,4,13,9,0,82,972,713,0.155,2.3000000000000003,13.84,15,780,N/A
2011,4,13,9,30,86,995,801,0.155,2.7,12.98,16,780,N/A
2011,4,13,10,0,89,1010,877,0.155,3.1,11.47,17,780,N/A
2011,4,13,10,30,92,1022,938,0.155,3.3000000000000003,11.46,17,780,N/A
2011,4,13,11,0,93,1032,984,0.155,3.6,10.57,18,780,N/A
2011,4,13,11,30,94,1037,1012,0.155,3.8000000000000003,10.57,18,780,N/A
2011,4,13,12,0,94,1037,1023,0.155,4,9.950000000000001,19,780,N/A
2011,4,13,12,30,94,1036,1016,0.155,4.1000000000000005,9.950000000000001,19,780,N/A
2011,4,13,13,0,95,1028,991,0.155,4.2,9.96,19,780,N/A
2011,4,13,13,30,94,1020,950,0.155,4.2,9.96,19,780,N/A
2011,4,13,14,0,97,998,890,0.155,4.2,9.86,19,780,N/A
2011,4,13,14,30,94,981,818,0.155,4.1000000000000005,10.49,19,780,N/A
2011,4,13,15,0,93,952,731,0.155,4.1000000000000005,10.31,19,780,N/A
2011,4,13,15,30,88,921,634,0.155,3.9000000000000004,10.97,18,780,N/A
2011,4,13,16,0,83,874,527,0.155,3.8000000000000003,10.82,18,780,N/A
2011,4,13,16,30,76,816,414,0.155,3.1,11.53,17,780,N/A
2011,4,13,17,0,68,723,296,0.155,2.5,13.040000000000001,16,780,N/A
2011,4,13,17,30,55,594,181,0.155,1.8,15.84,13,780,N/A
2011,4,13,18,0,36,361,75,0.155,1.2000000000000002,23.8,10,780,N/A
2011,4,13,18,30,0,0,0,0.155,1.4000000000000001,25.45,9,780,N/A
2011,4,13,19,0,0,0,0,0.155,1.6,26.04,8,780,N/A
2011,4,13,19,30,0,0,0,0.155,1.9000000000000001,27.88,7,780,N/A
2011,4,13,20,0,0,0,0,0.155,2.3000000000000003,27.42,7,780,N/A
2011,4,13,20,30,0,0,0,0.155,2.3000000000000003,29.37,6,780,N/A
2011,4,13,21,0,0,0,0,0.155,2.4000000000000004,29.85,6,780,N/A
2011,4,13,21,30,0,0,0,0.155,2.3000000000000003,31.990000000000002,6,780,N/A
2011,4,13,22,0,0,0,0,0.155,2.3000000000000003,32.67,6,780,N/A
2011,4,13,22,30,0,0,0,0.155,2.5,32.67,5,780,N/A
2011,4,13,23,0,0,0,0,0.155,2.7,34.02,5,780,N/A
2011,4,13,23,30,0,0,0,0.155,3.1,36.47,5,780,N/A
2011,4,14,0,0,0,0,0,0.155,3.6,38.45,5,780,N/A
2011,4,14,0,30,0,0,0,0.155,3.8000000000000003,38.44,4,780,N/A
2011,4,14,1,0,0,0,0,0.155,4.1000000000000005,40,4,780,N/A
2011,4,14,1,30,0,0,0,0.155,4.1000000000000005,42.9,3,780,N/A
2011,4,14,2,0,0,0,0,0.155,4.1000000000000005,43.160000000000004,3,780,N/A
2011,4,14,2,30,0,0,0,0.155,4,46.32,2,770,N/A
2011,4,14,3,0,0,0,0,0.155,3.9000000000000004,45.47,2,770,N/A
2011,4,14,3,30,0,0,0,0.155,3.7,48.83,1,770,N/A
2011,4,14,4,0,0,0,0,0.155,3.6,47.75,1,770,N/A
2011,4,14,4,30,0,0,0,0.155,3.7,47.77,1,770,N/A
2011,4,14,5,0,0,0,0,0.155,3.8000000000000003,46.800000000000004,1,770,N/A
2011,4,14,5,30,0,0,0,0.155,4.3,46.81,1,780,N/A
2011,4,14,6,0,33,200,49,0.155,4.800000000000001,43.37,2,780,N/A
2011,4,14,6,30,62,458,147,0.155,5.800000000000001,40.4,3,780,N/A
2011,4,14,7,0,79,630,261,0.155,6.800000000000001,36.58,4,780,N/A
2011,4,14,7,30,92,734,378,0.155,7.300000000000001,36.58,5,780,N/A
2011,4,14,8,0,100,815,494,0.155,7.9,30.310000000000002,6,780,N/A
2011,4,14,8,30,108,866,603,0.155,7.9,28.29,6,780,N/A
2011,4,14,9,0,111,911,706,0.155,8,25.150000000000002,7,780,N/A
2011,4,14,9,30,137,879,773,0.155,8,25.14,7,780,N/A
2011,4,14,10,0,120,960,871,0.155,8,22.86,8,780,N/A
2011,4,14,10,30,389,50,431,0.155,8,21.36,9,780,N/A
2011,4,14,11,0,126,983,977,0.155,8,19.66,10,780,N/A
2011,4,14,11,30,422,520,884,0.155,8,19.66,10,780,N/A
2011,4,14,12,0,124,997,1018,0.155,8,18.34,11,780,N/A
2011,4,14,12,30,123,995,1012,0.155,8,18.34,11,780,N/A
2011,4,14,13,0,120,994,988,0.155,8,18.47,12,780,N/A
2011,4,14,13,30,118,985,947,0.155,8.1,18.47,12,780,N/A
2011,4,14,14,0,111,979,892,0.155,8.200000000000001,17.12,12,780,N/A
2011,4,14,14,30,108,962,821,0.155,8.3,18.29,11,780,N/A
2011,4,14,15,0,100,947,737,0.155,8.4,17.69,11,780,N/A
2011,4,14,15,30,94,918,641,0.155,8.3,18.91,10,780,N/A
2011,4,14,16,0,84,888,537,0.155,8.3,17.86,10,780,N/A
2011,4,14,16,30,77,832,423,0.155,8,19.11,9,780,N/A
2011,4,14,17,0,68,749,306,0.153,7.800000000000001,19.43,9,780,N/A
2011,4,14,17,30,55,622,189,0.153,7.1000000000000005,20.8,7,780,N/A
2011,4,14,18,0,37,399,81,0.153,6.4,21.56,6,780,N/A
2011,4,14,18,30,0,0,0,0.153,5.9,23.12,5,780,N/A
2011,4,14,19,0,0,0,0,0.153,5.4,24.810000000000002,5,780,N/A
2011,4,14,19,30,0,0,0,0.153,5.2,26.64,4,780,N/A
2011,4,14,20,0,0,0,0,0.153,5,27.17,4,780,N/A
2011,4,14,20,30,0,0,0,0.153,4.6000000000000005,29.17,3,780,N/A
2011,4,14,21,0,0,0,0,0.153,4.3,29.98,2,780,N/A
2011,4,14,21,30,0,0,0,0.153,4.1000000000000005,32.21,1,780,N/A
2011,4,14,22,0,0,0,0,0.153,3.9000000000000004,33.03,1,780,N/A
2011,4,14,22,30,0,0,0,0.153,3.8000000000000003,35.51,0,780,N/A
2011,4,14,23,0,0,0,0,0.153,3.7,36.37,0,780,N/A
2011,4,14,23,30,0,0,0,0.153,3.6,36.37,0,780,N/A
2011,4,15,0,0,0,0,0,0.153,3.5,37.37,0,780,N/A
2011,4,15,0,30,0,0,0,0.153,3.3000000000000003,37.37,0,780,N/A
2011,4,15,1,0,0,0,0,0.153,3.2,41.49,-1,780,N/A
2011,4,15,1,30,0,0,0,0.153,2.8000000000000003,41.49,-1,780,N/A
2011,4,15,2,0,0,0,0,0.153,2.4000000000000004,45.97,-2,780,N/A
2011,4,15,2,30,0,0,0,0.153,2.2,45.97,-2,780,N/A
2011,4,15,3,0,0,0,0,0.153,2.1,50.64,-2,780,N/A
2011,4,15,3,30,0,0,0,0.153,2,50.65,-2,780,N/A
2011,4,15,4,0,0,0,0,0.153,2,51.45,-3,780,N/A
2011,4,15,4,30,0,0,0,0.153,1.9000000000000001,51.47,-3,780,N/A
2011,4,15,5,0,0,0,0,0.153,1.8,56.01,-3,780,N/A
2011,4,15,5,30,0,0,0,0.153,2.3000000000000003,48.29,-2,780,N/A
2011,4,15,6,0,32,315,59,0.153,2.9000000000000004,44.96,-1,780,N/A
2011,4,15,6,30,54,572,162,0.153,3.5,41.82,0,780,N/A
2011,4,15,7,0,66,731,281,0.153,4.1000000000000005,32.33,2,780,N/A
2011,4,15,7,30,77,822,400,0.153,4.2,30.12,4,780,N/A
2011,4,15,8,0,83,891,517,0.153,4.4,21.27,6,780,N/A
2011,4,15,8,30,89,934,627,0.153,4.2,19.85,7,780,N/A
2011,4,15,9,0,94,966,728,0.153,4.1000000000000005,14.51,8,780,N/A
2011,4,15,9,30,99,989,817,0.153,4,13.56,9,780,N/A
2011,4,15,10,0,103,1005,893,0.153,3.9000000000000004,10.49,11,780,N/A
2011,4,15,10,30,105,1017,953,0.153,3.9000000000000004,9.81,12,780,N/A
2011,4,15,11,0,103,1032,1000,0.153,3.9000000000000004,8.46,13,780,N/A
2011,4,15,11,30,104,1036,1028,0.153,3.9000000000000004,8.46,14,780,N/A
2011,4,15,12,0,105,1036,1038,0.153,4,7.67,15,780,N/A
2011,4,15,12,30,105,1033,1030,0.153,4.1000000000000005,7.19,15,780,N/A
2011,4,15,13,0,106,1024,1004,0.153,4.3,6.87,16,780,N/A
2011,4,15,13,30,105,1015,962,0.153,4.5,6.86,16,780,N/A
2011,4,15,14,0,98,1010,906,0.153,4.800000000000001,7.16,16,780,N/A
2011,4,15,14,30,95,993,833,0.153,4.9,7.16,16,780,N/A
2011,4,15,15,0,88,976,747,0.153,5.1000000000000005,7.53,16,780,N/A
2011,4,15,15,30,83,946,649,0.153,5.1000000000000005,8.02,15,780,N/A
2011,4,15,16,0,76,911,543,0.153,5.2,8.47,15,780,N/A
2011,4,15,16,30,69,857,429,0.153,4.9,9.040000000000001,14,780,N/A
2011,4,15,17,0,61,779,311,0.153,4.7,10.450000000000001,13,780,N/A
2011,4,15,17,30,50,658,193,0.153,3.5,12.74,10,780,N/A
2011,4,15,18,0,35,437,84,0.153,2.4000000000000004,17.59,8,780,N/A
2011,4,15,18,30,0,0,0,0.153,2.1,20.17,6,780,N/A
2011,4,15,19,0,0,0,0,0.153,1.8,23.68,5,780,N/A
2011,4,15,19,30,0,0,0,0.153,1.7000000000000002,25.400000000000002,4,780,N/A
2011,4,15,20,0,0,0,0,0.153,1.7000000000000002,28.27,4,780,N/A
2011,4,15,20,30,0,0,0,0.153,1.6,30.35,3,780,N/A
2011,4,15,21,0,0,0,0,0.153,1.6,31.11,3,780,N/A
2011,4,15,21,30,0,0,0,0.153,1.6,33.410000000000004,2,780,N/A
2011,4,15,22,0,0,0,0,0.153,1.6,34.15,2,780,N/A
2011,4,15,22,30,0,0,0,0.153,1.6,36.71,1,780,N/A
2011,4,15,23,0,0,0,0,0.153,1.6,37.46,1,780,N/A
2011,4,15,23,30,0,0,0,0.153,1.5,37.46,0,780,N/A
2011,4,16,0,0,0,0,0,0.153,1.5,37.97,0,780,N/A
2011,4,16,0,30,0,0,0,0.153,1.4000000000000001,37.96,0,780,N/A
2011,4,16,1,0,0,0,0,0.153,1.4000000000000001,38.17,0,780,N/A
2011,4,16,1,30,0,0,0,0.153,1.3,38.17,0,780,N/A
2011,4,16,2,0,0,0,0,0.153,1.3,40.92,0,780,N/A
2011,4,16,2,30,0,0,0,0.153,1.3,40.92,0,780,N/A
2011,4,16,3,0,0,0,0,0.153,1.3,40.51,0,780,N/A
2011,4,16,3,30,0,0,0,0.153,1.2000000000000002,40.51,0,780,N/A
2011,4,16,4,0,0,0,0,0.153,1.2000000000000002,39.89,0,780,N/A
2011,4,16,4,30,0,0,0,0.153,1.2000000000000002,39.9,0,780,N/A
2011,4,16,5,0,0,0,0,0.153,1.2000000000000002,39.410000000000004,0,780,N/A
2011,4,16,5,30,0,0,0,0.153,1.3,34.1,1,780,N/A
2011,4,16,6,0,33,279,58,0.153,1.5,30.98,3,780,N/A
2011,4,16,6,30,56,518,156,0.153,1.7000000000000002,26.92,5,780,N/A
2011,4,16,7,0,75,641,266,0.153,1.9000000000000001,21.740000000000002,8,780,N/A
2011,4,16,7,30,91,647,348,0.153,2.4000000000000004,18.98,10,780,N/A
2011,4,16,8,0,120,671,450,0.153,2.9000000000000004,15.870000000000001,12,780,N/A
2011,4,16,8,30,193,555,515,0.153,2.9000000000000004,14.86,13,780,N/A
2011,4,16,9,0,117,868,690,0.153,3,15.68,15,780,N/A
2011,4,16,9,30,115,917,784,0.153,3.1,14.69,15,780,N/A
2011,4,16,10,0,119,938,859,0.153,3.3000000000000003,14.8,16,780,N/A
2011,4,16,10,30,121,952,918,0.153,3.5,13.89,17,780,N/A
2011,4,16,11,0,129,952,959,0.153,3.7,13.65,18,780,N/A
2011,4,16,11,30,130,958,987,0.153,3.9000000000000004,13.65,18,780,N/A
2011,4,16,12,0,130,961,998,0.153,4.1000000000000005,13.31,19,780,N/A
2011,4,16,12,30,450,479,880,0.153,4.2,13.31,19,780,N/A
2011,4,16,13,0,424,499,863,0.153,4.4,13.780000000000001,19,780,N/A
2011,4,16,13,30,420,443,795,0.153,4.5,13.780000000000001,19,780,N/A
2011,4,16,14,0,351,527,774,0.153,4.6000000000000005,14.17,20,780,N/A
2011,4,16,14,30,108,939,808,0.153,4.6000000000000005,14.17,19,780,N/A
2011,4,16,15,0,101,922,726,0.153,4.6000000000000005,14.43,19,780,N/A
2011,4,16,15,30,95,891,631,0.153,4.5,15.36,18,780,N/A
2011,4,16,16,0,88,851,526,0.153,4.5,15.6,18,780,N/A
2011,4,16,16,30,80,794,415,0.153,4.1000000000000005,16.61,17,780,N/A
2011,4,16,17,0,70,715,301,0.153,3.8000000000000003,18.150000000000002,16,780,N/A
2011,4,16,17,30,57,591,187,0.153,2.7,22.02,13,780,N/A
2011,4,16,18,0,38,386,83,0.153,1.6,27.72,11,780,N/A
2011,4,16,18,30,0,0,0,0.153,1.5,31.69,9,780,N/A
2011,4,16,19,0,0,0,0,0.153,1.4000000000000001,34.78,8,780,N/A
2011,4,16,19,30,0,0,0,0.153,1.3,37.230000000000004,7,780,N/A
2011,4,16,20,0,0,0,0,0.153,1.3,37.36,7,780,N/A
2011,4,16,20,30,0,0,0,0.153,1.3,40.02,6,780,N/A
2011,4,16,21,0,0,0,0,0.153,1.3,39.86,6,780,N/A
2011,4,16,21,30,0,0,0,0.153,1.2000000000000002,42.71,5,780,N/A
2011,4,16,22,0,0,0,0,0.153,1.2000000000000002,42.480000000000004,5,780,N/A
2011,4,16,22,30,0,0,0,0.153,1.2000000000000002,45.550000000000004,4,780,N/A
2011,4,16,23,0,0,0,0,0.153,1.3,45.75,4,780,N/A
2011,4,16,23,30,0,0,0,0.153,1.3,49.08,4,780,N/A
2011,4,17,0,0,0,0,0,0.153,1.3,49.370000000000005,4,780,N/A
2011,4,17,0,30,0,0,0,0.153,1.3,49.36,3,780,N/A
2011,4,17,1,0,0,0,0,0.153,1.3,49.77,3,780,N/A
2011,4,17,1,30,0,0,0,0.153,1.3,53.42,3,780,N/A
2011,4,17,2,0,0,0,0,0.153,1.3,54.46,3,780,N/A
2011,4,17,2,30,0,0,0,0.153,1.3,54.46,2,780,N/A
2011,4,17,3,0,0,0,0,0.153,1.3,55.370000000000005,2,780,N/A
2011,4,17,3,30,0,0,0,0.153,1.3,55.36,2,780,N/A
2011,4,17,4,0,0,0,0,0.153,1.3,55.97,2,780,N/A
2011,4,17,4,30,0,0,0,0.153,1.3,55.97,2,780,N/A
2011,4,17,5,0,0,0,0,0.153,1.3,56.34,3,780,N/A
2011,4,17,5,30,0,0,0,0.153,1.2000000000000002,48.92,4,780,N/A
2011,4,17,6,0,31,333,63,0.153,1.2000000000000002,47.11,6,780,N/A
2011,4,17,6,30,60,385,136,0.153,1.3,41.09,8,780,N/A
2011,4,17,7,0,92,462,231,0.153,1.5,34.45,11,780,N/A
2011,4,17,7,30,73,791,390,0.153,2.6,30.21,13,780,N/A
2011,4,17,8,0,78,859,503,0.153,3.8000000000000003,23.73,16,780,N/A
2011,4,17,8,30,84,901,610,0.153,4.3,22.27,17,780,N/A
2011,4,17,9,0,90,931,707,0.153,4.9,20.990000000000002,18,780,N/A
2011,4,17,9,30,94,955,794,0.153,5.2,19.71,19,780,N/A
2011,4,17,10,0,98,971,867,0.153,5.6000000000000005,17.84,20,780,N/A
2011,4,17,10,30,100,983,927,0.153,5.800000000000001,17.830000000000002,21,780,N/A
2011,4,17,11,0,100,995,972,0.153,6.1000000000000005,16.27,22,780,N/A
2011,4,17,11,30,101,1001,999,0.153,6.2,16.26,22,780,N/A
2011,4,17,12,0,103,1000,1009,0.153,6.4,15.610000000000001,22,780,N/A
2011,4,17,12,30,103,999,1002,0.153,6.4,15.6,22,780,N/A
2011,4,17,13,0,103,992,977,0.153,6.4,15.9,23,780,N/A
2011,4,17,13,30,101,983,936,0.153,6.4,16.89,23,770,N/A
2011,4,17,14,0,95,977,881,0.153,6.5,18.45,23,770,N/A
2011,4,17,14,30,92,960,810,0.153,6.6000000000000005,18.44,22,770,N/A
2011,4,17,15,0,89,934,725,0.153,6.7,19.67,22,770,N/A
2011,4,17,15,30,84,904,629,0.153,6.6000000000000005,20.91,21,770,N/A
2011,4,17,16,0,80,859,524,0.153,6.5,21.8,21,770,N/A
2011,4,17,16,30,73,803,414,0.153,6.1000000000000005,23.18,20,770,N/A
2011,4,17,17,0,68,706,298,0.153,5.7,25.13,19,770,N/A
2011,4,17,17,30,56,584,186,0.153,4.4,28.490000000000002,17,770,N/A
2011,4,17,18,0,38,378,83,0.153,3.2,31.01,16,780,N/A
2011,4,17,18,30,0,0,0,0.153,2.7,35.27,14,780,N/A
2011,4,17,19,0,0,0,0,0.153,2.3000000000000003,37.84,13,780,N/A
2011,4,17,19,30,0,0,0,0.153,2.3000000000000003,40.410000000000004,12,780,N/A
2011,4,17,20,0,0,0,0,0.153,2.3000000000000003,42.82,12,780,N/A
2011,4,17,20,30,0,0,0,0.153,2.3000000000000003,45.76,11,780,N/A
2011,4,17,21,0,0,0,0,0.153,2.4000000000000004,45.09,11,780,N/A
2011,4,17,21,30,0,0,0,0.153,2.4000000000000004,48.22,10,780,N/A
2011,4,17,22,0,0,0,0,0.153,2.5,46.97,10,780,N/A
2011,4,17,22,30,0,0,0,0.153,2.3000000000000003,50.26,9,780,N/A
2011,4,17,23,0,0,0,0,0.153,2.2,48.89,9,780,N/A
2011,4,17,23,30,0,0,0,0.153,2.1,52.34,8,780,N/A
2011,4,18,0,0,0,0,0,0.153,2.1,51.25,8,780,N/A
2011,4,18,0,30,0,0,0,0.153,2,51.24,7,780,N/A
2011,4,18,1,0,0,0,0,0.153,2,50.42,7,780,N/A
2011,4,18,1,30,0,0,0,0.153,1.8,54,6,780,N/A
2011,4,18,2,0,0,0,0,0.153,1.7000000000000002,53.2,6,780,N/A
2011,4,18,2,30,0,0,0,0.153,1.6,57.02,6,780,N/A
2011,4,18,3,0,0,0,0,0.153,1.6,55.97,6,780,N/A
2011,4,18,3,30,0,0,0,0.153,1.6,55.97,5,780,N/A
2011,4,18,4,0,0,0,0,0.153,1.6,54.82,5,780,N/A
2011,4,18,4,30,0,0,0,0.153,1.5,58.79,5,780,N/A
2011,4,18,5,0,0,0,0,0.153,1.5,57.69,5,780,N/A
2011,4,18,5,30,0,0,0,0.153,1.6,53.800000000000004,6,780,N/A
2011,4,18,6,0,38,238,61,0.153,1.8,46.83,8,780,N/A
2011,4,18,6,30,65,468,160,0.153,2.6,40.88,10,780,N/A
2011,4,18,7,0,83,617,272,0.153,3.4000000000000004,31.7,12,780,N/A
2011,4,18,7,30,97,716,387,0.153,4.3,29.69,14,780,N/A
2011,4,18,8,0,104,796,502,0.153,5.2,22.48,16,780,N/A
2011,4,18,8,30,113,845,609,0.153,5.300000000000001,21.09,17,780,N/A
2011,4,18,9,0,112,898,711,0.153,5.5,17.68,18,780,N/A
2011,4,18,9,30,117,924,798,0.153,5.6000000000000005,16.59,19,780,N/A
2011,4,18,10,0,113,959,876,0.153,5.800000000000001,14.48,20,780,N/A
2011,4,18,10,30,115,972,935,0.153,6,13.6,20,780,N/A
2011,4,18,11,0,108,996,983,0.153,6.2,12.48,21,780,N/A
2011,4,18,11,30,400,568,911,0.153,6.4,12.47,21,770,N/A
2011,4,18,12,0,494,400,858,0.153,6.6000000000000005,11.98,22,770,N/A
2011,4,18,12,30,451,486,890,0.153,6.7,11.97,22,770,N/A
2011,4,18,13,0,464,418,834,0.153,6.800000000000001,11.58,23,770,N/A
2011,4,18,13,30,428,415,782,0.153,6.9,11.58,23,770,N/A
2011,4,18,14,0,382,445,741,0.153,7.1000000000000005,11.61,23,770,N/A
2011,4,18,14,30,327,480,687,0.153,7.1000000000000005,12.33,23,770,N/A
2011,4,18,15,0,255,560,637,0.153,7.1000000000000005,12.23,23,770,N/A
2011,4,18,15,30,186,630,567,0.153,7.1000000000000005,13,22,770,N/A
2011,4,18,16,0,86,855,530,0.153,7.1000000000000005,13.120000000000001,22,770,N/A
2011,4,18,16,30,79,799,419,0.153,6.800000000000001,13.950000000000001,21,770,N/A
2011,4,18,17,0,56,724,294,0.153,6.5,14.34,20,770,N/A
2011,4,18,17,30,85,200,130,0.153,5.6000000000000005,16.240000000000002,18,770,N/A
2011,4,18,18,0,45,120,59,0.153,4.7,18.13,17,770,N/A
2011,4,18,18,30,8,0,8,0.153,4.5,20.6,16,770,N/A
2011,4,18,19,0,0,0,0,0.153,4.4,22.900000000000002,15,770,N/A
2011,4,18,19,30,0,0,0,0.153,4.3,24.44,14,770,N/A
2011,4,18,20,0,0,0,0,0.153,4.3,25.63,13,770,N/A
2011,4,18,20,30,0,0,0,0.153,4.1000000000000005,27.37,12,770,N/A
2011,4,18,21,0,0,0,0,0.153,4,29.7,12,770,N/A
2011,4,18,21,30,0,0,0,0.153,3.9000000000000004,31.720000000000002,11,770,N/A
2011,4,18,22,0,0,0,0,0.153,3.8000000000000003,37.82,11,770,N/A
2011,4,18,22,30,0,0,0,0.153,3.7,37.81,10,770,N/A
2011,4,18,23,0,0,0,0,0.153,3.6,41.53,10,770,N/A
2011,4,18,23,30,0,0,0,0.153,3.6,44.4,9,770,N/A
2011,4,19,0,0,0,0,0,0.153,3.7,46.64,9,770,N/A
2011,4,19,0,30,0,0,0,0.153,3.5,49.89,8,770,N/A
2011,4,19,1,0,0,0,0,0.153,3.4000000000000004,51.35,8,770,N/A
2011,4,19,1,30,0,0,0,0.153,3.2,54.97,8,770,N/A
2011,4,19,2,0,0,0,0,0.153,3,56.61,8,770,N/A
2011,4,19,2,30,0,0,0,0.153,3,56.620000000000005,7,770,N/A
2011,4,19,3,0,0,0,0,0.153,3,58.4,7,770,N/A
2011,4,19,3,30,0,0,0,0.153,3,62.56,7,770,N/A
2011,4,19,4,0,0,0,0,0.153,3,65.59,7,770,N/A
2011,4,19,4,30,0,0,0,0.153,3,65.6,6,770,N/A
2011,4,19,5,0,0,0,0,0.153,3,69.81,6,770,N/A
2011,4,19,5,30,0,0,0,0.153,3.6,69.84,7,770,N/A
2011,4,19,6,0,7,0,7,0.153,4.2,69.68,8,780,N/A
2011,4,19,6,30,18,0,18,0.153,4.6000000000000005,65.11,9,780,N/A
2011,4,19,7,0,19,0,19,0.153,5.1000000000000005,54.550000000000004,10,780,N/A
2011,4,19,7,30,174,243,273,0.153,5.300000000000001,51.06,11,780,N/A
2011,4,19,8,0,226,252,353,0.153,5.5,36.53,13,780,N/A
2011,4,19,8,30,206,17,216,0.153,5.6000000000000005,34.22,13,780,N/A
2011,4,19,9,0,336,164,446,0.153,5.7,28.82,14,780,N/A
2011,4,19,9,30,317,465,661,0.153,5.800000000000001,27.02,15,780,N/A
2011,4,19,10,0,365,422,702,0.153,6,25.35,16,780,N/A
2011,4,19,10,30,377,39,411,0.153,6.1000000000000005,25.35,16,780,N/A
2011,4,19,11,0,275,18,292,0.153,6.300000000000001,24.240000000000002,17,780,N/A
2011,4,19,11,30,435,53,483,0.153,6.4,24.240000000000002,17,780,N/A
2011,4,19,12,0,498,196,677,0.153,6.5,24.64,18,780,N/A
2011,4,19,12,30,94,1012,1010,0.153,6.4,24.64,18,780,N/A
2011,4,19,13,0,94,1007,986,0.153,6.4,23.650000000000002,18,780,N/A
2011,4,19,13,30,92,1000,946,0.153,6.4,23.650000000000002,18,780,N/A
2011,4,19,14,0,88,992,891,0.153,6.4,23.81,18,780,N/A
2011,4,19,14,30,85,976,820,0.153,6.2,25.35,18,780,N/A
2011,4,19,15,0,272,497,612,0.153,6.1000000000000005,25.400000000000002,18,780,N/A
2011,4,19,15,30,212,529,533,0.153,5.800000000000001,25.400000000000002,17,780,N/A
2011,4,19,16,0,215,380,413,0.153,5.6000000000000005,25.51,17,780,N/A
2011,4,19,16,30,164,382,328,0.153,5.1000000000000005,27.18,16,780,N/A
2011,4,19,17,0,125,344,239,0.153,4.7,27.37,16,780,N/A
2011,4,19,17,30,50,638,196,0.153,3.5,31.12,14,780,N/A
2011,4,19,18,0,35,441,90,0.153,2.3000000000000003,36.7,13,780,N/A
2011,4,19,18,30,11,99,13,0.153,2,41.910000000000004,11,780,N/A
2011,4,19,19,0,0,0,0,0.153,1.7000000000000002,45.81,10,780,N/A
2011,4,19,19,30,0,0,0,0.153,1.6,49.03,9,780,N/A
2011,4,19,20,0,0,0,0,0.153,1.6,49.22,8,780,N/A
2011,4,19,20,30,0,0,0,0.153,1.5,52.7,7,780,N/A
2011,4,19,21,0,0,0,0,0.153,1.4000000000000001,52.370000000000005,7,780,N/A
2011,4,19,21,30,0,0,0,0.153,1.2000000000000002,52.370000000000005,7,780,N/A
2011,4,19,22,0,0,0,0,0.153,1.2000000000000002,51.64,7,780,N/A
2011,4,19,22,30,0,0,0,0.153,1.1,51.64,7,780,N/A
2011,4,19,23,0,0,0,0,0.153,1.1,50.39,7,780,N/A
2011,4,19,23,30,0,0,0,0.153,1,50.39,7,780,N/A
2011,4,20,0,0,0,0,0,0.153,1,48.96,7,780,N/A
2011,4,20,0,30,0,0,0,0.153,1,48.96,7,780,N/A
2011,4,20,1,0,0,0,0,0.153,1,47.74,7,780,N/A
2011,4,20,1,30,0,0,0,0.153,1,47.74,7,780,N/A
2011,4,20,2,0,0,0,0,0.153,1,47.09,7,780,N/A
2011,4,20,2,30,0,0,0,0.153,0.9,47.1,7,780,N/A
2011,4,20,3,0,0,0,0,0.153,0.8,47.1,7,780,N/A
2011,4,20,3,30,0,0,0,0.153,0.6000000000000001,50.46,7,780,N/A
2011,4,20,4,0,0,0,0,0.153,0.5,50.81,7,780,N/A
2011,4,20,4,30,0,0,0,0.153,0.5,54.47,6,780,N/A
2011,4,20,5,0,0,0,0,0.153,0.6000000000000001,54.45,6,780,N/A
2011,4,20,5,30,0,0,0,0.153,0.7000000000000001,50.82,7,780,N/A
2011,4,20,6,0,37,299,69,0.153,0.8,49.660000000000004,8,780,N/A
2011,4,20,6,30,60,519,170,0.153,0.8,43.37,10,780,N/A
2011,4,20,7,0,75,658,282,0.153,0.9,36.28,12,780,N/A
2011,4,20,7,30,87,749,396,0.153,1.4000000000000001,33.99,13,780,N/A
2011,4,20,8,0,97,811,508,0.153,1.9000000000000001,30.91,15,780,N/A
2011,4,20,8,30,105,858,615,0.153,2.3000000000000003,28.990000000000002,16,780,N/A
2011,4,20,9,0,115,885,710,0.153,2.8000000000000003,24.36,17,780,N/A
2011,4,20,9,30,120,912,797,0.153,3.1,22.86,17,780,N/A
2011,4,20,10,0,129,923,869,0.153,3.5,18.740000000000002,18,780,N/A
2011,4,20,10,30,133,938,929,0.153,3.7,17.6,19,780,N/A
2011,4,20,11,0,129,960,977,0.153,4,14.44,20,780,N/A
2011,4,20,11,30,130,966,1005,0.153,4.1000000000000005,14.43,20,780,N/A
2011,4,20,12,0,128,974,1017,0.153,4.3,12.71,21,780,N/A
2011,4,20,12,30,128,973,1010,0.153,4.4,12.700000000000001,21,780,N/A
2011,4,20,13,0,125,970,987,0.153,4.5,10.73,21,780,N/A
2011,4,20,13,30,123,961,946,0.153,4.4,10.73,21,780,N/A
2011,4,20,14,0,118,952,891,0.153,4.4,9.91,21,780,N/A
2011,4,20,14,30,115,933,819,0.153,4.4,9.91,21,780,N/A
2011,4,20,15,0,111,906,734,0.153,4.4,9.49,21,780,N/A
2011,4,20,15,30,227,488,525,0.153,4.3,10.09,21,780,N/A
2011,4,20,16,0,241,223,358,0.153,4.3,10.06,21,780,N/A
2011,4,20,16,30,109,622,377,0.153,4,10.700000000000001,20,780,N/A
2011,4,20,17,0,84,656,303,0.153,3.8000000000000003,11.200000000000001,19,780,N/A
2011,4,20,17,30,69,526,190,0.153,2.9000000000000004,13.52,17,780,N/A
2011,4,20,18,0,49,282,85,0.153,2,18.61,15,780,N/A
2011,4,20,18,30,12,0,12,0.153,2,19.86,14,780,N/A
2011,4,20,19,0,0,0,0,0.153,2.1,22.16,13,780,N/A
2011,4,20,19,30,0,0,0,0.153,1.9000000000000001,23.67,13,780,N/A
2011,4,20,20,0,0,0,0,0.153,1.7000000000000002,26.13,13,780,N/A
2011,4,20,20,30,0,0,0,0.153,1.5,27.91,12,780,N/A
2011,4,20,21,0,0,0,0,0.153,1.3,30,11,780,N/A
2011,4,20,21,30,0,0,0,0.153,1.3,32.06,10,780,N/A
2011,4,20,22,0,0,0,0,0.153,1.3,35.08,9,780,N/A
2011,4,20,22,30,0,0,0,0.153,1.2000000000000002,37.53,8,780,N/A
2011,4,20,23,0,0,0,0,0.153,1.2000000000000002,38.160000000000004,8,780,N/A
2011,4,20,23,30,0,0,0,0.153,1.1,40.85,7,780,N/A
2011,4,21,0,0,0,0,0,0.153,1.1,44.11,7,780,N/A
2011,4,21,0,30,0,0,0,0.153,1,47.26,6,780,N/A
2011,4,21,1,0,0,0,0,0.153,1,47.46,6,780,N/A
2011,4,21,1,30,0,0,0,0.153,0.9,47.45,5,780,N/A
2011,4,21,2,0,0,0,0,0.153,0.9,47.4,5,780,N/A
2011,4,21,2,30,0,0,0,0.153,0.9,50.82,5,780,N/A
2011,4,21,3,0,0,0,0,0.153,0.9,50.480000000000004,5,780,N/A
2011,4,21,3,30,0,0,0,0.153,0.8,50.480000000000004,4,780,N/A
2011,4,21,4,0,0,0,0,0.153,0.8,50.17,4,780,N/A
2011,4,21,4,30,0,0,0,0.153,0.8,50.18,4,780,N/A
2011,4,21,5,0,0,0,0,0.153,0.8,50.6,4,780,N/A
2011,4,21,5,30,0,0,0,0.153,0.8,44.03,6,780,N/A
2011,4,21,6,0,33,414,79,0.153,0.9,40.63,8,780,N/A
2011,4,21,6,30,49,620,183,0.153,1.9000000000000001,35.51,10,780,N/A
2011,4,21,7,0,61,745,297,0.153,3,30.29,12,780,N/A
2011,4,21,7,30,69,825,413,0.153,3.5,28.37,13,780,N/A
2011,4,21,8,0,76,882,526,0.153,4.1000000000000005,25.63,15,780,N/A
2011,4,21,8,30,82,923,633,0.153,4.1000000000000005,24.03,16,780,N/A
2011,4,21,9,0,86,955,732,0.153,4.3,21.87,17,780,N/A
2011,4,21,9,30,90,978,819,0.153,4.4,20.52,17,780,N/A
2011,4,21,10,0,92,997,894,0.153,4.6000000000000005,18.45,18,780,N/A
2011,4,21,10,30,94,1009,953,0.153,4.800000000000001,17.330000000000002,19,780,N/A
2011,4,21,11,0,97,1015,996,0.153,5.1000000000000005,15.46,20,780,N/A
2011,4,21,11,30,98,1019,1022,0.153,5.300000000000001,15.450000000000001,20,780,N/A
2011,4,21,12,0,97,1021,1032,0.153,5.6000000000000005,13.91,21,780,N/A
2011,4,21,12,30,96,1019,1024,0.153,5.800000000000001,13.9,21,780,N/A
2011,4,21,13,0,96,1013,999,0.153,6,13.35,21,780,N/A
2011,4,21,13,30,94,1006,958,0.153,6.2,13.35,21,780,N/A
2011,4,21,14,0,430,152,554,0.153,6.4,12.59,22,780,N/A
2011,4,21,14,30,387,238,568,0.153,6.5,12.58,21,780,N/A
2011,4,21,15,0,231,628,664,0.153,6.7,11.57,21,780,N/A
2011,4,21,15,30,217,534,544,0.153,6.7,12.3,21,780,N/A
2011,4,21,16,0,132,678,489,0.153,6.7,11.33,21,780,N/A
2011,4,21,16,30,71,839,435,0.153,6.4,12.05,20,780,N/A
2011,4,21,17,0,63,765,319,0.153,6.1000000000000005,11.67,19,780,N/A
2011,4,21,17,30,83,282,148,0.153,5,13.23,17,780,N/A
2011,4,21,18,0,47,179,70,0.153,4,15.860000000000001,16,780,N/A
2011,4,21,18,30,12,0,12,0.153,3.6,16.91,14,780,N/A
2011,4,21,19,0,0,0,0,0.153,3.2,19.21,13,780,N/A
2011,4,21,19,30,0,0,0,0.153,3.2,20.51,12,780,N/A
2011,4,21,20,0,0,0,0,0.153,3.2,21.400000000000002,12,780,N/A
2011,4,21,20,30,0,0,0,0.153,3,22.86,11,780,N/A
2011,4,21,21,0,0,0,0,0.153,2.9000000000000004,25.59,11,780,N/A
2011,4,21,21,30,0,0,0,0.153,2.5,27.36,10,780,N/A
2011,4,21,22,0,0,0,0,0.153,2.2,28.85,9,780,N/A
2011,4,21,22,30,0,0,0,0.153,2.1,30.87,8,780,N/A
2011,4,21,23,0,0,0,0,0.153,2.1,32.77,8,780,N/A
2011,4,21,23,30,0,0,0,0.153,2,35.07,7,780,N/A
2011,4,22,0,0,0,0,0,0.153,1.9000000000000001,37.32,7,780,N/A
2011,4,22,0,30,0,0,0,0.153,1.8,39.96,6,780,N/A
2011,4,22,1,0,0,0,0,0.153,1.7000000000000002,42.34,6,780,N/A
2011,4,22,1,30,0,0,0,0.153,1.6,45.37,6,780,N/A
2011,4,22,2,0,0,0,0,0.153,1.6,47.42,6,780,N/A
2011,4,22,2,30,0,0,0,0.153,1.6,47.410000000000004,6,780,N/A
2011,4,22,3,0,0,0,0,0.153,1.6,49.44,6,780,N/A
2011,4,22,3,30,0,0,0,0.153,1.6,49.44,6,780,N/A
2011,4,22,4,0,0,0,0,0.153,1.6,51.230000000000004,6,780,N/A
2011,4,22,4,30,0,0,0,0.153,1.5,51.230000000000004,5,780,N/A
2011,4,22,5,0,0,0,0,0.153,1.5,52.550000000000004,5,780,N/A
2011,4,22,5,30,0,0,0,0.153,1.7000000000000002,49.04,6,780,N/A
2011,4,22,6,0,36,385,80,0.153,1.9000000000000001,43.81,8,780,N/A
2011,4,22,6,30,54,592,183,0.153,2.8000000000000003,40.95,9,780,N/A
2011,4,22,7,0,66,717,296,0.153,3.7,35.86,11,780,N/A
2011,4,22,7,30,76,799,411,0.153,4.1000000000000005,33.57,12,780,N/A
2011,4,22,8,0,81,863,524,0.153,4.6000000000000005,29.51,14,780,N/A
2011,4,22,8,30,87,903,630,0.153,4.800000000000001,27.66,15,780,N/A
2011,4,22,9,0,91,935,727,0.153,5.1000000000000005,24.29,16,780,N/A
2011,4,22,9,30,95,957,812,0.153,5.1000000000000005,22.78,16,780,N/A
2011,4,22,10,0,98,974,885,0.153,5.300000000000001,20.28,17,780,N/A
2011,4,22,10,30,101,986,943,0.153,5.4,20.28,17,780,N/A
2011,4,22,11,0,99,1000,987,0.153,5.6000000000000005,18.5,18,780,N/A
2011,4,22,11,30,100,1004,1013,0.153,5.6000000000000005,18.490000000000002,18,780,N/A
2011,4,22,12,0,101,1004,1022,0.153,5.7,17.23,19,780,N/A
2011,4,22,12,30,100,1002,1015,0.153,5.7,17.22,19,780,N/A
2011,4,22,13,0,103,993,989,0.153,5.800000000000001,17.32,20,780,N/A
2011,4,22,13,30,101,985,949,0.153,5.800000000000001,17.31,20,780,N/A
2011,4,22,14,0,101,970,892,0.153,5.9,17.22,20,780,N/A
2011,4,22,14,30,97,954,822,0.153,5.9,17.21,20,780,N/A
2011,4,22,15,0,94,931,738,0.153,5.9,16.81,20,780,N/A
2011,4,22,15,30,297,122,372,0.153,5.7,16.81,19,780,N/A
2011,4,22,16,0,79,874,541,0.153,5.6000000000000005,16.4,19,780,N/A
2011,4,22,16,30,72,821,430,0.153,5.300000000000001,17.46,18,780,N/A
2011,4,22,17,0,61,759,318,0.152,5,18.43,18,780,N/A
2011,4,22,17,30,51,649,204,0.152,3.7,20.93,16,780,N/A
2011,4,22,18,0,35,477,99,0.152,2.4000000000000004,25.29,14,780,N/A
2011,4,22,18,30,13,147,17,0.152,2,28.85,12,780,N/A
2011,4,22,19,0,0,0,0,0.152,1.7000000000000002,32.27,10,780,N/A
2011,4,22,19,30,0,0,0,0.152,1.6,34.52,9,780,N/A
2011,4,22,20,0,0,0,0,0.152,1.6,34.980000000000004,9,780,N/A
2011,4,22,20,30,0,0,0,0.152,1.5,37.43,8,780,N/A
2011,4,22,21,0,0,0,0,0.152,1.5,40.550000000000004,8,780,N/A
2011,4,22,21,30,0,0,0,0.152,1.4000000000000001,40.550000000000004,7,780,N/A
2011,4,22,22,0,0,0,0,0.152,1.4000000000000001,40.75,7,780,N/A
2011,4,22,22,30,0,0,0,0.152,1.4000000000000001,43.64,6,780,N/A
2011,4,22,23,0,0,0,0,0.152,1.5,43.6,6,780,N/A
2011,4,22,23,30,0,0,0,0.152,1.4000000000000001,46.72,6,780,N/A
2011,4,23,0,0,0,0,0,0.152,1.4000000000000001,46.71,6,780,N/A
2011,4,23,0,30,0,0,0,0.152,1.3,46.71,5,780,N/A
2011,4,23,1,0,0,0,0,0.152,1.3,46.77,5,780,N/A
2011,4,23,1,30,0,0,0,0.152,1.2000000000000002,46.76,5,780,N/A
2011,4,23,2,0,0,0,0,0.152,1.1,46.71,5,780,N/A
2011,4,23,2,30,0,0,0,0.152,1,46.71,5,780,N/A
2011,4,23,3,0,0,0,0,0.152,1,46.46,5,780,N/A
2011,4,23,3,30,0,0,0,0.152,0.7000000000000001,46.46,5,780,N/A
2011,4,23,4,0,0,0,0,0.152,0.4,43.42,6,780,N/A
2011,4,23,4,30,0,0,0,0.152,0.5,46.54,5,780,N/A
2011,4,23,5,0,0,0,0,0.152,0.6000000000000001,46.54,5,780,N/A
2011,4,23,5,30,0,0,0,0.152,0.9,43.44,6,780,N/A
2011,4,23,6,0,37,386,83,0.152,1.3,41.08,7,780,N/A
2011,4,23,6,30,55,584,185,0.152,1.7000000000000002,38.39,9,780,N/A
2011,4,23,7,0,110,402,241,0.152,2.1,31.830000000000002,11,780,N/A
2011,4,23,7,30,184,210,273,0.152,2.3000000000000003,29.79,12,780,N/A
2011,4,23,8,0,240,129,307,0.152,2.5,27.38,13,780,N/A
2011,4,23,8,30,203,567,545,0.152,2.8000000000000003,25.650000000000002,13,780,N/A
2011,4,23,9,0,343,170,460,0.152,3.1,24.71,14,780,N/A
2011,4,23,9,30,387,139,491,0.152,3.4000000000000004,24.7,14,780,N/A
2011,4,23,10,0,372,397,694,0.152,3.8000000000000003,24.44,15,780,N/A
2011,4,23,10,30,412,362,722,0.152,4,24.43,15,780,N/A
2011,4,23,11,0,468,98,556,0.152,4.2,26.990000000000002,15,780,N/A
2011,4,23,11,30,483,99,573,0.152,4.2,28.78,14,780,N/A
2011,4,23,12,0,470,319,764,0.152,4.3,33,14,780,N/A
2011,4,23,12,30,496,220,698,0.152,4.1000000000000005,35.21,13,780,N/A
2011,4,23,13,0,485,149,619,0.152,4.1000000000000005,40.800000000000004,13,780,N/A
2011,4,23,13,30,437,78,504,0.152,3.8000000000000003,43.550000000000004,13,780,N/A
2011,4,23,14,0,382,51,424,0.152,3.5,49.36,13,780,N/A
2011,4,23,14,30,367,70,421,0.152,3.2,49.36,12,780,N/A
2011,4,23,15,0,217,15,228,0.152,3,53.02,12,780,N/A
2011,4,23,15,30,225,21,238,0.152,2.8000000000000003,56.620000000000005,12,780,N/A
2011,4,23,16,0,237,73,276,0.152,2.7,58.57,12,780,N/A
2011,4,23,16,30,106,0,106,0.152,2.5,58.56,11,780,N/A
2011,4,23,17,0,94,0,94,0.152,2.3000000000000003,59,11,780,N/A
2011,4,23,17,30,85,16,89,0.152,1.6,63.050000000000004,10,780,N/A
2011,4,23,18,0,42,0,42,0.152,1,68.05,10,780,N/A
2011,4,23,18,30,7,0,7,0.152,0.9,72.82000000000001,9,780,N/A
2011,4,23,19,0,0,0,0,0.152,0.9,71.64,9,780,N/A
2011,4,23,19,30,0,0,0,0.152,0.9,71.66,8,780,N/A
2011,4,23,20,0,0,0,0,0.152,1,68.63,8,780,N/A
2011,4,23,20,30,0,0,0,0.152,1.2000000000000002,73.47,8,780,N/A
2011,4,23,21,0,0,0,0,0.152,1.4000000000000001,67.5,8,780,N/A
2011,4,23,21,30,0,0,0,0.152,1.6,67.49,7,780,N/A
2011,4,23,22,0,0,0,0,0.152,1.8,60.27,7,780,N/A
2011,4,23,22,30,0,0,0,0.152,1.8,64.54,6,780,N/A
2011,4,23,23,0,0,0,0,0.152,1.9000000000000001,58.550000000000004,6,780,N/A
2011,4,23,23,30,0,0,0,0.152,1.8,62.74,5,780,N/A
2011,4,24,0,0,0,0,0,0.152,1.8,59.57,5,780,N/A
2011,4,24,0,30,0,0,0,0.152,1.6,63.870000000000005,5,780,N/A
2011,4,24,1,0,0,0,0,0.152,1.5,64.35,5,780,N/A
2011,4,24,1,30,0,0,0,0.152,1.3,64.34,4,780,N/A
2011,4,24,2,0,0,0,0,0.152,1.2000000000000002,66.83,4,780,N/A
2011,4,24,2,30,0,0,0,0.152,1.1,71.7,4,780,N/A
2011,4,24,3,0,0,0,0,0.152,1.1,74.71000000000001,4,780,N/A
2011,4,24,3,30,0,0,0,0.152,1,74.7,3,780,N/A
2011,4,24,4,0,0,0,0,0.152,1,76.81,3,780,N/A
2011,4,24,4,30,0,0,0,0.152,1,76.81,3,780,N/A
2011,4,24,5,0,0,0,0,0.152,1,78.47,4,780,N/A
2011,4,24,5,30,8,0,8,0.152,0.8,68.21000000000001,5,780,N/A
2011,4,24,6,0,45,96,57,0.152,0.7000000000000001,62.550000000000004,7,780,N/A
2011,4,24,6,30,86,186,128,0.152,1.3,58.43,9,780,N/A
2011,4,24,7,0,113,10,117,0.152,2,49.27,11,780,N/A
2011,4,24,7,30,186,219,279,0.152,2.7,46.1,12,780,N/A
2011,4,24,8,0,212,385,412,0.152,3.4000000000000004,37.14,13,780,N/A
2011,4,24,8,30,295,173,400,0.152,3.8000000000000003,37.13,13,780,N/A
2011,4,24,9,0,342,128,430,0.152,4.3,32.84,14,780,N/A
2011,4,24,9,30,329,473,686,0.152,4.6000000000000005,32.84,14,780,N/A
2011,4,24,10,0,260,18,274,0.152,4.9,29.69,15,780,N/A
2011,4,24,10,30,438,83,510,0.152,5.1000000000000005,29.68,15,780,N/A
2011,4,24,11,0,461,385,805,0.152,5.300000000000001,29.09,16,780,N/A
2011,4,24,11,30,500,188,672,0.152,5.4,29.07,16,780,N/A
2011,4,24,12,0,505,156,649,0.152,5.6000000000000005,27.14,16,770,N/A
2011,4,24,12,30,496,376,841,0.152,5.7,27.14,16,770,N/A
2011,4,24,13,0,479,402,840,0.152,5.9,27.7,16,770,N/A
2011,4,24,13,30,393,42,430,0.152,6,29.52,15,770,N/A
2011,4,24,14,0,338,30,363,0.152,6.2,31.060000000000002,15,770,N/A
2011,4,24,14,30,396,173,529,0.152,6.2,33.12,14,770,N/A
2011,4,24,15,0,18,0,18,0.152,6.300000000000001,34.81,14,770,N/A
2011,4,24,15,30,191,12,199,0.152,6.1000000000000005,37.14,13,770,N/A
2011,4,24,16,0,162,8,166,0.152,5.9,38.37,13,770,N/A
2011,4,24,16,30,114,0,114,0.152,5.6000000000000005,40.96,12,770,N/A
2011,4,24,17,0,144,117,184,0.152,5.300000000000001,44.36,12,770,N/A
2011,4,24,17,30,54,0,54,0.152,4.4,47.42,11,770,N/A
2011,4,24,18,0,26,0,26,0.152,3.5,48.21,10,770,N/A
2011,4,24,18,30,4,0,4,0.152,2.9000000000000004,51.56,9,770,N/A
2011,4,24,19,0,0,0,0,0.152,2.3000000000000003,56.68,8,770,N/A
2011,4,24,19,30,0,0,0,0.152,2.3000000000000003,60.69,7,770,N/A
2011,4,24,20,0,0,0,0,0.152,2.3000000000000003,67.02,7,780,N/A
2011,4,24,20,30,0,0,0,0.152,2.3000000000000003,71.84,6,780,N/A
2011,4,24,21,0,0,0,0,0.152,2.4000000000000004,73.84,6,780,N/A
2011,4,24,21,30,0,0,0,0.152,2.2,79.18,5,780,N/A
2011,4,24,22,0,0,0,0,0.152,2,80.27,5,780,N/A
2011,4,24,22,30,0,0,0,0.152,1.9000000000000001,86.12,4,780,N/A
2011,4,24,23,0,0,0,0,0.152,1.8,85.67,4,780,N/A
2011,4,24,23,30,0,0,0,0.152,1.7000000000000002,85.65,3,780,N/A
2011,4,25,0,0,0,0,0,0.152,1.7000000000000002,84.46000000000001,3,770,N/A
2011,4,25,0,30,0,0,0,0.152,1.6,90.65,3,770,N/A
2011,4,25,1,0,0,0,0,0.152,1.6,89.42,3,770,N/A
2011,4,25,1,30,0,0,0,0.152,1.6,89.39,2,770,N/A
2011,4,25,2,0,0,0,0,0.152,1.6,88.54,2,770,N/A
2011,4,25,2,30,0,0,0,0.152,1.5,95.10000000000001,1,770,N/A
2011,4,25,3,0,0,0,0,0.152,1.5,94.62,1,770,N/A
2011,4,25,3,30,0,0,0,0.152,1.4000000000000001,94.61,1,770,N/A
2011,4,25,4,0,0,0,0,0.152,1.4000000000000001,93.41,1,770,N/A
2011,4,25,4,30,0,0,0,0.152,1.5,100,1,770,N/A
2011,4,25,5,0,0,0,0,0.152,1.6,98.37,1,770,N/A
2011,4,25,5,30,5,0,5,0.152,2.3000000000000003,91.52,2,770,N/A
2011,4,25,6,0,35,0,35,0.152,3.1,83.27,3,770,N/A
2011,4,25,6,30,77,0,77,0.152,4.4,77.55,4,770,N/A
2011,4,25,7,0,138,103,172,0.152,5.800000000000001,65.04,5,770,N/A
2011,4,25,7,30,171,341,318,0.152,6.300000000000001,60.69,6,770,N/A
2011,4,25,8,0,241,108,298,0.152,6.9,56.97,7,770,N/A
2011,4,25,8,30,258,42,284,0.152,6.9,53.22,8,770,N/A
2011,4,25,9,0,292,418,579,0.152,7,46.4,9,770,N/A
2011,4,25,9,30,234,16,247,0.152,6.9,43.4,10,770,N/A
2011,4,25,10,0,273,19,289,0.152,6.9,36.52,11,770,N/A
2011,4,25,10,30,453,110,549,0.152,6.800000000000001,36.52,12,770,N/A
2011,4,25,11,0,389,34,419,0.152,6.800000000000001,30.830000000000002,13,770,N/A
2011,4,25,11,30,412,38,447,0.152,6.7,30.830000000000002,13,770,N/A
2011,4,25,12,0,492,102,587,0.152,6.7,26.67,14,770,N/A
2011,4,25,12,30,415,562,931,0.152,6.6000000000000005,26.67,14,770,N/A
2011,4,25,13,0,441,364,769,0.152,6.6000000000000005,23.98,14,770,N/A
2011,4,25,13,30,388,404,738,0.152,6.5,23.97,14,770,N/A
2011,4,25,14,0,128,935,897,0.152,6.4,23.09,15,770,N/A
2011,4,25,14,30,124,917,826,0.152,6.300000000000001,23.080000000000002,14,770,N/A
2011,4,25,15,0,113,905,745,0.152,6.300000000000001,22,14,770,N/A
2011,4,25,15,30,107,873,649,0.152,6.2,23.47,14,770,N/A
2011,4,25,16,0,96,842,547,0.152,6.2,22.61,14,770,N/A
2011,4,25,16,30,88,784,435,0.152,5.800000000000001,24.14,13,770,N/A
2011,4,25,17,0,78,701,320,0.152,5.5,24.11,12,770,N/A
2011,4,25,17,30,64,581,206,0.152,4.3,27.53,11,770,N/A
2011,4,25,18,0,45,398,101,0.152,3.2,30.73,10,770,N/A
2011,4,25,18,30,16,95,20,0.152,2.6,32.89,8,770,N/A
2011,4,25,19,0,0,0,0,0.152,2.1,37.13,7,770,N/A
2011,4,25,19,30,0,0,0,0.152,1.9000000000000001,39.78,6,770,N/A
2011,4,25,20,0,0,0,0,0.152,1.8,43.67,5,770,N/A
2011,4,25,20,30,0,0,0,0.152,1.6,46.82,4,770,N/A
2011,4,25,21,0,0,0,0,0.152,1.4000000000000001,47.08,4,770,N/A
2011,4,25,21,30,0,0,0,0.152,1.2000000000000002,50.5,3,770,N/A
2011,4,25,22,0,0,0,0,0.152,1.2000000000000002,49.45,3,770,N/A
2011,4,25,22,30,0,0,0,0.152,1.2000000000000002,53.07,3,770,N/A
2011,4,25,23,0,0,0,0,0.152,1.3,52.51,3,770,N/A
2011,4,25,23,30,0,0,0,0.152,1.5,52.480000000000004,3,770,N/A
2011,4,26,0,0,0,0,0,0.152,1.8,48.77,3,770,N/A
2011,4,26,0,30,0,0,0,0.152,2,52.33,3,770,N/A
2011,4,26,1,0,0,0,0,0.152,2.2,52.22,3,770,N/A
2011,4,26,1,30,0,0,0,0.152,2.2,52.2,2,770,N/A
2011,4,26,2,0,0,0,0,0.152,2.2,53.03,2,770,N/A
2011,4,26,2,30,0,0,0,0.152,2.2,53.01,2,770,N/A
2011,4,26,3,0,0,0,0,0.152,2.2,54.03,2,770,N/A
2011,4,26,3,30,0,0,0,0.152,2.2,58.02,2,770,N/A
2011,4,26,4,0,0,0,0,0.152,2.3000000000000003,59.47,2,770,N/A
2011,4,26,4,30,0,0,0,0.152,2.5,59.46,2,770,N/A
2011,4,26,5,0,0,0,0,0.152,2.8000000000000003,58.43,2,770,N/A
2011,4,26,5,30,13,52,14,0.152,3.4000000000000004,54.42,3,770,N/A
2011,4,26,6,0,45,331,89,0.152,4,56.13,4,770,N/A
2011,4,26,6,30,91,83,110,0.152,4.6000000000000005,52.34,5,770,N/A
2011,4,26,7,0,54,0,54,0.152,5.2,56.9,6,770,N/A
2011,4,26,7,30,36,0,36,0.152,5.6000000000000005,53.11,7,770,N/A
2011,4,26,8,0,212,36,231,0.152,6,49.44,8,770,N/A
2011,4,26,8,30,292,253,447,0.152,6.5,49.44,8,770,N/A
2011,4,26,9,0,321,351,564,0.152,7,40.84,8,770,N/A
2011,4,26,9,30,213,14,224,0.152,7.2,40.84,8,770,N/A
2011,4,26,10,0,112,2,115,0.152,7.4,36.730000000000004,8,770,N/A
2011,4,26,10,30,88,0,88,0.152,7.5,36.730000000000004,8,770,N/A
2011,4,26,11,0,112,2,115,0.152,7.6000000000000005,34.79,9,770,N/A
2011,4,26,11,30,213,16,228,0.152,7.800000000000001,34.78,9,770,N/A
2011,4,26,12,0,170,13,183,0.152,8,31.38,9,770,N/A
2011,4,26,12,30,72,0,72,0.152,8.1,31.38,9,770,N/A
2011,4,26,13,0,487,133,607,0.152,8.3,30.650000000000002,9,770,N/A
2011,4,26,13,30,442,395,785,0.152,8.4,30.66,9,770,N/A
2011,4,26,14,0,375,508,794,0.152,8.5,29.54,9,770,N/A
2011,4,26,14,30,94,981,847,0.152,8.5,31.6,9,770,N/A
2011,4,26,15,0,349,115,431,0.152,8.5,28.94,9,770,N/A
2011,4,26,15,30,85,940,670,0.152,8.5,28.95,8,770,N/A
2011,4,26,16,0,238,301,400,0.152,8.5,25.32,8,770,N/A
2011,4,26,16,30,198,197,285,0.152,8.200000000000001,27.11,7,770,N/A
2011,4,26,17,0,150,178,212,0.152,8,25.990000000000002,7,770,N/A
2011,4,26,17,30,57,664,220,0.152,7.300000000000001,27.87,6,770,N/A
2011,4,26,18,0,43,463,109,0.152,6.6000000000000005,26.900000000000002,5,770,N/A
2011,4,26,18,30,18,144,23,0.152,5.9,28.86,4,770,N/A
2011,4,26,19,0,0,0,0,0.152,5.300000000000001,31.57,3,770,N/A
2011,4,26,19,30,0,0,0,0.152,5.1000000000000005,33.9,2,770,N/A
2011,4,26,20,0,0,0,0,0.152,4.9,35.17,2,770,N/A
2011,4,26,20,30,0,0,0,0.152,4.9,37.79,1,770,N/A
2011,4,26,21,0,0,0,0,0.152,4.9,39.59,1,770,N/A
2011,4,26,21,30,0,0,0,0.152,4.800000000000001,42.550000000000004,0,770,N/A
2011,4,26,22,0,0,0,0,0.152,4.800000000000001,43.89,0,770,N/A
2011,4,26,22,30,0,0,0,0.152,4.6000000000000005,43.9,0,770,N/A
2011,4,26,23,0,0,0,0,0.152,4.5,44.03,0,770,N/A
2011,4,26,23,30,0,0,0,0.152,4.3,44.03,0,770,N/A
2011,4,27,0,0,0,0,0,0.152,4.2,46.81,-1,770,N/A
2011,4,27,0,30,0,0,0,0.152,4,46.81,-1,770,N/A
2011,4,27,1,0,0,0,0,0.152,3.9000000000000004,49.86,-2,770,N/A
2011,4,27,1,30,0,0,0,0.152,3.7,49.870000000000005,-2,770,N/A
2011,4,27,2,0,0,0,0,0.152,3.6,53.58,-3,770,N/A
2011,4,27,2,30,0,0,0,0.152,3.3000000000000003,53.6,-3,780,N/A
2011,4,27,3,0,0,0,0,0.152,3.1,58.19,-4,780,N/A
2011,4,27,3,30,0,0,0,0.152,2.8000000000000003,58.21,-4,780,N/A
2011,4,27,4,0,0,0,0,0.152,2.6,58.67,-4,780,N/A
2011,4,27,4,30,0,0,0,0.152,2.3000000000000003,58.69,-4,780,N/A
2011,4,27,5,0,0,0,0,0.152,2.1,63.74,-4,780,N/A
2011,4,27,5,30,15,130,19,0.152,2.8000000000000003,54.89,-3,780,N/A
2011,4,27,6,0,40,486,105,0.152,3.5,50.81,-2,780,N/A
2011,4,27,6,30,55,672,215,0.152,3.9000000000000004,43.92,0,780,N/A
2011,4,27,7,0,66,786,332,0.152,4.3,38.13,1,780,N/A
2011,4,27,7,30,74,859,450,0.152,4.2,35.51,3,780,N/A
2011,4,27,8,0,81,909,563,0.152,4.2,26.91,5,780,N/A
2011,4,27,8,30,87,946,670,0.152,4,25.09,6,780,N/A
2011,4,27,9,0,92,974,768,0.152,3.9000000000000004,19.85,7,780,N/A
2011,4,27,9,30,96,995,854,0.152,4,18.55,8,780,N/A
2011,4,27,10,0,98,1010,928,0.152,4.1000000000000005,16.38,9,780,N/A
2011,4,27,10,30,101,1021,986,0.152,4.2,16.38,10,780,N/A
2011,4,27,11,0,100,1032,1030,0.152,4.4,14.97,11,780,N/A
2011,4,27,11,30,101,1036,1056,0.152,4.6000000000000005,14,11,780,N/A
2011,4,27,12,0,100,1039,1066,0.152,4.800000000000001,12.96,12,780,N/A
2011,4,27,12,30,100,1038,1058,0.152,4.800000000000001,12.96,12,780,N/A
2011,4,27,13,0,99,1033,1032,0.152,4.9,12.9,12,780,N/A
2011,4,27,13,30,98,1025,991,0.152,5,12.9,12,780,N/A
2011,4,27,14,0,98,1011,932,0.152,5.2,12.98,13,780,N/A
2011,4,27,14,30,95,995,860,0.152,5.2,12.98,12,780,N/A
2011,4,27,15,0,91,975,775,0.152,5.300000000000001,13.22,12,780,N/A
2011,4,27,15,30,86,948,679,0.152,5.300000000000001,14.13,11,780,N/A
2011,4,27,16,0,79,916,573,0.152,5.300000000000001,14.6,11,780,N/A
2011,4,27,16,30,73,867,460,0.152,5.1000000000000005,15.610000000000001,10,780,N/A
2011,4,27,17,0,63,804,345,0.152,5.1000000000000005,17.54,10,780,N/A
2011,4,27,17,30,53,701,228,0.152,4.3,20.1,8,780,N/A
2011,4,27,18,0,39,535,117,0.152,3.5,23.56,7,780,N/A
2011,4,27,18,30,18,214,27,0.152,2.8000000000000003,27.09,5,780,N/A
2011,4,27,19,0,0,0,0,0.152,2.1,32.37,3,780,N/A
2011,4,27,19,30,0,0,0,0.152,1.9000000000000001,34.77,2,780,N/A
2011,4,27,20,0,0,0,0,0.152,1.7000000000000002,39.39,2,780,N/A
2011,4,27,20,30,0,0,0,0.152,1.8,42.35,1,780,N/A
2011,4,27,21,0,0,0,0,0.152,1.9000000000000001,43.2,1,780,N/A
2011,4,27,21,30,0,0,0,0.152,1.9000000000000001,43.21,0,780,N/A
2011,4,27,22,0,0,0,0,0.152,1.9000000000000001,43.83,0,780,N/A
2011,4,27,22,30,0,0,0,0.152,1.8,43.84,0,780,N/A
2011,4,27,23,0,0,0,0,0.152,1.7000000000000002,47.42,0,780,N/A
2011,4,27,23,30,0,0,0,0.152,1.6,47.42,0,780,N/A
2011,4,28,0,0,0,0,0,0.152,1.5,51.120000000000005,-1,780,N/A
2011,4,28,0,30,0,0,0,0.152,1.4000000000000001,51.120000000000005,-1,780,N/A
2011,4,28,1,0,0,0,0,0.152,1.3,55.49,-2,780,N/A
2011,4,28,1,30,0,0,0,0.152,1.3,55.49,-2,780,N/A
2011,4,28,2,0,0,0,0,0.152,1.3,55.86,-3,780,N/A
2011,4,28,2,30,0,0,0,0.152,1.2000000000000002,55.86,-3,780,N/A
2011,4,28,3,0,0,0,0,0.152,1.2000000000000002,55.84,-3,780,N/A
2011,4,28,3,30,0,0,0,0.152,1.2000000000000002,55.84,-3,780,N/A
2011,4,28,4,0,0,0,0,0.152,1.2000000000000002,59.230000000000004,-3,780,N/A
2011,4,28,4,30,0,0,0,0.152,1.2000000000000002,54.980000000000004,-3,780,N/A
2011,4,28,5,0,0,0,0,0.152,1.2000000000000002,53.84,-3,780,N/A
2011,4,28,5,30,16,180,22,0.152,1.7000000000000002,46.480000000000004,-1,780,N/A
2011,4,28,6,0,39,512,110,0.152,2.2,42.49,1,790,N/A
2011,4,28,6,30,54,689,220,0.152,2.2,36.81,3,790,N/A
2011,4,28,7,0,65,793,336,0.152,2.2,24.43,6,790,N/A
2011,4,28,7,30,73,864,454,0.152,2.1,21.28,8,790,N/A
2011,4,28,8,0,81,911,566,0.152,2,12.86,10,790,N/A
2011,4,28,8,30,86,948,673,0.152,1.9000000000000001,12.030000000000001,11,790,N/A
2011,4,28,9,0,91,975,770,0.152,1.8,8.58,13,790,N/A
2011,4,28,9,30,94,995,856,0.152,2.1,8.040000000000001,14,780,N/A
2011,4,28,10,0,97,1010,929,0.152,2.4000000000000004,6.2,16,780,N/A
2011,4,28,10,30,99,1021,987,0.152,2.7,6.19,17,780,N/A
2011,4,28,11,0,100,1028,1029,0.152,3.1,5.74,18,780,N/A
2011,4,28,11,30,101,1032,1055,0.152,3.4000000000000004,5.39,18,780,N/A
2011,4,28,12,0,101,1034,1064,0.152,3.7,5.39,19,780,N/A
2011,4,28,12,30,101,1032,1055,0.152,3.7,5.38,19,780,N/A
2011,4,28,13,0,347,647,933,0.152,3.8000000000000003,6.03,19,780,N/A
2011,4,28,13,30,441,436,822,0.152,3.7,6.03,19,780,N/A
2011,4,28,14,0,394,452,769,0.152,3.6,6.84,19,780,N/A
2011,4,28,14,30,305,566,742,0.152,3.4000000000000004,6.84,19,780,N/A
2011,4,28,15,0,89,973,774,0.152,3.3000000000000003,7.640000000000001,19,780,N/A
2011,4,28,15,30,85,946,677,0.152,3.2,8.13,18,780,N/A
2011,4,28,16,0,82,901,570,0.152,3.2,8.97,18,780,N/A
2011,4,28,16,30,76,779,426,0.152,2.9000000000000004,9.540000000000001,17,780,N/A
2011,4,28,17,0,111,468,276,0.152,2.7,11.55,17,780,N/A
2011,4,28,17,30,94,230,152,0.152,1.9000000000000001,14,14,780,N/A
2011,4,28,18,0,51,201,81,0.152,1.2000000000000002,22.11,12,780,N/A
2011,4,28,18,30,19,0,19,0.152,1.3,25.27,10,780,N/A
2011,4,28,19,0,0,0,0,0.152,1.5,27.04,8,780,N/A
2011,4,28,19,30,0,0,0,0.152,1.6,27.04,8,780,N/A
2011,4,28,20,0,0,0,0,0.152,1.8,26.46,8,780,N/A
2011,4,28,20,30,0,0,0,0.152,1.7000000000000002,28.32,7,780,N/A
2011,4,28,21,0,0,0,0,0.152,1.7000000000000002,28.060000000000002,7,780,N/A
2011,4,28,21,30,0,0,0,0.152,1.6,30.05,6,780,N/A
2011,4,28,22,0,0,0,0,0.152,1.5,32.36,6,780,N/A
2011,4,28,22,30,0,0,0,0.152,1.5,34.7,5,780,N/A
2011,4,28,23,0,0,0,0,0.152,1.5,34.37,5,780,N/A
2011,4,28,23,30,0,0,0,0.152,1.5,34.36,5,780,N/A
2011,4,29,0,0,0,0,0,0.152,1.6,32.04,5,780,N/A
2011,4,29,0,30,0,0,0,0.152,1.5,34.35,4,780,N/A
2011,4,29,1,0,0,0,0,0.152,1.4000000000000001,35.13,4,780,N/A
2011,4,29,1,30,0,0,0,0.152,1.3,37.68,3,780,N/A
2011,4,29,2,0,0,0,0,0.152,1.3,38.12,3,780,N/A
2011,4,29,2,30,0,0,0,0.152,1.3,38.1,3,780,N/A
2011,4,29,3,0,0,0,0,0.152,1.3,38.06,3,780,N/A
2011,4,29,3,30,0,0,0,0.152,1.3,40.85,2,780,N/A
2011,4,29,4,0,0,0,0,0.152,1.4000000000000001,40.57,2,780,N/A
2011,4,29,4,30,0,0,0,0.152,1.4000000000000001,40.56,2,780,N/A
2011,4,29,5,0,0,0,0,0.152,1.4000000000000001,37.81,3,780,N/A
2011,4,29,5,30,17,107,21,0.152,1.5,32.87,5,780,N/A
2011,4,29,6,0,45,421,105,0.152,1.7000000000000002,27.97,8,780,N/A
2011,4,29,6,30,63,606,211,0.152,2.8000000000000003,24.44,10,780,N/A
2011,4,29,7,0,74,730,327,0.152,3.9000000000000004,21.13,13,780,N/A
2011,4,29,7,30,84,806,442,0.152,4.7,19.79,14,780,N/A
2011,4,29,8,0,89,867,554,0.152,5.6000000000000005,17.94,16,780,N/A
2011,4,29,8,30,96,905,659,0.152,6,16.82,17,780,N/A
2011,4,29,9,0,99,939,755,0.152,6.4,15.42,18,780,N/A
2011,4,29,9,30,103,959,839,0.152,6.7,14.47,18,770,N/A
2011,4,29,10,0,104,978,911,0.152,7.1000000000000005,13.27,19,770,N/A
2011,4,29,10,30,106,989,968,0.152,7.4,12.47,20,770,N/A
2011,4,29,11,0,102,1007,1013,0.152,7.800000000000001,11.6,21,770,N/A
2011,4,29,11,30,103,1010,1037,0.152,8.1,11.6,21,770,N/A
2011,4,29,12,0,104,1008,1045,0.152,8.4,10.94,22,770,N/A
2011,4,29,12,30,104,1005,1035,0.152,8.700000000000001,10.93,22,770,N/A
2011,4,29,13,0,102,1000,1010,0.152,9,10.59,23,770,N/A
2011,4,29,13,30,100,992,968,0.152,9.1,11.25,23,770,N/A
2011,4,29,14,0,103,971,909,0.152,9.3,11.620000000000001,23,770,N/A
2011,4,29,14,30,100,955,838,0.152,9.200000000000001,11.620000000000001,22,770,N/A
2011,4,29,15,0,99,927,753,0.152,9.200000000000001,11.52,22,770,N/A
2011,4,29,15,30,94,899,659,0.152,9,12.25,21,770,N/A
2011,4,29,16,0,151,636,497,0.152,8.9,12.39,21,770,N/A
2011,4,29,16,30,117,619,396,0.152,8.5,13.18,20,770,N/A
2011,4,29,17,0,122,411,267,0.152,8.1,12.34,19,770,N/A
2011,4,29,17,30,60,632,221,0.152,7.2,13.99,17,770,N/A
2011,4,29,18,0,51,217,84,0.152,6.4,14.27,16,770,N/A
2011,4,29,18,30,21,0,21,0.152,5.7,16.23,15,770,N/A
2011,4,29,19,0,0,0,0,0.152,5.1000000000000005,17.41,14,770,N/A
2011,4,29,19,30,0,0,0,0.152,4.5,18.6,13,770,N/A
2011,4,29,20,0,0,0,0,0.152,3.9000000000000004,20.77,12,770,N/A
2011,4,29,20,30,0,0,0,0.152,3.6,22.2,11,770,N/A
2011,4,29,21,0,0,0,0,0.152,3.3000000000000003,24.41,10,770,N/A
2011,4,29,21,30,0,0,0,0.152,3.2,26.12,9,770,N/A
2011,4,29,22,0,0,0,0,0.152,3.1,25.47,8,770,N/A
2011,4,29,22,30,0,0,0,0.152,3.2,27.27,7,770,N/A
2011,4,29,23,0,0,0,0,0.152,3.3000000000000003,27.26,6,770,N/A
2011,4,29,23,30,0,0,0,0.152,3.4000000000000004,29.21,5,770,N/A
2011,4,30,0,0,0,0,0,0.152,3.5,29.36,4,770,N/A
2011,4,30,0,30,0,0,0,0.152,3.3000000000000003,31.5,3,770,N/A
2011,4,30,1,0,0,0,0,0.152,3.1,33.51,3,770,N/A
2011,4,30,1,30,0,0,0,0.152,3,36,2,770,N/A
2011,4,30,2,0,0,0,0,0.152,2.9000000000000004,36.39,1,770,N/A
2011,4,30,2,30,0,0,0,0.152,2.6,39.12,0,770,N/A
2011,4,30,3,0,0,0,0,0.152,2.4000000000000004,38.660000000000004,0,770,N/A
2011,4,30,3,30,0,0,0,0.152,2.1,38.660000000000004,0,770,N/A
2011,4,30,4,0,0,0,0,0.152,1.8,37.44,0,770,N/A
2011,4,30,4,30,0,0,0,0.152,1.6,37.45,0,780,N/A
2011,4,30,5,0,0,0,0,0.152,1.5,38.83,0,780,N/A
2011,4,30,5,30,19,144,25,0.152,2.2,36.12,0,780,N/A
2011,4,30,6,0,44,462,112,0.152,3,29.46,1,780,N/A
2011,4,30,6,30,61,644,221,0.152,3.2,27.43,2,780,N/A
2011,4,30,7,0,73,759,337,0.152,3.4000000000000004,17.66,4,780,N/A
2011,4,30,7,30,82,833,454,0.152,3.4000000000000004,16.47,5,780,N/A
2011,4,30,8,0,88,889,568,0.152,3.4000000000000004,12.66,7,780,N/A
2011,4,30,8,30,95,927,674,0.152,3.5,11.83,8,780,N/A
2011,4,30,9,0,100,954,770,0.152,3.7,11.4,9,780,N/A
2011,4,30,9,30,105,975,856,0.152,4,11.4,10,780,N/A
2011,4,30,10,0,109,989,928,0.152,4.3,11.35,11,780,N/A
2011,4,30,10,30,112,1001,987,0.152,4.5,11.35,11,780,N/A
2011,4,30,11,0,112,1012,1030,0.152,4.7,11.34,12,780,N/A
2011,4,30,11,30,114,1017,1057,0.152,4.800000000000001,11.34,12,780,N/A
2011,4,30,12,0,116,1015,1065,0.152,4.9,11.28,12,780,N/A
2011,4,30,12,30,116,1014,1057,0.152,4.9,11.27,12,780,N/A
2011,4,30,13,0,115,1008,1032,0.152,5,11.83,13,780,N/A
2011,4,30,13,30,113,1000,990,0.152,4.9,11.83,13,780,N/A
2011,4,30,14,0,114,982,931,0.152,4.9,12.120000000000001,13,780,N/A
2011,4,30,14,30,111,965,859,0.152,4.7,12.120000000000001,13,780,N/A
2011,4,30,15,0,98,959,777,0.152,4.6000000000000005,12.26,13,780,N/A
2011,4,30,15,30,93,930,680,0.152,4.5,12.26,12,780,N/A
2011,4,30,16,0,82,907,577,0.152,4.4,12.4,12,780,N/A
2011,4,30,16,30,75,856,464,0.152,4.2,13.25,11,780,N/A
2011,4,30,17,0,70,775,346,0.147,4.1000000000000005,14.63,10,780,N/A
2011,4,30,17,30,59,670,230,0.147,3.4000000000000004,16.740000000000002,8,780,N/A
2011,4,30,18,0,47,467,118,0.147,2.8000000000000003,20.080000000000002,7,780,N/A
2011,4,30,18,30,22,175,31,0.147,2.7,23.05,5,780,N/A
2011,4,30,19,0,0,0,0,0.147,2.7,27.87,4,780,N/A
2011,4,30,19,30,0,0,0,0.147,3.1,27.87,4,780,N/A
2011,4,30,20,0,0,0,0,0.147,3.5,28.62,4,780,N/A
2011,4,30,20,30,0,0,0,0.147,3.3000000000000003,30.71,3,780,N/A
2011,4,30,21,0,0,0,0,0.147,3.2,31.93,3,780,N/A
2011,4,30,21,30,0,0,0,0.147,2.7,34.28,2,780,N/A
2011,4,30,22,0,0,0,0,0.147,2.3000000000000003,36.230000000000004,2,780,N/A
2011,4,30,22,30,0,0,0,0.147,2,38.92,1,780,N/A
2011,4,30,23,0,0,0,0,0.147,1.9000000000000001,43.03,1,780,N/A
2011,4,30,23,30,0,0,0,0.147,2,46.25,0,780,N/A
2011,5,1,0,0,0,0,0,0.147,2.2,55.43,0,780,N/A
2011,5,1,0,30,0,0,0,0.147,3,55.44,0,780,N/A
2011,5,1,1,0,0,0,0,0.147,3.8000000000000003,64.5,0,780,N/A
2011,5,1,1,30,0,0,0,0.147,4.3,64.5,0,780,N/A
2011,5,1,2,0,0,0,0,0.147,4.9,73.77,-1,780,N/A
2011,5,1,2,30,0,0,0,0.147,5.2,73.77,-1,780,N/A
2011,5,1,3,0,0,0,0,0.147,5.6000000000000005,80.53,-1,780,N/A
2011,5,1,3,30,0,0,0,0.147,5.300000000000001,80.53,-1,780,N/A
2011,5,1,4,0,0,0,0,0.147,5.1000000000000005,80.12,-2,780,N/A
2011,5,1,4,30,0,0,0,0.147,5.1000000000000005,80.13,-2,780,N/A
2011,5,1,5,0,0,0,0,0.147,5.1000000000000005,79.62,-2,780,N/A
2011,5,1,5,30,9,0,9,0.147,5.4,74,-1,780,N/A
2011,5,1,6,0,43,0,43,0.147,5.7,73.32000000000001,-1,780,N/A
2011,5,1,6,30,98,141,134,0.147,5.800000000000001,68.18,0,780,N/A
2011,5,1,7,0,24,0,24,0.147,6,66.44,0,780,N/A
2011,5,1,7,30,40,0,40,0.147,6,66.44,1,780,N/A
2011,5,1,8,0,32,0,32,0.147,6,60.52,2,780,N/A
2011,5,1,8,30,61,0,61,0.147,6,60.54,2,780,N/A
2011,5,1,9,0,87,0,87,0.147,6.1000000000000005,55.71,2,780,N/A
2011,5,1,9,30,73,0,73,0.147,6,55.71,2,780,N/A
2011,5,1,10,0,122,4,126,0.147,6,51.550000000000004,3,780,N/A
2011,5,1,10,30,373,33,402,0.147,5.800000000000001,51.550000000000004,3,780,N/A
2011,5,1,11,0,284,731,948,0.147,5.7,51.32,4,780,N/A
2011,5,1,11,30,287,739,974,0.147,5.5,51.32,4,780,N/A
2011,5,1,12,0,500,267,750,0.147,5.300000000000001,48.14,4,780,N/A
2011,5,1,12,30,474,290,744,0.147,5,48.14,4,780,N/A
2011,5,1,13,0,470,101,563,0.147,4.7,49.050000000000004,4,780,N/A
2011,5,1,13,30,455,95,539,0.147,4.2,52.63,3,780,N/A
2011,5,1,14,0,426,100,510,0.147,3.7,54.120000000000005,3,780,N/A
2011,5,1,14,30,120,4,123,0.147,3.1,58.1,3,780,N/A
2011,5,1,15,0,306,41,335,0.147,2.5,59.730000000000004,3,780,N/A
2011,5,1,15,30,235,23,250,0.147,2,59.75,2,780,N/A
2011,5,1,16,0,211,28,227,0.147,1.5,60.69,2,780,N/A
2011,5,1,16,30,22,0,22,0.147,1.5,65.21000000000001,1,780,N/A
2011,5,1,17,0,122,9,126,0.147,1.6,65.44,1,780,N/A
2011,5,1,17,30,20,0,20,0.147,1.7000000000000002,70.37,0,780,N/A
2011,5,1,18,0,4,0,4,0.147,1.9000000000000001,70.23,0,780,N/A
2011,5,1,18,30,1,0,1,0.147,1.6,70.25,0,780,N/A
2011,5,1,19,0,0,0,0,0.147,1.3,70.19,0,780,N/A
2011,5,1,19,30,0,0,0,0.147,1.2000000000000002,70.22,0,780,N/A
2011,5,1,20,0,0,0,0,0.147,1.1,74.73,0,780,N/A
2011,5,1,20,30,0,0,0,0.147,1,74.74,0,780,N/A
2011,5,1,21,0,0,0,0,0.147,1,78.60000000000001,-1,780,N/A
2011,5,1,21,30,0,0,0,0.147,1,78.59,-1,780,N/A
2011,5,1,22,0,0,0,0,0.147,1,82.05,-2,780,N/A
2011,5,1,22,30,0,0,0,0.147,1,82.05,-2,780,N/A
2011,5,1,23,0,0,0,0,0.147,1,79.63,-3,780,N/A
2011,5,1,23,30,0,0,0,0.147,1,79.63,-3,780,N/A
2011,5,2,0,0,0,0,0,0.147,1,83.69,-3,780,N/A
2011,5,2,0,30,0,0,0,0.147,0.8,83.7,-3,780,N/A
2011,5,2,1,0,0,0,0,0.147,0.7000000000000001,82.04,-3,780,N/A
2011,5,2,1,30,0,0,0,0.147,0.6000000000000001,82.06,-3,780,N/A
2011,5,2,2,0,0,0,0,0.147,0.6000000000000001,80.74,-4,780,N/A
2011,5,2,2,30,0,0,0,0.147,0.7000000000000001,80.76,-4,780,N/A
2011,5,2,3,0,0,0,0,0.147,0.8,79.05,-4,780,N/A
2011,5,2,3,30,0,0,0,0.147,0.8,79.07000000000001,-4,790,N/A
2011,5,2,4,0,0,0,0,0.147,0.9,77.28,-4,790,N/A
2011,5,2,4,30,0,0,0,0.147,0.9,77.31,-4,790,N/A
2011,5,2,5,0,0,0,0,0.147,0.9,76.44,-4,790,N/A
2011,5,2,5,30,4,0,4,0.147,1.2000000000000002,65.9,-2,790,N/A
2011,5,2,6,0,18,0,18,0.147,1.6,61.89,-1,790,N/A
2011,5,2,6,30,67,605,221,0.147,1.5,57.56,0,790,N/A
2011,5,2,7,0,76,735,337,0.147,1.5,51.06,1,790,N/A
2011,5,2,7,30,202,155,272,0.147,1.5,51.08,1,790,N/A
2011,5,2,8,0,253,203,364,0.147,1.5,45.57,2,790,N/A
2011,5,2,8,30,179,665,599,0.147,1.5,42.46,3,790,N/A
2011,5,2,9,0,284,483,626,0.147,1.5,38.22,4,790,N/A
2011,5,2,9,30,339,479,710,0.147,1.4000000000000001,38.22,4,790,N/A
2011,5,2,10,0,438,158,570,0.147,1.3,34.01,5,790,N/A
2011,5,2,10,30,468,145,597,0.147,1.2000000000000002,34,6,790,N/A
2011,5,2,11,0,462,379,808,0.147,1.1,30.42,7,790,N/A
2011,5,2,11,30,108,1012,1051,0.147,1,28.39,7,790,N/A
2011,5,2,12,0,106,1018,1062,0.147,0.9,25.3,8,790,N/A
2011,5,2,12,30,448,514,927,0.147,0.9,25.29,8,790,N/A
2011,5,2,13,0,417,42,455,0.147,0.9,24.39,9,790,N/A
2011,5,2,13,30,396,46,437,0.147,1,24.39,9,790,N/A
2011,5,2,14,0,397,422,750,0.147,1.2000000000000002,22.04,9,790,N/A
2011,5,2,14,30,340,486,719,0.147,1.4000000000000001,22.04,9,790,N/A
2011,5,2,15,0,110,0,111,0.147,1.7000000000000002,21.26,9,790,N/A
2011,5,2,15,30,113,878,670,0.147,1.8,22.740000000000002,9,790,N/A
2011,5,2,16,0,105,840,567,0.147,1.9000000000000001,22.11,9,790,N/A
2011,5,2,16,30,96,786,456,0.147,1.9000000000000001,23.67,8,790,N/A
2011,5,2,17,0,5,0,5,0.147,1.9000000000000001,23.73,7,790,N/A
2011,5,2,17,30,68,621,230,0.147,1.4000000000000001,27.240000000000002,6,790,N/A
2011,5,2,18,0,57,129,78,0.147,0.9,38.01,5,790,N/A
2011,5,2,18,30,23,194,34,0.147,0.9,40.79,4,790,N/A
2011,5,2,19,0,0,0,0,0.147,1,36.86,3,790,N/A
2011,5,2,19,30,0,0,0,0.147,0.9,39.59,2,790,N/A
2011,5,2,20,0,0,0,0,0.147,0.9,37.28,2,790,N/A
2011,5,2,20,30,0,0,0,0.147,0.8,37.28,2,790,N/A
2011,5,2,21,0,0,0,0,0.147,0.7000000000000001,35.9,2,790,N/A
2011,5,2,21,30,0,0,0,0.147,0.7000000000000001,38.57,1,790,N/A
2011,5,2,22,0,0,0,0,0.147,0.7000000000000001,37.800000000000004,1,790,N/A
2011,5,2,22,30,0,0,0,0.147,0.8,40.63,0,790,N/A
2011,5,2,23,0,0,0,0,0.147,0.9,40.230000000000004,0,790,N/A
2011,5,2,23,30,0,0,0,0.147,1,40.22,0,790,N/A
2011,5,3,0,0,0,0,0,0.147,1.1,42.7,-1,790,N/A
2011,5,3,0,30,0,0,0,0.147,1.1,42.7,-1,790,N/A
2011,5,3,1,0,0,0,0,0.147,1.2000000000000002,45.1,-2,790,N/A
2011,5,3,1,30,0,0,0,0.147,1.2000000000000002,45.1,-2,790,N/A
2011,5,3,2,0,0,0,0,0.147,1.2000000000000002,47.32,-2,790,N/A
2011,5,3,2,30,0,0,0,0.147,1.2000000000000002,47.32,-2,790,N/A
2011,5,3,3,0,0,0,0,0.147,1.2000000000000002,46.21,-2,790,N/A
2011,5,3,3,30,0,0,0,0.147,1.2000000000000002,46.21,-2,790,N/A
2011,5,3,4,0,0,0,0,0.147,1.2000000000000002,45.19,-3,790,N/A
2011,5,3,4,30,0,0,0,0.147,1.1,41.97,-2,790,N/A
2011,5,3,5,0,0,0,0,0.147,1,42.13,-2,790,N/A
2011,5,3,5,30,22,173,32,0.147,1,36.4,0,790,N/A
2011,5,3,6,0,48,480,122,0.147,1,35.52,1,790,N/A
2011,5,3,6,30,64,654,233,0.147,1.4000000000000001,30.810000000000002,3,790,N/A
2011,5,3,7,0,75,769,350,0.147,1.9000000000000001,24.61,5,790,N/A
2011,5,3,7,30,84,841,467,0.147,2,22.97,7,790,N/A
2011,5,3,8,0,90,896,580,0.147,2.2,19.47,9,790,N/A
2011,5,3,8,30,96,932,686,0.147,2.1,18.19,10,790,N/A
2011,5,3,9,0,101,959,781,0.147,2.1,15.370000000000001,11,790,N/A
2011,5,3,9,30,105,979,866,0.147,2.1,14.39,12,790,N/A
2011,5,3,10,0,109,992,936,0.147,2.2,13.02,13,790,N/A
2011,5,3,10,30,111,1002,993,0.147,2.3000000000000003,12.19,14,790,N/A
2011,5,3,11,0,113,1008,1034,0.147,2.4000000000000004,11.15,15,790,N/A
2011,5,3,11,30,114,1011,1058,0.147,2.5,11.15,15,790,N/A
2011,5,3,12,0,114,1013,1066,0.147,2.8000000000000003,10.3,16,790,N/A
2011,5,3,12,30,114,1010,1057,0.147,2.9000000000000004,10.3,16,790,N/A
2011,5,3,13,0,112,1005,1031,0.147,3.1,9.53,17,790,N/A
2011,5,3,13,30,110,997,989,0.147,3.2,9.53,17,790,N/A
2011,5,3,14,0,105,989,933,0.147,3.4000000000000004,9.42,17,790,N/A
2011,5,3,14,30,102,974,862,0.147,3.4000000000000004,9.42,17,790,N/A
2011,5,3,15,0,95,960,779,0.147,3.4000000000000004,9.3,17,790,N/A
2011,5,3,15,30,90,934,684,0.147,3.3000000000000003,9.91,16,790,N/A
2011,5,3,16,0,83,903,581,0.147,3.2,9.76,16,790,N/A
2011,5,3,16,30,76,858,471,0.147,2.9000000000000004,10.4,15,790,N/A
2011,5,3,17,0,69,790,356,0.147,2.6,11.16,14,790,N/A
2011,5,3,17,30,58,691,241,0.147,1.8,13.58,11,790,N/A
2011,5,3,18,0,45,522,130,0.147,1,23.07,9,790,N/A
2011,5,3,18,30,23,230,37,0.147,1.1,26.43,7,790,N/A
2011,5,3,19,0,0,0,0,0.147,1.2000000000000002,29.63,5,790,N/A
2011,5,3,19,30,0,0,0,0.147,1.2000000000000002,31.78,4,790,N/A
2011,5,3,20,0,0,0,0,0.147,1.3,29.580000000000002,4,790,N/A
2011,5,3,20,30,0,0,0,0.147,1.3,31.740000000000002,3,790,N/A
2011,5,3,21,0,0,0,0,0.147,1.4000000000000001,29.17,3,790,N/A
2011,5,3,21,30,0,0,0,0.147,1.5,31.310000000000002,2,790,N/A
2011,5,3,22,0,0,0,0,0.147,1.6,29.1,2,790,N/A
2011,5,3,22,30,0,0,0,0.147,1.5,31.26,1,790,N/A
2011,5,3,23,0,0,0,0,0.147,1.5,29.990000000000002,1,790,N/A
2011,5,3,23,30,0,0,0,0.147,1.5,32.230000000000004,1,790,N/A
2011,5,4,0,0,0,0,0,0.147,1.5,31.6,1,790,N/A
2011,5,4,0,30,0,0,0,0.147,1.4000000000000001,31.59,0,790,N/A
2011,5,4,1,0,0,0,0,0.147,1.4000000000000001,31.45,0,790,N/A
2011,5,4,1,30,0,0,0,0.147,1.3,31.45,0,790,N/A
2011,5,4,2,0,0,0,0,0.147,1.3,31.52,0,790,N/A
2011,5,4,2,30,0,0,0,0.147,1.2000000000000002,31.52,0,790,N/A
2011,5,4,3,0,0,0,0,0.147,1.2000000000000002,31.5,0,790,N/A
2011,5,4,3,30,0,0,0,0.147,1.1,31.490000000000002,0,790,N/A
2011,5,4,4,0,0,0,0,0.147,1.1,31.55,0,790,N/A
2011,5,4,4,30,0,0,0,0.147,1.1,31.55,0,790,N/A
2011,5,4,5,0,0,0,0,0.147,1.1,32.81,0,790,N/A
2011,5,4,5,30,22,222,35,0.147,1.1,28.41,2,790,N/A
2011,5,4,6,0,45,514,126,0.147,1.2000000000000002,26.44,5,790,N/A
2011,5,4,6,30,60,678,236,0.147,1.8,23.01,7,790,N/A
2011,5,4,7,0,70,781,352,0.147,2.5,16.92,9,790,N/A
2011,5,4,7,30,79,850,468,0.147,3.1,14.81,11,790,N/A
2011,5,4,8,0,85,900,580,0.147,3.8000000000000003,12.65,14,790,N/A
2011,5,4,8,30,91,936,685,0.147,3.8000000000000003,11.85,15,790,N/A
2011,5,4,9,0,96,962,781,0.147,3.9000000000000004,10.3,16,790,N/A
2011,5,4,9,30,100,982,865,0.147,4,9.67,17,790,N/A
2011,5,4,10,0,103,996,936,0.147,4.1000000000000005,9.24,18,790,N/A
2011,5,4,10,30,105,1006,992,0.147,4.1000000000000005,8.67,19,780,N/A
2011,5,4,11,0,107,1013,1033,0.147,4.3,8.34,20,780,N/A
2011,5,4,11,30,107,1016,1057,0.147,4.4,8.34,20,780,N/A
2011,5,4,12,0,109,1014,1064,0.147,4.6000000000000005,8.11,21,780,N/A
2011,5,4,12,30,108,1011,1055,0.147,4.6000000000000005,8.1,21,780,N/A
2011,5,4,13,0,109,1002,1027,0.147,4.800000000000001,8.49,22,780,N/A
2011,5,4,13,30,108,993,985,0.147,4.9,8.49,22,780,N/A
2011,5,4,14,0,107,977,927,0.147,5.1000000000000005,8.99,22,780,N/A
2011,5,4,14,30,104,961,855,0.147,5.1000000000000005,8.99,21,780,N/A
2011,5,4,15,0,353,255,536,0.147,5.300000000000001,9.69,21,780,N/A
2011,5,4,15,30,98,902,674,0.147,5.300000000000001,10.31,20,780,N/A
2011,5,4,16,0,97,851,568,0.147,5.300000000000001,11.38,20,780,N/A
2011,5,4,16,30,89,797,458,0.147,5,12.11,19,780,N/A
2011,5,4,17,0,83,705,341,0.147,4.7,14.68,18,780,N/A
2011,5,4,17,30,70,594,228,0.147,3.6,16.66,16,780,N/A
2011,5,4,18,0,54,405,121,0.147,2.5,23.11,14,780,N/A
2011,5,4,18,30,26,134,34,0.147,2.2,26.34,12,780,N/A
2011,5,4,19,0,0,0,0,0.147,1.9000000000000001,34.2,10,780,N/A
2011,5,4,19,30,0,0,0,0.147,1.9000000000000001,36.58,9,780,N/A
2011,5,4,20,0,0,0,0,0.147,1.9000000000000001,40.19,9,780,N/A
2011,5,4,20,30,0,0,0,0.147,1.9000000000000001,43.02,8,780,N/A
2011,5,4,21,0,0,0,0,0.147,2,41.79,7,780,N/A
2011,5,4,21,30,0,0,0,0.147,2.1,44.76,6,780,N/A
2011,5,4,22,0,0,0,0,0.147,2.2,40.95,6,790,N/A
2011,5,4,22,30,0,0,0,0.147,2.2,43.89,5,790,N/A
2011,5,4,23,0,0,0,0,0.147,2.2,39.95,5,790,N/A
2011,5,4,23,30,0,0,0,0.147,2.1,42.84,4,790,N/A
2011,5,5,0,0,0,0,0,0.147,2.1,44.11,3,790,N/A
2011,5,5,0,30,0,0,0,0.147,2.1,47.36,2,790,N/A
2011,5,5,1,0,0,0,0,0.147,2.1,48.08,2,790,N/A
2011,5,5,1,30,0,0,0,0.147,2.1,51.64,1,790,N/A
2011,5,5,2,0,0,0,0,0.147,2.1,54.65,1,790,N/A
2011,5,5,2,30,0,0,0,0.147,1.9000000000000001,58.75,1,790,N/A
2011,5,5,3,0,0,0,0,0.147,1.8,62.83,1,790,N/A
2011,5,5,3,30,0,0,0,0.147,1.7000000000000002,62.84,0,790,N/A
2011,5,5,4,0,0,0,0,0.147,1.6,67.15,0,790,N/A
2011,5,5,4,30,0,0,0,0.147,1.4000000000000001,67.17,0,790,N/A
2011,5,5,5,0,0,0,0,0.147,1.3,71.08,1,790,N/A
2011,5,5,5,30,25,179,36,0.147,1.6,61.58,3,790,N/A
2011,5,5,6,0,51,464,126,0.147,2,52.35,6,790,N/A
2011,5,5,6,30,68,636,236,0.147,1.8,45.61,8,790,N/A
2011,5,5,7,0,81,744,352,0.147,1.7000000000000002,33.51,10,790,N/A
2011,5,5,7,30,91,818,468,0.147,1.1,29.35,12,790,N/A
2011,5,5,8,0,98,872,580,0.147,0.6000000000000001,17.650000000000002,15,790,N/A
2011,5,5,8,30,105,911,685,0.147,0.7000000000000001,16.55,16,790,N/A
2011,5,5,9,0,108,944,782,0.147,0.9,11.85,17,790,N/A
2011,5,5,9,30,113,965,867,0.147,1.3,11.13,18,790,N/A
2011,5,5,10,0,113,987,940,0.147,1.7000000000000002,9.39,19,790,N/A
2011,5,5,10,30,116,998,997,0.147,2.1,8.82,20,790,N/A
2011,5,5,11,0,117,1006,1039,0.147,2.6,7.930000000000001,21,790,N/A
2011,5,5,11,30,118,1009,1063,0.147,2.9000000000000004,7.930000000000001,21,790,N/A
2011,5,5,12,0,117,1012,1072,0.147,3.2,7.38,22,790,N/A
2011,5,5,12,30,116,1010,1063,0.147,3.4000000000000004,7.38,22,790,N/A
2011,5,5,13,0,114,1006,1037,0.147,3.7,7.37,22,790,N/A
2011,5,5,13,30,112,998,995,0.147,3.7,7.37,22,780,N/A
2011,5,5,14,0,105,994,940,0.147,3.8000000000000003,7.32,22,780,N/A
2011,5,5,14,30,102,978,868,0.147,3.7,7.32,22,780,N/A
2011,5,5,15,0,95,963,785,0.147,3.6,7.25,22,780,N/A
2011,5,5,15,30,90,937,690,0.147,3.4000000000000004,7.7,21,780,N/A
2011,5,5,16,0,83,904,586,0.147,3.3000000000000003,7.65,21,780,N/A
2011,5,5,16,30,77,857,475,0.147,2.9000000000000004,8.14,20,780,N/A
2011,5,5,17,0,68,792,360,0.147,2.6,9.03,19,780,N/A
2011,5,5,17,30,58,694,244,0.147,1.8,10.91,16,780,N/A
2011,5,5,18,0,45,535,134,0.147,1,18.490000000000002,14,780,N/A
2011,5,5,18,30,24,258,41,0.147,0.9,21.07,12,780,N/A
2011,5,5,19,0,0,0,0,0.147,0.9,25.21,11,780,N/A
2011,5,5,19,30,0,0,0,0.147,0.9,25.21,10,780,N/A
2011,5,5,20,0,0,0,0,0.147,0.9,25.1,10,780,N/A
2011,5,5,20,30,0,0,0,0.147,0.8,26.84,10,780,N/A
2011,5,5,21,0,0,0,0,0.147,0.8,26.02,10,780,N/A
2011,5,5,21,30,0,0,0,0.147,0.7000000000000001,26.02,9,780,N/A
2011,5,5,22,0,0,0,0,0.147,0.7000000000000001,25.47,9,780,N/A
2011,5,5,22,30,0,0,0,0.147,0.7000000000000001,27.25,8,780,N/A
2011,5,5,23,0,0,0,0,0.147,0.8,27,8,780,N/A
2011,5,5,23,30,0,0,0,0.147,0.8,28.900000000000002,7,780,N/A
2011,5,6,0,0,0,0,0,0.147,0.9,28.38,7,780,N/A
2011,5,6,0,30,0,0,0,0.147,0.9,28.37,7,780,N/A
2011,5,6,1,0,0,0,0,0.147,1,28.5,7,780,N/A
2011,5,6,1,30,0,0,0,0.147,1,30.52,6,780,N/A
2011,5,6,2,0,0,0,0,0.147,1,29.8,6,780,N/A
2011,5,6,2,30,0,0,0,0.147,0.9,31.92,6,780,N/A
2011,5,6,3,0,0,0,0,0.147,0.9,31.45,6,780,N/A
2011,5,6,3,30,0,0,0,0.147,0.8,31.45,6,780,N/A
2011,5,6,4,0,0,0,0,0.147,0.8,31.060000000000002,6,780,N/A
2011,5,6,4,30,0,0,0,0.147,0.7000000000000001,31.05,6,780,N/A
2011,5,6,5,0,0,0,0,0.147,0.7000000000000001,31.37,6,780,N/A
2011,5,6,5,30,25,211,38,0.147,0.6000000000000001,27.330000000000002,7,780,N/A
2011,5,6,6,0,48,492,129,0.147,0.6000000000000001,28.39,9,780,N/A
2011,5,6,6,30,63,655,238,0.147,0.9,24.84,11,780,N/A
2011,5,6,7,0,74,758,352,0.147,1.2000000000000002,16.68,14,780,N/A
2011,5,6,7,30,83,828,466,0.147,2,14.67,16,780,N/A
2011,5,6,8,0,91,876,576,0.147,2.8000000000000003,12.1,18,780,N/A
2011,5,6,8,30,97,912,680,0.147,3.2,11.370000000000001,19,780,N/A
2011,5,6,9,0,104,935,773,0.147,3.6,11.01,20,780,N/A
2011,5,6,9,30,108,955,856,0.147,3.9000000000000004,10.35,21,780,N/A
2011,5,6,10,0,114,965,925,0.147,4.2,10.21,22,780,N/A
2011,5,6,10,30,117,976,981,0.147,4.4,10.200000000000001,22,780,N/A
2011,5,6,11,0,121,980,1021,0.147,4.6000000000000005,9.76,23,780,N/A
2011,5,6,11,30,122,984,1046,0.147,4.7,9.75,23,780,N/A
2011,5,6,12,0,124,984,1054,0.147,4.9,9.06,24,780,N/A
2011,5,6,12,30,123,982,1045,0.147,5,9.06,24,780,N/A
2011,5,6,13,0,122,977,1021,0.147,5.1000000000000005,8.82,25,780,N/A
2011,5,6,13,30,120,969,980,0.147,5.1000000000000005,8.82,25,780,N/A
2011,5,6,14,0,117,958,924,0.147,5.300000000000001,8.540000000000001,25,780,N/A
2011,5,6,14,30,113,942,854,0.147,5.300000000000001,8.540000000000001,24,780,N/A
2011,5,6,15,0,108,923,771,0.147,5.4,8.3,24,780,N/A
2011,5,6,15,30,102,894,677,0.147,5.300000000000001,8.81,23,780,N/A
2011,5,6,16,0,179,555,489,0.147,5.2,8.74,23,780,N/A
2011,5,6,16,30,87,807,464,0.147,4.800000000000001,9.290000000000001,22,780,N/A
2011,5,6,17,0,77,739,351,0.147,4.5,10.14,22,780,N/A
2011,5,6,17,30,65,636,238,0.147,3.3000000000000003,11.47,19,780,N/A
2011,5,6,18,0,50,472,130,0.147,2.1,15.5,17,780,N/A
2011,5,6,18,30,26,203,40,0.147,1.9000000000000001,18.78,15,780,N/A
2011,5,6,19,0,0,0,0,0.147,1.7000000000000002,24.22,13,780,N/A
2011,5,6,19,30,0,0,0,0.147,1.7000000000000002,25.88,12,780,N/A
2011,5,6,20,0,0,0,0,0.147,1.7000000000000002,26.740000000000002,11,780,N/A
2011,5,6,20,30,0,0,0,0.147,1.7000000000000002,28.59,10,780,N/A
2011,5,6,21,0,0,0,0,0.147,1.7000000000000002,30.310000000000002,10,780,N/A
2011,5,6,21,30,0,0,0,0.147,1.6,32.43,9,780,N/A
2011,5,6,22,0,0,0,0,0.147,1.6,31.1,9,780,N/A
2011,5,6,22,30,0,0,0,0.147,1.5,33.29,8,780,N/A
2011,5,6,23,0,0,0,0,0.147,1.5,31.71,8,780,N/A
2011,5,6,23,30,0,0,0,0.147,1.5,31.7,7,780,N/A
2011,5,7,0,0,0,0,0,0.147,1.5,30.22,7,780,N/A
2011,5,7,0,30,0,0,0,0.147,1.5,32.36,6,780,N/A
2011,5,7,1,0,0,0,0,0.147,1.5,30.95,6,780,N/A
2011,5,7,1,30,0,0,0,0.147,1.5,33.17,6,780,N/A
2011,5,7,2,0,0,0,0,0.147,1.5,32.4,6,780,N/A
2011,5,7,2,30,0,0,0,0.147,1.4000000000000001,32.410000000000004,5,780,N/A
2011,5,7,3,0,0,0,0,0.147,1.4000000000000001,32.04,5,780,N/A
2011,5,7,3,30,0,0,0,0.147,1.4000000000000001,34.36,4,780,N/A
2011,5,7,4,0,0,0,0,0.147,1.4000000000000001,34.08,4,780,N/A
2011,5,7,4,30,0,0,0,0.147,1.4000000000000001,34.09,4,780,N/A
2011,5,7,5,0,0,0,0,0.147,1.4000000000000001,35.01,5,780,N/A
2011,5,7,5,30,26,195,39,0.147,2,30.47,7,780,N/A
2011,5,7,6,0,49,472,129,0.147,2.6,25.8,10,780,N/A
2011,5,7,6,30,65,633,236,0.147,2.6,22.580000000000002,12,780,N/A
2011,5,7,7,0,76,742,350,0.147,2.6,18.26,14,780,N/A
2011,5,7,7,30,85,812,463,0.147,2.8000000000000003,16.06,16,780,N/A
2011,5,7,8,0,91,866,574,0.147,3,14.33,19,780,N/A
2011,5,7,8,30,97,903,677,0.147,3,13.47,20,780,N/A
2011,5,7,9,0,102,931,771,0.147,3.1,13.74,21,780,N/A
2011,5,7,9,30,106,952,854,0.147,3.3000000000000003,12.92,22,780,N/A
2011,5,7,10,0,111,964,923,0.147,3.5,12.31,23,780,N/A
2011,5,7,10,30,114,976,980,0.147,3.7,12.31,24,780,N/A
2011,5,7,11,0,116,984,1021,0.147,4,11.17,25,780,N/A
2011,5,7,11,30,117,989,1046,0.147,4.1000000000000005,11.16,25,780,N/A
2011,5,7,12,0,117,991,1055,0.147,4.3,9.9,25,780,N/A
2011,5,7,12,30,117,990,1048,0.147,4.4,9.89,25,780,N/A
2011,5,7,13,0,114,990,1025,0.147,4.6000000000000005,9.11,26,780,N/A
2011,5,7,13,30,112,983,986,0.147,4.6000000000000005,9.11,26,780,N/A
2011,5,7,14,0,98,993,936,0.147,4.6000000000000005,8.23,26,780,N/A
2011,5,7,14,30,95,980,867,0.147,4.6000000000000005,8.23,25,780,N/A
2011,5,7,15,0,90,967,786,0.147,4.6000000000000005,7.4,25,780,N/A
2011,5,7,15,30,85,942,692,0.147,4.4,7.8500000000000005,24,780,N/A
2011,5,7,16,0,80,910,590,0.147,4.3,7.2,24,780,N/A
2011,5,7,16,30,74,866,479,0.147,4,7.65,23,780,N/A
2011,5,7,17,0,66,803,365,0.147,3.7,7.8500000000000005,23,780,N/A
2011,5,7,17,30,57,711,250,0.147,2.5,9.44,20,780,N/A
2011,5,7,18,0,43,567,140,0.147,1.4000000000000001,14.56,17,780,N/A
2011,5,7,18,30,24,309,46,0.147,1.3,17.64,15,780,N/A
2011,5,7,19,0,0,0,0,0.147,1.3,22.14,13,780,N/A
2011,5,7,19,30,0,0,0,0.147,1.3,23.650000000000002,12,780,N/A
2011,5,7,20,0,0,0,0,0.147,1.4000000000000001,24,11,780,N/A
2011,5,7,20,30,0,0,0,0.147,1.4000000000000001,25.650000000000002,10,780,N/A
2011,5,7,21,0,0,0,0,0.147,1.4000000000000001,25.72,10,780,N/A
2011,5,7,21,30,0,0,0,0.147,1.3,27.5,9,780,N/A
2011,5,7,22,0,0,0,0,0.147,1.3,27.28,9,780,N/A
2011,5,7,22,30,0,0,0,0.147,1.3,29.19,8,780,N/A
2011,5,7,23,0,0,0,0,0.147,1.3,28.48,8,780,N/A
2011,5,7,23,30,0,0,0,0.147,1.4000000000000001,30.490000000000002,7,780,N/A
2011,5,8,0,0,0,0,0,0.147,1.5,29.45,7,780,N/A
2011,5,8,0,30,0,0,0,0.147,1.6,31.54,7,780,N/A
2011,5,8,1,0,0,0,0,0.147,1.7000000000000002,30.740000000000002,7,780,N/A
2011,5,8,1,30,0,0,0,0.147,1.7000000000000002,30.740000000000002,6,780,N/A
2011,5,8,2,0,0,0,0,0.147,1.7000000000000002,30.44,6,780,N/A
2011,5,8,2,30,0,0,0,0.147,1.6,32.63,5,780,N/A
2011,5,8,3,0,0,0,0,0.147,1.5,32.69,5,780,N/A
2011,5,8,3,30,0,0,0,0.147,1.4000000000000001,35.050000000000004,4,780,N/A
2011,5,8,4,0,0,0,0,0.147,1.3,35.31,4,780,N/A
2011,5,8,4,30,0,0,0,0.147,1.2000000000000002,35.32,4,780,N/A
2011,5,8,5,0,0,0,0,0.147,1.2000000000000002,35.85,5,780,N/A
2011,5,8,5,30,25,276,44,0.147,1.3,29.12,7,780,N/A
2011,5,8,6,0,47,537,139,0.147,1.5,24.98,10,780,N/A
2011,5,8,6,30,63,688,250,0.147,1.5,21.88,12,780,N/A
2011,5,8,7,0,73,788,366,0.147,1.5,16.25,15,780,N/A
2011,5,8,7,30,82,854,482,0.147,2.5,14.290000000000001,16,780,N/A
2011,5,8,8,0,89,902,594,0.147,3.5,9.78,18,780,N/A
2011,5,8,8,30,95,937,698,0.147,3.8000000000000003,9.19,19,780,N/A
2011,5,8,9,0,102,959,793,0.147,4.1000000000000005,8.11,20,780,N/A
2011,5,8,9,30,106,978,876,0.147,4.3,8.1,21,780,N/A
2011,5,8,10,0,112,989,946,0.147,4.5,7.47,22,780,N/A
2011,5,8,10,30,114,999,1002,0.147,4.6000000000000005,7.0200000000000005,22,780,N/A
2011,5,8,11,0,115,1008,1044,0.147,4.7,6.55,23,780,N/A
2011,5,8,11,30,116,1011,1068,0.147,4.7,6.55,23,780,N/A
2011,5,8,12,0,117,1010,1075,0.147,4.800000000000001,6.08,24,780,N/A
2011,5,8,12,30,117,1007,1066,0.147,4.9,6.08,24,780,N/A
2011,5,8,13,0,116,1002,1040,0.147,5,5.95,24,780,N/A
2011,5,8,13,30,114,993,998,0.147,5,5.94,24,780,N/A
2011,5,8,14,0,104,994,944,0.147,5,5.8,25,780,N/A
2011,5,8,14,30,101,979,874,0.147,5,5.8,24,770,N/A
2011,5,8,15,0,97,959,790,0.147,5,5.65,24,770,N/A
2011,5,8,15,30,93,933,695,0.147,5,6,24,770,N/A
2011,5,8,16,0,88,894,590,0.147,5,5.89,24,770,N/A
2011,5,8,16,30,81,846,480,0.147,4.9,6.26,23,770,N/A
2011,5,8,17,0,75,768,363,0.151,4.9,6.390000000000001,22,770,N/A
2011,5,8,17,30,64,672,249,0.151,3.9000000000000004,7.68,20,770,N/A
2011,5,8,18,0,50,510,138,0.151,3,10.91,18,770,N/A
2011,5,8,18,30,26,261,45,0.151,2.5,12.39,15,770,N/A
2011,5,8,19,0,0,0,0,0.151,2.1,15.89,13,770,N/A
2011,5,8,19,30,0,0,0,0.151,1.9000000000000001,16.97,12,770,N/A
2011,5,8,20,0,0,0,0,0.151,1.7000000000000002,19.22,11,780,N/A
2011,5,8,20,30,0,0,0,0.151,1.5,20.54,10,780,N/A
2011,5,8,21,0,0,0,0,0.151,1.4000000000000001,21.01,10,780,N/A
2011,5,8,21,30,0,0,0,0.151,1.4000000000000001,22.46,9,780,N/A
2011,5,8,22,0,0,0,0,0.151,1.4000000000000001,24.09,9,780,N/A
2011,5,8,22,30,0,0,0,0.151,1.4000000000000001,24.09,8,780,N/A
2011,5,8,23,0,0,0,0,0.151,1.4000000000000001,23.37,8,780,N/A
2011,5,8,23,30,0,0,0,0.151,1.4000000000000001,25.02,7,780,N/A
2011,5,9,0,0,0,0,0,0.151,1.5,25.19,7,780,N/A
2011,5,9,0,30,0,0,0,0.151,1.4000000000000001,25.18,7,780,N/A
2011,5,9,1,0,0,0,0,0.151,1.4000000000000001,26.14,7,770,N/A
2011,5,9,1,30,0,0,0,0.151,1.3,28,6,770,N/A
2011,5,9,2,0,0,0,0,0.151,1.3,29.25,6,770,N/A
2011,5,9,2,30,0,0,0,0.151,1.2000000000000002,31.35,6,770,N/A
2011,5,9,3,0,0,0,0,0.151,1.2000000000000002,32.660000000000004,6,770,N/A
2011,5,9,3,30,0,0,0,0.151,1.2000000000000002,32.660000000000004,5,770,N/A
2011,5,9,4,0,0,0,0,0.151,1.2000000000000002,33.410000000000004,5,770,N/A
2011,5,9,4,30,0,0,0,0.151,1.1,33.410000000000004,5,770,N/A
2011,5,9,5,0,0,0,0,0.151,1.1,34.79,6,770,N/A
2011,5,9,5,30,26,280,46,0.151,1.3,30.310000000000002,8,770,N/A
2011,5,9,6,0,47,527,139,0.151,1.5,25.73,10,770,N/A
2011,5,9,6,30,52,654,232,0.151,2.8000000000000003,22.54,12,770,N/A
2011,5,9,7,0,119,476,297,0.151,4.1000000000000005,22.240000000000002,14,780,N/A
2011,5,9,7,30,170,447,380,0.151,4.9,20.85,15,770,N/A
2011,5,9,8,0,80,885,576,0.151,5.800000000000001,17.64,17,770,N/A
2011,5,9,8,30,95,909,682,0.151,6.1000000000000005,17.63,17,770,N/A
2011,5,9,9,0,299,480,646,0.151,6.4,14.91,18,770,N/A
2011,5,9,9,30,359,458,720,0.151,6.7,14.9,19,770,N/A
2011,5,9,10,0,310,644,854,0.151,7.1000000000000005,13.94,20,770,N/A
2011,5,9,10,30,458,383,799,0.151,7.300000000000001,13.09,20,770,N/A
2011,5,9,11,0,484,290,751,0.151,7.6000000000000005,12.9,21,770,N/A
2011,5,9,11,30,508,117,619,0.151,7.800000000000001,12.9,21,770,N/A
2011,5,9,12,0,488,74,558,0.151,8.1,12.25,22,770,N/A
2011,5,9,12,30,504,105,603,0.151,8.200000000000001,12.25,22,770,N/A
2011,5,9,13,0,503,407,879,0.151,8.4,12.05,23,770,N/A
2011,5,9,13,30,385,34,416,0.151,8.4,12.05,22,770,N/A
2011,5,9,14,0,264,18,280,0.151,8.5,12.24,22,770,N/A
2011,5,9,14,30,395,89,466,0.151,8.4,12.24,22,770,N/A
2011,5,9,15,0,336,61,380,0.151,8.4,12.58,22,770,N/A
2011,5,9,15,30,319,172,431,0.151,8.200000000000001,13.370000000000001,21,770,N/A
2011,5,9,16,0,264,217,386,0.151,8.1,13.65,21,770,N/A
2011,5,9,16,30,213,142,280,0.151,7.7,14.51,20,770,N/A
2011,5,9,17,0,15,0,15,0.151,7.4,15.6,19,770,N/A
2011,5,9,17,30,111,131,147,0.151,6.6000000000000005,16.61,18,770,N/A
2011,5,9,18,0,59,0,59,0.151,5.9,18.01,17,770,N/A
2011,5,9,18,30,18,0,18,0.151,5.2,20.46,16,770,N/A
2011,5,9,19,0,0,0,0,0.151,4.6000000000000005,22.72,15,770,N/A
2011,5,9,19,30,0,0,0,0.151,4.2,24.26,14,770,N/A
2011,5,9,20,0,0,0,0,0.151,3.9000000000000004,25.07,13,770,N/A
2011,5,9,20,30,0,0,0,0.151,3.5,26.77,12,770,N/A
2011,5,9,21,0,0,0,0,0.151,3.2,29.29,11,770,N/A
2011,5,9,21,30,0,0,0,0.151,2.9000000000000004,31.310000000000002,10,770,N/A
2011,5,9,22,0,0,0,0,0.151,2.6,33.78,10,770,N/A
2011,5,9,22,30,0,0,0,0.151,2.4000000000000004,36.15,9,770,N/A
2011,5,9,23,0,0,0,0,0.151,2.2,35.800000000000004,8,770,N/A
2011,5,9,23,30,0,0,0,0.151,1.9000000000000001,38.32,7,770,N/A
2011,5,10,0,0,0,0,0,0.151,1.7000000000000002,37.1,7,770,N/A
2011,5,10,0,30,0,0,0,0.151,1.5,39.730000000000004,6,770,N/A
2011,5,10,1,0,0,0,0,0.151,1.4000000000000001,41.38,6,770,N/A
2011,5,10,1,30,0,0,0,0.151,1.2000000000000002,44.37,5,770,N/A
2011,5,10,2,0,0,0,0,0.151,1.2000000000000002,43.21,5,770,N/A
2011,5,10,2,30,0,0,0,0.151,1.1,43.21,4,770,N/A
2011,5,10,3,0,0,0,0,0.151,1.1,42.21,4,770,N/A
2011,5,10,3,30,0,0,0,0.151,1.1,45.28,3,770,N/A
2011,5,10,4,0,0,0,0,0.151,1.1,44.22,3,770,N/A
2011,5,10,4,30,0,0,0,0.151,1.1,44.22,3,770,N/A
2011,5,10,5,0,0,0,0,0.151,1.1,41.12,4,770,N/A
2011,5,10,5,30,27,235,45,0.151,1.5,35.79,6,770,N/A
2011,5,10,6,0,50,490,136,0.151,1.9000000000000001,31.17,8,770,N/A
2011,5,10,6,30,65,643,243,0.151,2.4000000000000004,29.13,9,770,N/A
2011,5,10,7,0,77,743,357,0.151,2.9000000000000004,27.44,11,770,N/A
2011,5,10,7,30,86,811,469,0.151,3.3000000000000003,25.69,12,770,N/A
2011,5,10,8,0,92,864,579,0.151,3.7,23.79,13,770,N/A
2011,5,10,8,30,98,900,681,0.151,4,22.29,14,770,N/A
2011,5,10,9,0,104,926,774,0.151,4.3,19.830000000000002,15,770,N/A
2011,5,10,9,30,108,946,857,0.151,4.5,18.6,16,770,N/A
2011,5,10,10,0,113,959,926,0.151,4.800000000000001,16.81,17,770,N/A
2011,5,10,10,30,116,970,981,0.151,4.9,16.81,18,770,N/A
2011,5,10,11,0,112,987,1025,0.151,5,15.51,19,770,N/A
2011,5,10,11,30,113,991,1049,0.151,5,15.5,19,770,N/A
2011,5,10,12,0,114,991,1057,0.151,5.1000000000000005,14.52,20,770,N/A
2011,5,10,12,30,114,988,1048,0.151,5.1000000000000005,14.52,20,770,N/A
2011,5,10,13,0,112,984,1022,0.151,5.300000000000001,13.74,21,770,N/A
2011,5,10,13,30,111,975,981,0.151,5.5,13.73,21,770,N/A
2011,5,10,14,0,406,473,808,0.151,5.800000000000001,13.09,21,770,N/A
2011,5,10,14,30,318,540,746,0.151,6.1000000000000005,13.09,21,770,N/A
2011,5,10,15,0,304,458,637,0.151,6.5,13.44,21,770,N/A
2011,5,10,15,30,226,571,597,0.151,6.6000000000000005,14.290000000000001,20,770,N/A
2011,5,10,16,0,190,551,501,0.151,6.7,15.25,20,770,N/A
2011,5,10,16,30,204,323,357,0.151,6.4,16.22,19,770,N/A
2011,5,10,17,0,148,310,265,0.151,6.2,19.21,18,770,N/A
2011,5,10,17,30,83,0,83,0.151,5.5,21.8,17,770,N/A
2011,5,10,18,0,60,2,60,0.151,4.9,26.5,16,770,N/A
2011,5,10,18,30,20,0,20,0.151,4.6000000000000005,28.28,14,770,N/A
2011,5,10,19,0,0,0,0,0.151,4.4,34.39,13,770,N/A
2011,5,10,19,30,0,0,0,0.151,4.7,39.24,11,770,N/A
2011,5,10,20,0,0,0,0,0.151,5.1000000000000005,47.71,10,770,N/A
2011,5,10,20,30,0,0,0,0.151,5,54.61,8,770,N/A
2011,5,10,21,0,0,0,0,0.151,5,64.25,7,770,N/A
2011,5,10,21,30,0,0,0,0.151,4.6000000000000005,68.83,6,770,N/A
2011,5,10,22,0,0,0,0,0.151,4.3,75.03,5,770,N/A
2011,5,10,22,30,0,0,0,0.151,3.9000000000000004,80.45,4,770,N/A
2011,5,10,23,0,0,0,0,0.151,3.6,81.9,4,770,N/A
2011,5,10,23,30,0,0,0,0.151,2.9000000000000004,81.88,3,770,N/A
2011,5,11,0,0,0,0,0,0.151,2.3000000000000003,77.23,3,770,N/A
2011,5,11,0,30,0,0,0,0.151,1.9000000000000001,82.89,2,770,N/A
2011,5,11,1,0,0,0,0,0.151,1.5,80.78,2,770,N/A
2011,5,11,1,30,0,0,0,0.151,1.4000000000000001,86.79,1,770,N/A
2011,5,11,2,0,0,0,0,0.151,1.4000000000000001,85.58,1,770,N/A
2011,5,11,2,30,0,0,0,0.151,1.4000000000000001,92.02,1,770,N/A
2011,5,11,3,0,0,0,0,0.151,1.4000000000000001,90.52,1,770,N/A
2011,5,11,3,30,0,0,0,0.151,1.4000000000000001,90.54,0,770,N/A
2011,5,11,4,0,0,0,0,0.151,1.4000000000000001,88.55,0,770,N/A
2011,5,11,4,30,0,0,0,0.151,1.5,88.56,0,770,N/A
2011,5,11,5,0,0,0,0,0.151,1.6,86.23,0,770,N/A
2011,5,11,5,30,28,268,49,0.151,2.4000000000000004,80.25,1,770,N/A
2011,5,11,6,0,49,519,142,0.151,3.3000000000000003,69.77,2,770,N/A
2011,5,11,6,30,64,666,250,0.151,3.7,65.01,3,770,N/A
2011,5,11,7,0,74,764,363,0.151,4.2,50.39,5,770,N/A
2011,5,11,7,30,83,828,476,0.151,4.4,47.03,6,770,N/A
2011,5,11,8,0,161,632,518,0.151,4.6000000000000005,39.19,7,770,N/A
2011,5,11,8,30,289,55,325,0.151,4.6000000000000005,39.19,8,780,N/A
2011,5,11,9,0,255,20,270,0.151,4.800000000000001,33.69,9,780,N/A
2011,5,11,9,30,153,9,161,0.151,4.9,31.5,9,780,N/A
2011,5,11,10,0,438,267,666,0.151,5.1000000000000005,28.47,10,780,N/A
2011,5,11,10,30,115,971,983,0.151,5.2,28.48,10,780,N/A
2011,5,11,11,0,128,962,1019,0.151,5.4,26.810000000000002,11,780,N/A
2011,5,11,11,30,316,20,336,0.151,5.5,26.82,11,780,N/A
2011,5,11,12,0,495,300,781,0.151,5.6000000000000005,27.53,11,780,N/A
2011,5,11,12,30,453,524,949,0.151,5.6000000000000005,27.53,11,780,N/A
2011,5,11,13,0,158,11,169,0.151,5.6000000000000005,28.17,12,780,N/A
2011,5,11,13,30,458,440,852,0.151,5.6000000000000005,28.17,11,780,N/A
2011,5,11,14,0,361,34,390,0.151,5.7,28.52,11,780,N/A
2011,5,11,14,30,354,485,740,0.151,5.7,28.52,11,780,N/A
2011,5,11,15,0,278,535,668,0.151,5.7,28.97,11,780,N/A
2011,5,11,15,30,13,0,13,0.151,5.6000000000000005,30.96,11,780,N/A
2011,5,11,16,0,11,0,11,0.151,5.6000000000000005,31.830000000000002,11,780,N/A
2011,5,11,16,30,9,0,9,0.151,5.4,34.04,10,780,N/A
2011,5,11,17,0,53,0,53,0.151,5.300000000000001,35,10,780,N/A
2011,5,11,17,30,85,0,85,0.151,4.7,37.46,9,780,N/A
2011,5,11,18,0,49,0,49,0.151,4.2,38.35,8,780,N/A
2011,5,11,18,30,17,0,17,0.151,3.3000000000000003,41.06,7,780,N/A
2011,5,11,19,0,0,0,0,0.151,2.5,45.01,6,780,N/A
2011,5,11,19,30,0,0,0,0.151,2.2,48.25,5,780,N/A
2011,5,11,20,0,0,0,0,0.151,1.9000000000000001,48.82,5,780,N/A
2011,5,11,20,30,0,0,0,0.151,1.7000000000000002,52.36,4,780,N/A
2011,5,11,21,0,0,0,0,0.151,1.6,52.78,4,780,N/A
2011,5,11,21,30,0,0,0,0.151,1.5,56.64,3,780,N/A
2011,5,11,22,0,0,0,0,0.151,1.5,57.13,3,780,N/A
2011,5,11,22,30,0,0,0,0.151,1.5,61.33,2,780,N/A
2011,5,11,23,0,0,0,0,0.151,1.5,61.89,2,780,N/A
2011,5,11,23,30,0,0,0,0.151,1.5,61.89,2,780,N/A
2011,5,12,0,0,0,0,0,0.151,1.5,62.51,2,780,N/A
2011,5,12,0,30,0,0,0,0.151,1.5,67.14,1,780,N/A
2011,5,12,1,0,0,0,0,0.151,1.5,68.01,1,780,N/A
2011,5,12,1,30,0,0,0,0.151,1.5,68.01,1,780,N/A
2011,5,12,2,0,0,0,0,0.151,1.5,69.11,1,780,N/A
2011,5,12,2,30,0,0,0,0.151,1.5,74.29,0,780,N/A
2011,5,12,3,0,0,0,0,0.151,1.5,75.52,0,780,N/A
2011,5,12,3,30,0,0,0,0.151,1.5,75.53,0,780,N/A
2011,5,12,4,0,0,0,0,0.151,1.5,76.66,0,780,N/A
2011,5,12,4,30,0,0,0,0.151,1.6,76.68,0,780,N/A
2011,5,12,5,0,0,0,0,0.151,1.7000000000000002,77.8,0,780,N/A
2011,5,12,5,30,28,281,50,0.151,2.3000000000000003,72.4,1,780,N/A
2011,5,12,6,0,48,523,142,0.151,3,63.370000000000005,3,780,N/A
2011,5,12,6,30,62,666,249,0.151,4.1000000000000005,55.09,5,780,N/A
2011,5,12,7,0,70,766,363,0.151,5.2,47.14,7,780,N/A
2011,5,12,7,30,79,830,474,0.151,5.4,44.04,8,780,N/A
2011,5,12,8,0,83,883,584,0.151,5.6000000000000005,37.21,10,780,N/A
2011,5,12,8,30,88,916,685,0.151,5.5,34.81,11,780,N/A
2011,5,12,9,0,91,946,779,0.151,5.4,29.32,13,780,N/A
2011,5,12,9,30,94,964,860,0.151,5.300000000000001,27.48,14,780,N/A
2011,5,12,10,0,96,980,930,0.151,5.2,24.95,15,780,N/A
2011,5,12,10,30,98,990,985,0.151,5,23.400000000000002,16,780,N/A
2011,5,12,11,0,100,997,1025,0.151,4.9,21.53,17,780,N/A
2011,5,12,11,30,101,1001,1049,0.151,4.9,21.53,18,780,N/A
2011,5,12,12,0,103,1000,1057,0.151,4.9,20.080000000000002,19,780,N/A
2011,5,12,12,30,103,998,1048,0.151,5,20.080000000000002,19,780,N/A
2011,5,12,13,0,104,990,1023,0.151,5.1000000000000005,19,20,780,N/A
2011,5,12,13,30,388,41,425,0.151,5.1000000000000005,19,20,780,N/A
2011,5,12,14,0,370,37,402,0.151,5.300000000000001,17.95,20,780,N/A
2011,5,12,14,30,96,960,860,0.151,5.4,19.1,19,780,N/A
2011,5,12,15,0,93,940,778,0.151,5.5,19,19,780,N/A
2011,5,12,15,30,89,914,685,0.151,5.5,20.23,18,780,N/A
2011,5,12,16,0,83,881,584,0.151,5.5,20.01,18,780,N/A
2011,5,12,16,30,77,836,477,0.151,5.300000000000001,21.32,17,780,N/A
2011,5,12,17,0,69,773,365,0.151,5.1000000000000005,21.27,17,780,N/A
2011,5,12,17,30,59,683,253,0.151,4.2,24.17,15,780,N/A
2011,5,12,18,0,46,544,146,0.151,3.4000000000000004,26.86,14,780,N/A
2011,5,12,18,30,27,308,53,0.151,2.6,32.71,12,780,N/A
2011,5,12,19,0,0,0,0,0.151,1.9000000000000001,39.4,10,780,N/A
2011,5,12,19,30,0,0,0,0.151,1.8,42.17,9,780,N/A
2011,5,12,20,0,0,0,0,0.151,1.7000000000000002,42.72,8,780,N/A
2011,5,12,20,30,0,0,0,0.151,1.5,45.74,7,780,N/A
2011,5,12,21,0,0,0,0,0.151,1.3,46.19,7,780,N/A
2011,5,12,21,30,0,0,0,0.151,1.2000000000000002,49.47,6,780,N/A
2011,5,12,22,0,0,0,0,0.151,1.2000000000000002,50.1,6,780,N/A
2011,5,12,22,30,0,0,0,0.151,1.1,53.7,5,780,N/A
2011,5,12,23,0,0,0,0,0.151,1.1,54.78,5,780,N/A
2011,5,12,23,30,0,0,0,0.151,1.1,58.74,5,780,N/A
2011,5,13,0,0,0,0,0,0.151,1.1,59.76,5,780,N/A
2011,5,13,0,30,0,0,0,0.151,1.1,59.76,4,780,N/A
2011,5,13,1,0,0,0,0,0.151,1.1,60.51,4,780,N/A
2011,5,13,1,30,0,0,0,0.151,1.1,64.93,3,780,N/A
2011,5,13,2,0,0,0,0,0.151,1.1,65.56,3,780,N/A
2011,5,13,2,30,0,0,0,0.151,1,70.39,3,780,N/A
2011,5,13,3,0,0,0,0,0.151,1,70.92,3,780,N/A
2011,5,13,3,30,0,0,0,0.151,1,70.94,2,790,N/A
2011,5,13,4,0,0,0,0,0.151,1,71.45,2,790,N/A
2011,5,13,4,30,0,0,0,0.151,0.9,71.47,2,790,N/A
2011,5,13,5,0,0,0,0,0.151,0.9,67.18,3,790,N/A
2011,5,13,5,30,27,319,54,0.151,1.2000000000000002,58.4,5,790,N/A
2011,5,13,6,0,46,559,148,0.151,1.5,51.660000000000004,8,790,N/A
2011,5,13,6,30,59,698,257,0.151,1.4000000000000001,45.1,10,790,N/A
2011,5,13,7,0,68,791,371,0.151,1.4000000000000001,34.53,13,790,N/A
2011,5,13,7,30,75,852,484,0.151,1.1,30.3,14,790,N/A
2011,5,13,8,0,80,901,593,0.151,0.9,23.44,16,790,N/A
2011,5,13,8,30,85,933,695,0.151,0.9,22,17,790,N/A
2011,5,13,9,0,89,959,788,0.151,1,18.75,18,790,N/A
2011,5,13,9,30,92,977,870,0.151,1.2000000000000002,17.61,19,790,N/A
2011,5,13,10,0,95,992,940,0.151,1.4000000000000001,15.47,21,780,N/A
2011,5,13,10,30,97,1002,995,0.151,1.6,14.55,21,780,N/A
2011,5,13,11,0,95,1012,1036,0.151,1.8,13.120000000000001,22,780,N/A
2011,5,13,11,30,96,1016,1060,0.151,2,13.11,22,780,N/A
2011,5,13,12,0,96,1018,1068,0.151,2.2,12.030000000000001,23,780,N/A
2011,5,13,12,30,96,1016,1059,0.151,2.4000000000000004,12.02,23,780,N/A
2011,5,13,13,0,94,1011,1034,0.151,2.6,11.22,24,780,N/A
2011,5,13,13,30,93,1004,994,0.151,2.8000000000000003,11.21,24,780,N/A
2011,5,13,14,0,94,988,936,0.151,3,11.17,24,780,N/A
2011,5,13,14,30,91,974,867,0.151,3.1,11.86,24,780,N/A
2011,5,13,15,0,88,952,784,0.151,3.3000000000000003,11.88,24,780,N/A
2011,5,13,15,30,84,927,691,0.151,3.4000000000000004,12.620000000000001,23,780,N/A
2011,5,13,16,0,80,891,589,0.151,3.6,12.69,22,780,N/A
2011,5,13,16,30,74,846,481,0.151,3.6,13.48,21,780,N/A
2011,5,13,17,0,66,787,369,0.151,3.6,14.66,21,780,N/A
2011,5,13,17,30,57,700,257,0.151,2.9000000000000004,16.61,19,780,N/A
2011,5,13,18,0,45,562,150,0.151,2.2,19.67,17,780,N/A
2011,5,13,18,30,27,334,56,0.151,2,22.35,15,780,N/A
2011,5,13,19,0,0,0,0,0.151,1.8,27.080000000000002,13,780,N/A
2011,5,13,19,30,0,0,0,0.151,2.1,28.92,12,780,N/A
2011,5,13,20,0,0,0,0,0.151,2.5,31.21,12,780,N/A
2011,5,13,20,30,0,0,0,0.151,2.9000000000000004,33.36,11,780,N/A
2011,5,13,21,0,0,0,0,0.151,3.3000000000000003,34.07,11,780,N/A
2011,5,13,21,30,0,0,0,0.151,3.1,36.43,10,780,N/A
2011,5,13,22,0,0,0,0,0.151,3,36.96,9,780,N/A
2011,5,13,22,30,0,0,0,0.151,3,39.550000000000004,8,780,N/A
2011,5,13,23,0,0,0,0,0.151,3,39.18,8,780,N/A
2011,5,13,23,30,0,0,0,0.151,3.1,41.94,7,780,N/A
2011,5,14,0,0,0,0,0,0.151,3.3000000000000003,40.39,7,780,N/A
2011,5,14,0,30,0,0,0,0.151,3.5,43.26,6,780,N/A
2011,5,14,1,0,0,0,0,0.151,3.8000000000000003,41.47,6,780,N/A
2011,5,14,1,30,0,0,0,0.151,3.8000000000000003,44.43,5,780,N/A
2011,5,14,2,0,0,0,0,0.151,3.9000000000000004,43.4,5,780,N/A
2011,5,14,2,30,0,0,0,0.151,3.9000000000000004,46.53,4,780,N/A
2011,5,14,3,0,0,0,0,0.151,3.9000000000000004,47.08,4,780,N/A
2011,5,14,3,30,0,0,0,0.151,3.8000000000000003,50.51,4,780,N/A
2011,5,14,4,0,0,0,0,0.151,3.8000000000000003,52.94,4,780,N/A
2011,5,14,4,30,0,0,0,0.151,3.9000000000000004,52.93,4,780,N/A
2011,5,14,5,0,0,0,0,0.151,4,52.34,4,780,N/A
2011,5,14,5,30,30,234,50,0.151,4.4,48.800000000000004,5,780,N/A
2011,5,14,6,0,57,441,139,0.151,4.800000000000001,47.81,7,780,N/A
2011,5,14,6,30,76,582,243,0.151,4.9,41.7,8,780,N/A
2011,5,14,7,0,92,672,352,0.151,5,36.78,10,780,N/A
2011,5,14,7,30,104,742,461,0.151,4.800000000000001,34.410000000000004,11,780,N/A
2011,5,14,8,0,112,799,569,0.151,4.7,30.18,13,780,N/A
2011,5,14,8,30,120,838,669,0.151,4.6000000000000005,28.28,14,780,N/A
2011,5,14,9,0,128,863,759,0.151,4.5,24.72,16,780,N/A
2011,5,14,9,30,134,886,840,0.151,4.4,23.2,17,780,N/A
2011,5,14,10,0,139,901,908,0.151,4.4,21.38,18,780,N/A
2011,5,14,10,30,142,914,963,0.151,4.4,20.07,19,780,N/A
2011,5,14,11,0,133,940,1008,0.151,4.4,18.330000000000002,20,780,N/A
2011,5,14,11,30,135,945,1032,0.151,4.4,18.32,20,780,N/A
2011,5,14,12,0,133,949,1041,0.151,4.4,16.82,21,780,N/A
2011,5,14,12,30,133,947,1033,0.151,4.5,16.82,21,780,N/A
2011,5,14,13,0,132,941,1008,0.151,4.6000000000000005,15.59,22,780,N/A
2011,5,14,13,30,131,932,968,0.151,4.800000000000001,15.58,22,780,N/A
2011,5,14,14,0,101,964,925,0.151,5,15.39,23,780,N/A
2011,5,14,14,30,99,949,856,0.151,5.300000000000001,15.38,22,780,N/A
2011,5,14,15,0,101,917,772,0.151,5.6000000000000005,15.200000000000001,22,780,N/A
2011,5,14,15,30,301,67,346,0.151,5.6000000000000005,16.15,21,780,N/A
2011,5,14,16,0,221,28,238,0.151,5.800000000000001,16.04,21,780,N/A
2011,5,14,16,30,209,266,337,0.151,5.6000000000000005,17.05,20,780,N/A
2011,5,14,17,0,162,86,196,0.151,5.5,17.84,20,780,N/A
2011,5,14,17,30,82,0,82,0.151,4.6000000000000005,18.990000000000002,18,780,N/A
2011,5,14,18,0,48,0,48,0.151,3.8000000000000003,20.36,17,780,N/A
2011,5,14,18,30,18,0,18,0.151,3,23.13,15,780,N/A
2011,5,14,19,0,0,0,0,0.151,2.4000000000000004,25.900000000000002,14,780,N/A
2011,5,14,19,30,0,0,0,0.151,2.5,27.650000000000002,13,780,N/A
2011,5,14,20,0,0,0,0,0.151,2.6,31.01,13,780,N/A
2011,5,14,20,30,0,0,0,0.151,3.1,33.13,12,780,N/A
2011,5,14,21,0,0,0,0,0.151,3.7,35.230000000000004,11,780,N/A
2011,5,14,21,30,0,0,0,0.151,3.9000000000000004,37.660000000000004,10,780,N/A
2011,5,14,22,0,0,0,0,0.151,4.1000000000000005,39.97,10,780,N/A
2011,5,14,22,30,0,0,0,0.151,3.8000000000000003,42.75,9,780,N/A
2011,5,14,23,0,0,0,0,0.151,3.6,44.13,9,780,N/A
2011,5,14,23,30,0,0,0,0.151,3.5,47.22,8,780,N/A
2011,5,15,0,0,0,0,0,0.151,3.4000000000000004,50.730000000000004,7,780,N/A
2011,5,15,0,30,0,0,0,0.151,3.4000000000000004,54.36,6,780,N/A
2011,5,15,1,0,0,0,0,0.151,3.4000000000000004,53.59,6,780,N/A
2011,5,15,1,30,0,0,0,0.151,3.5,57.43,5,780,N/A
2011,5,15,2,0,0,0,0,0.151,3.6,55.65,5,780,N/A
2011,5,15,2,30,0,0,0,0.151,3.8000000000000003,59.68,4,780,N/A
2011,5,15,3,0,0,0,0,0.151,4,57.57,4,780,N/A
2011,5,15,3,30,0,0,0,0.151,4,61.77,4,780,N/A
2011,5,15,4,0,0,0,0,0.151,4.1000000000000005,60.04,4,780,N/A
2011,5,15,4,30,0,0,0,0.151,4.1000000000000005,60.050000000000004,3,780,N/A
2011,5,15,5,0,0,0,0,0.151,4.3,59.6,3,780,N/A
2011,5,15,5,30,31,240,52,0.151,4.800000000000001,55.550000000000004,4,780,N/A
2011,5,15,6,0,55,466,143,0.151,5.300000000000001,51.1,6,780,N/A
2011,5,15,6,30,72,607,248,0.151,5.300000000000001,47.69,7,780,N/A
2011,5,15,7,0,84,709,359,0.151,5.300000000000001,42.54,9,780,N/A
2011,5,15,7,30,94,777,469,0.151,5,39.76,10,780,N/A
2011,5,15,8,0,101,830,577,0.151,4.7,37.12,11,780,N/A
2011,5,15,8,30,108,868,678,0.151,4.4,34.76,12,780,N/A
2011,5,15,9,0,113,897,770,0.151,4.1000000000000005,32.12,14,780,N/A
2011,5,15,9,30,117,919,851,0.151,3.7,30.12,15,780,N/A
2011,5,15,10,0,120,936,920,0.151,3.4000000000000004,28.59,16,780,N/A
2011,5,15,10,30,123,947,975,0.151,3,26.830000000000002,17,780,N/A
2011,5,15,11,0,120,963,1017,0.151,2.8000000000000003,24.32,18,780,N/A
2011,5,15,11,30,122,967,1042,0.151,2.6,22.84,19,780,N/A
2011,5,15,12,0,124,966,1049,0.151,2.5,20.43,20,780,N/A
2011,5,15,12,30,123,964,1040,0.151,2.3000000000000003,20.43,20,780,N/A
2011,5,15,13,0,125,955,1014,0.151,2.2,18.39,21,780,N/A
2011,5,15,13,30,123,947,975,0.151,2.1,18.38,21,780,N/A
2011,5,15,14,0,115,943,922,0.151,2.1,17.64,21,780,N/A
2011,5,15,14,30,112,928,854,0.151,2,17.63,21,780,N/A
2011,5,15,15,0,107,909,773,0.151,2,16.89,21,780,N/A
2011,5,15,15,30,102,882,682,0.151,1.9000000000000001,16.89,21,780,N/A
2011,5,15,16,0,93,852,583,0.151,1.9000000000000001,16.17,21,780,N/A
2011,5,15,16,30,86,805,476,0.151,1.8,17.2,20,780,N/A
2011,5,15,17,0,75,751,367,0.151,1.7000000000000002,17.67,20,780,N/A
2011,5,15,17,30,64,659,256,0.151,1.3,20.03,18,780,N/A
2011,5,15,18,0,50,520,149,0.151,0.9,25.26,16,780,N/A
2011,5,15,18,30,30,294,57,0.151,1,28.72,14,780,N/A
2011,5,15,19,0,0,0,0,0.151,1.2000000000000002,31.76,12,780,N/A
2011,5,15,19,30,0,0,0,0.151,1.2000000000000002,33.94,11,780,N/A
2011,5,15,20,0,0,0,0,0.151,1.4000000000000001,35.74,11,780,N/A
2011,5,15,20,30,0,0,0,0.151,1.7000000000000002,35.75,10,780,N/A
2011,5,15,21,0,0,0,0,0.151,2,36.7,10,780,N/A
2011,5,15,21,30,0,0,0,0.151,2.2,39.25,9,780,N/A
2011,5,15,22,0,0,0,0,0.151,2.5,44.71,9,780,N/A
2011,5,15,22,30,0,0,0,0.151,2.7,47.86,8,780,N/A
2011,5,15,23,0,0,0,0,0.151,3,51.730000000000004,7,780,N/A
2011,5,15,23,30,0,0,0,0.151,2.8000000000000003,55.410000000000004,6,780,N/A
2011,5,16,0,0,0,0,0,0.151,2.6,59.38,6,780,N/A
2011,5,16,0,30,0,0,0,0.151,2.5,63.64,5,780,N/A
2011,5,16,1,0,0,0,0,0.151,2.4000000000000004,66.89,5,780,N/A
2011,5,16,1,30,0,0,0,0.151,2.3000000000000003,71.73,4,780,N/A
2011,5,16,2,0,0,0,0,0.151,2.2,74.62,4,780,N/A
2011,5,16,2,30,0,0,0,0.151,2.2,80.07000000000001,3,780,N/A
2011,5,16,3,0,0,0,0,0.151,2.3000000000000003,82.16,3,780,N/A
2011,5,16,3,30,0,0,0,0.151,2.3000000000000003,82.15,3,780,N/A
2011,5,16,4,0,0,0,0,0.151,2.4000000000000004,83.17,3,780,N/A
2011,5,16,4,30,0,0,0,0.151,2.7,83.17,3,780,N/A
2011,5,16,5,0,0,0,0,0.151,3,84.12,4,780,N/A
2011,5,16,5,30,31,273,56,0.151,3.4000000000000004,78.41,5,780,N/A
2011,5,16,6,0,54,491,148,0.151,3.8000000000000003,69.81,7,780,N/A
2011,5,16,6,30,71,630,254,0.151,3.6,60.88,9,780,N/A
2011,5,16,7,0,82,730,366,0.151,3.5,47.660000000000004,11,780,N/A
2011,5,16,7,30,92,795,477,0.151,3.3000000000000003,41.79,13,780,N/A
2011,5,16,8,0,96,853,586,0.151,3.2,31.16,15,780,N/A
2011,5,16,8,30,102,888,686,0.151,3.2,29.23,16,780,N/A
2011,5,16,9,0,151,835,763,0.151,3.3000000000000003,21.87,18,780,N/A
2011,5,16,9,30,231,732,816,0.151,3.5,20.54,19,780,N/A
2011,5,16,10,0,336,603,853,0.151,3.7,17.39,20,780,N/A
2011,5,16,10,30,369,598,907,0.151,3.8000000000000003,17.38,21,780,N/A
2011,5,16,11,0,453,503,922,0.151,4,14.97,22,780,N/A
2011,5,16,11,30,488,472,938,0.151,4.1000000000000005,14.97,22,780,N/A
2011,5,16,12,0,112,989,1060,0.151,4.3,12.92,23,780,N/A
2011,5,16,12,30,112,988,1053,0.151,4.3,12.91,23,780,N/A
2011,5,16,13,0,111,985,1030,0.151,4.4,11.200000000000001,23,780,N/A
2011,5,16,13,30,109,979,991,0.151,4.4,11.200000000000001,23,780,N/A
2011,5,16,14,0,91,996,944,0.151,4.4,10.35,24,780,N/A
2011,5,16,14,30,89,984,877,0.151,4.4,10.34,24,780,N/A
2011,5,16,15,0,86,966,796,0.151,4.4,9.540000000000001,24,780,N/A
2011,5,16,15,30,82,944,705,0.151,4.5,9.540000000000001,23,780,N/A
2011,5,16,16,0,79,911,604,0.151,4.6000000000000005,8.620000000000001,23,780,N/A
2011,5,16,16,30,73,870,496,0.151,4.5,9.15,22,780,N/A
2011,5,16,17,0,66,812,384,0.156,4.5,8.8,22,780,N/A
2011,5,16,17,30,57,729,271,0.156,3.6,9.950000000000001,20,780,N/A
2011,5,16,18,0,67,231,112,0.156,2.7,12.77,18,780,N/A
2011,5,16,18,30,29,368,63,0.156,2.3000000000000003,15.47,15,780,N/A
2011,5,16,19,0,0,0,0,0.156,2,18.11,13,780,N/A
2011,5,16,19,30,0,0,0,0.156,1.9000000000000001,19.35,12,780,N/A
2011,5,16,20,0,0,0,0,0.156,1.9000000000000001,17.990000000000002,11,780,N/A
2011,5,16,20,30,0,0,0,0.156,1.7000000000000002,19.23,10,780,N/A
2011,5,16,21,0,0,0,0,0.156,1.6,18.990000000000002,10,780,N/A
2011,5,16,21,30,0,0,0,0.156,1.5,20.31,9,780,N/A
2011,5,16,22,0,0,0,0,0.156,1.4000000000000001,22.55,9,780,N/A
2011,5,16,22,30,0,0,0,0.156,1.3,24.14,8,780,N/A
2011,5,16,23,0,0,0,0,0.156,1.3,25.27,7,780,N/A
2011,5,16,23,30,0,0,0,0.156,1.2000000000000002,27.07,7,780,N/A
2011,5,17,0,0,0,0,0,0.156,1.2000000000000002,28.560000000000002,7,780,N/A
2011,5,17,0,30,0,0,0,0.156,1.2000000000000002,28.55,6,780,N/A
2011,5,17,1,0,0,0,0,0.156,1.2000000000000002,30.22,6,780,N/A
2011,5,17,1,30,0,0,0,0.156,1.2000000000000002,32.38,6,780,N/A
2011,5,17,2,0,0,0,0,0.156,1.2000000000000002,33.660000000000004,6,780,N/A
2011,5,17,2,30,0,0,0,0.156,1.2000000000000002,33.65,5,780,N/A
2011,5,17,3,0,0,0,0,0.156,1.2000000000000002,34.910000000000004,5,780,N/A
2011,5,17,3,30,0,0,0,0.156,1.2000000000000002,37.43,4,780,N/A
2011,5,17,4,0,0,0,0,0.156,1.2000000000000002,38.37,4,780,N/A
2011,5,17,4,30,0,0,0,0.156,1.1,38.36,4,780,N/A
2011,5,17,5,0,0,0,0,0.156,1.1,40.2,5,780,N/A
2011,5,17,5,30,33,270,58,0.156,1.3,34.980000000000004,7,780,N/A
2011,5,17,6,0,59,470,149,0.156,1.6,28.92,9,780,N/A
2011,5,17,6,30,76,611,255,0.156,2.6,27.05,10,780,N/A
2011,5,17,7,0,164,219,250,0.156,3.7,22.04,12,780,N/A
2011,5,17,7,30,127,1,127,0.156,4.2,20.64,13,780,N/A
2011,5,17,8,0,242,45,268,0.156,4.7,17.92,14,780,N/A
2011,5,17,8,30,140,793,663,0.156,4.9,16.8,15,780,N/A
2011,5,17,9,0,274,577,698,0.156,5.2,15.01,16,780,N/A
2011,5,17,9,30,253,695,810,0.156,5.300000000000001,15.01,16,780,N/A
2011,5,17,10,0,444,286,689,0.156,5.5,14.8,17,780,N/A
2011,5,17,10,30,145,913,968,0.156,5.6000000000000005,14.8,17,770,N/A
2011,5,17,11,0,136,939,1012,0.156,5.800000000000001,16.39,18,770,N/A
2011,5,17,11,30,137,943,1036,0.156,5.800000000000001,16.39,18,770,N/A
2011,5,17,12,0,137,945,1044,0.156,5.800000000000001,19.14,19,770,N/A
2011,5,17,12,30,137,944,1037,0.156,5.6000000000000005,19.13,19,770,N/A
2011,5,17,13,0,131,946,1016,0.156,5.5,19.17,19,770,N/A
2011,5,17,13,30,129,939,977,0.156,5.4,19.16,19,770,N/A
2011,5,17,14,0,123,935,925,0.156,5.300000000000001,18.830000000000002,19,770,N/A
2011,5,17,14,30,120,919,857,0.156,5.300000000000001,18.82,19,770,N/A
2011,5,17,15,0,116,897,776,0.156,5.300000000000001,17.84,19,770,N/A
2011,5,17,15,30,258,463,565,0.156,5.1000000000000005,18.990000000000002,18,770,N/A
2011,5,17,16,0,143,698,546,0.156,5,17.830000000000002,18,770,N/A
2011,5,17,16,30,93,792,479,0.156,4.800000000000001,18.990000000000002,17,770,N/A
2011,5,17,17,0,81,737,370,0.156,4.6000000000000005,17.92,17,770,N/A
2011,5,17,17,30,69,644,259,0.156,3.8000000000000003,20.35,16,770,N/A
2011,5,17,18,0,53,516,154,0.156,3,21.66,15,770,N/A
2011,5,17,18,30,33,292,61,0.156,2.3000000000000003,24.68,12,770,N/A
2011,5,17,19,0,0,0,0,0.156,1.7000000000000002,30.41,10,770,N/A
2011,5,17,19,30,0,0,0,0.156,1.7000000000000002,32.53,9,770,N/A
2011,5,17,20,0,0,0,0,0.156,1.8,32.99,9,770,N/A
2011,5,17,20,30,0,0,0,0.156,1.8,35.300000000000004,9,770,N/A
2011,5,17,21,0,0,0,0,0.156,1.9000000000000001,35.83,9,770,N/A
2011,5,17,21,30,0,0,0,0.156,1.9000000000000001,38.34,8,770,N/A
2011,5,17,22,0,0,0,0,0.156,1.9000000000000001,39.6,8,770,N/A
2011,5,17,22,30,0,0,0,0.156,1.8,39.59,7,770,N/A
2011,5,17,23,0,0,0,0,0.156,1.8,41.09,7,770,N/A
2011,5,17,23,30,0,0,0,0.156,1.7000000000000002,44,7,770,N/A
2011,5,18,0,0,0,0,0,0.156,1.7000000000000002,45.51,7,770,N/A
2011,5,18,0,30,0,0,0,0.156,1.5,48.76,6,770,N/A
2011,5,18,1,0,0,0,0,0.156,1.4000000000000001,49.99,6,770,N/A
2011,5,18,1,30,0,0,0,0.156,1.3,53.6,5,770,N/A
2011,5,18,2,0,0,0,0,0.156,1.3,54.56,4,770,N/A
2011,5,18,2,30,0,0,0,0.156,1.3,58.54,3,770,N/A
2011,5,18,3,0,0,0,0,0.156,1.3,59.84,3,770,N/A
2011,5,18,3,30,0,0,0,0.156,1.3,59.85,3,770,N/A
2011,5,18,4,0,0,0,0,0.156,1.3,61.59,3,770,N/A
2011,5,18,4,30,0,0,0,0.156,1.2000000000000002,61.59,3,770,N/A
2011,5,18,5,0,0,0,0,0.156,1.2000000000000002,59.550000000000004,4,770,N/A
2011,5,18,5,30,32,299,61,0.156,1.6,55.52,5,770,N/A
2011,5,18,6,0,52,523,154,0.156,2,56.25,6,770,N/A
2011,5,18,6,30,65,659,260,0.156,2.3000000000000003,52.5,7,770,N/A
2011,5,18,7,0,72,762,372,0.156,2.6,47.42,9,770,N/A
2011,5,18,7,30,80,823,482,0.156,2.6,44.34,10,770,N/A
2011,5,18,8,0,88,864,588,0.156,2.7,35.54,12,770,N/A
2011,5,18,8,30,94,898,687,0.156,2.9000000000000004,33.27,13,770,N/A
2011,5,18,9,0,103,915,776,0.156,3.2,28.69,15,770,N/A
2011,5,18,9,30,107,934,856,0.156,3.5,28.67,15,770,N/A
2011,5,18,10,0,114,941,922,0.156,3.9000000000000004,25.55,16,770,N/A
2011,5,18,10,30,116,952,976,0.156,4.2,25.54,16,770,N/A
2011,5,18,11,0,121,956,1014,0.156,4.5,23.84,17,770,N/A
2011,5,18,11,30,122,960,1038,0.156,4.800000000000001,23.82,17,770,N/A
2011,5,18,12,0,123,960,1045,0.156,5.1000000000000005,23.05,18,770,N/A
2011,5,18,12,30,522,204,716,0.156,5.4,23.04,18,770,N/A
2011,5,18,13,0,518,396,889,0.156,5.7,22.39,18,770,N/A
2011,5,18,13,30,485,392,839,0.156,6,22.38,18,770,N/A
2011,5,18,14,0,429,74,493,0.156,6.300000000000001,22.16,19,770,N/A
2011,5,18,14,30,374,54,418,0.156,6.5,23.580000000000002,18,770,N/A
2011,5,18,15,0,349,68,400,0.156,6.800000000000001,26.05,18,770,N/A
2011,5,18,15,30,231,19,244,0.156,6.800000000000001,27.75,17,770,N/A
2011,5,18,16,0,70,0,70,0.156,6.800000000000001,33.06,17,770,N/A
2011,5,18,16,30,191,33,207,0.156,6.5,35.26,15,770,N/A
2011,5,18,17,0,151,32,164,0.156,6.2,40.08,14,770,N/A
2011,5,18,17,30,63,0,63,0.156,5.7,42.79,13,770,N/A
2011,5,18,18,0,28,0,28,0.156,5.300000000000001,45.76,12,770,N/A
2011,5,18,18,30,11,0,11,0.156,4.9,48.9,11,770,N/A
2011,5,18,19,0,0,0,0,0.156,4.5,50.980000000000004,10,770,N/A
2011,5,18,19,30,0,0,0,0.156,4.3,54.54,9,770,N/A
2011,5,18,20,0,0,0,0,0.156,4.1000000000000005,52.78,9,770,N/A
2011,5,18,20,30,0,0,0,0.156,3.7,56.49,8,770,N/A
2011,5,18,21,0,0,0,0,0.156,3.4000000000000004,58.56,8,770,N/A
2011,5,18,21,30,0,0,0,0.156,2.7,62.730000000000004,7,770,N/A
2011,5,18,22,0,0,0,0,0.156,2.1,61.56,7,770,N/A
2011,5,18,22,30,0,0,0,0.156,1.7000000000000002,65.97,6,770,N/A
2011,5,18,23,0,0,0,0,0.156,1.3,65.62,5,770,N/A
2011,5,18,23,30,0,0,0,0.156,1.2000000000000002,70.35000000000001,4,770,N/A
2011,5,19,0,0,0,0,0,0.156,1.1,69.78,4,770,N/A
2011,5,19,0,30,0,0,0,0.156,1.1,74.85000000000001,3,770,N/A
2011,5,19,1,0,0,0,0,0.156,1.1,74.4,3,770,N/A
2011,5,19,1,30,0,0,0,0.156,1.1,74.39,3,770,N/A
2011,5,19,2,0,0,0,0,0.156,1.1,75.71000000000001,3,770,N/A
2011,5,19,2,30,0,0,0,0.156,1.1,81.28,2,770,N/A
2011,5,19,3,0,0,0,0,0.156,1.1,83.77,2,770,N/A
2011,5,19,3,30,0,0,0,0.156,1.1,83.77,2,770,N/A
2011,5,19,4,0,0,0,0,0.156,1.1,86.32000000000001,2,770,N/A
2011,5,19,4,30,0,0,0,0.156,1.4000000000000001,86.34,2,770,N/A
2011,5,19,5,0,0,0,0,0.156,1.8,88.72,3,770,N/A
2011,5,19,5,30,34,70,41,0.156,2.3000000000000003,82.66,3,770,N/A
2011,5,19,6,0,73,149,102,0.156,2.9000000000000004,78.10000000000001,4,770,N/A
2011,5,19,6,30,118,80,142,0.156,3,78.11,5,770,N/A
2011,5,19,7,0,138,418,303,0.156,3.2,68.22,6,770,N/A
2011,5,19,7,30,180,23,191,0.156,3.4000000000000004,63.660000000000004,6,770,N/A
2011,5,19,8,0,182,12,189,0.156,3.7,52.050000000000004,7,770,N/A
2011,5,19,8,30,138,5,141,0.156,3.9000000000000004,52.06,7,770,N/A
2011,5,19,9,0,154,9,161,0.156,4.2,42.79,8,770,N/A
2011,5,19,9,30,358,43,393,0.156,4.3,42.79,8,770,N/A
2011,5,19,10,0,377,38,410,0.156,4.5,36.19,9,770,N/A
2011,5,19,10,30,457,75,525,0.156,4.5,36.2,9,770,N/A
2011,5,19,11,0,267,18,284,0.156,4.6000000000000005,31.84,10,770,N/A
2011,5,19,11,30,219,17,236,0.156,4.6000000000000005,31.84,10,770,N/A
2011,5,19,12,0,319,20,339,0.156,4.6000000000000005,28.22,11,770,N/A
2011,5,19,12,30,521,144,658,0.156,4.5,28.22,11,770,N/A
2011,5,19,13,0,319,21,339,0.156,4.5,25.19,12,770,N/A
2011,5,19,13,30,304,23,325,0.156,4.4,25.19,12,770,N/A
2011,5,19,14,0,424,448,809,0.156,4.4,24.22,12,770,N/A
2011,5,19,14,30,355,503,760,0.156,4.4,24.22,12,770,N/A
2011,5,19,15,0,275,562,691,0.156,4.4,23.6,12,770,N/A
2011,5,19,15,30,93,916,701,0.156,4.4,25.22,11,770,N/A
2011,5,19,16,0,86,886,601,0.156,4.4,25.05,11,770,N/A
2011,5,19,16,30,80,842,494,0.156,4.3,26.78,10,770,N/A
2011,5,19,17,0,71,786,383,0.156,4.2,27.3,10,770,N/A
2011,5,19,17,30,62,701,271,0.156,3.8000000000000003,29.2,9,780,N/A
2011,5,19,18,0,49,576,163,0.156,3.5,33.05,8,780,N/A
2011,5,19,18,30,31,361,67,0.156,2.5,37.910000000000004,6,780,N/A
2011,5,19,19,0,0,0,0,0.156,1.6,44.64,5,780,N/A
2011,5,19,19,30,0,0,0,0.156,1.4000000000000001,47.89,4,780,N/A
2011,5,19,20,0,0,0,0,0.156,1.3,51.9,4,780,N/A
2011,5,19,20,30,0,0,0,0.156,1.3,55.69,3,780,N/A
2011,5,19,21,0,0,0,0,0.156,1.3,60.54,3,780,N/A
2011,5,19,21,30,0,0,0,0.156,1.3,64.98,2,780,N/A
2011,5,19,22,0,0,0,0,0.156,1.3,70.24,2,780,N/A
2011,5,19,22,30,0,0,0,0.156,1.2000000000000002,75.43,1,780,N/A
2011,5,19,23,0,0,0,0,0.156,1.1,80,1,780,N/A
2011,5,19,23,30,0,0,0,0.156,1,85.96000000000001,0,780,N/A
2011,5,20,0,0,0,0,0,0.156,1,88.81,0,780,N/A
2011,5,20,0,30,0,0,0,0.156,1,88.79,0,780,N/A
2011,5,20,1,0,0,0,0,0.156,1.1,89.56,0,780,N/A
2011,5,20,1,30,0,0,0,0.156,1.1,89.55,0,780,N/A
2011,5,20,2,0,0,0,0,0.156,1.1,88.72,0,780,N/A
2011,5,20,2,30,0,0,0,0.156,1,88.72,0,780,N/A
2011,5,20,3,0,0,0,0,0.156,1,87.45,0,780,N/A
2011,5,20,3,30,0,0,0,0.156,1,87.46000000000001,0,780,N/A
2011,5,20,4,0,0,0,0,0.156,1,92.85000000000001,-1,780,N/A
2011,5,20,4,30,0,0,0,0.156,1,86.36,0,780,N/A
2011,5,20,5,0,0,0,0,0.156,1.1,85.76,0,780,N/A
2011,5,20,5,30,34,215,55,0.156,1.8,79.79,1,780,N/A
2011,5,20,6,0,57,399,136,0.156,2.6,67.3,3,780,N/A
2011,5,20,6,30,51,0,51,0.156,3.3000000000000003,62.730000000000004,4,780,N/A
2011,5,20,7,0,165,78,197,0.156,4,52.89,6,780,N/A
2011,5,20,7,30,76,840,488,0.156,4.1000000000000005,49.38,7,780,N/A
2011,5,20,8,0,80,888,596,0.156,4.3,46.13,8,780,N/A
2011,5,20,8,30,85,919,695,0.156,4.3,43.11,9,780,N/A
2011,5,20,9,0,135,6,140,0.156,4.3,39.83,10,780,N/A
2011,5,20,9,30,362,45,398,0.156,4.3,39.83,10,780,N/A
2011,5,20,10,0,427,74,491,0.156,4.4,36.82,11,780,N/A
2011,5,20,10,30,415,44,455,0.156,4.4,36.82,12,780,N/A
2011,5,20,11,0,153,11,164,0.156,4.4,34.44,13,780,N/A
2011,5,20,11,30,351,23,373,0.156,4.4,34.44,13,780,N/A
2011,5,20,12,0,527,173,694,0.156,4.4,32.29,13,780,N/A
2011,5,20,12,30,495,299,781,0.156,4.4,32.28,13,780,N/A
2011,5,20,13,0,468,355,802,0.156,4.4,30.41,14,780,N/A
2011,5,20,13,30,480,272,727,0.156,4.5,30.400000000000002,14,780,N/A
2011,5,20,14,0,281,19,297,0.156,4.6000000000000005,30.63,14,780,N/A
2011,5,20,14,30,275,19,290,0.156,4.800000000000001,30.62,14,780,N/A
2011,5,20,15,0,249,19,264,0.156,5,30.89,15,780,N/A
2011,5,20,15,30,254,493,582,0.156,5.1000000000000005,30.900000000000002,14,780,N/A
2011,5,20,16,0,199,513,499,0.156,5.300000000000001,31.34,14,780,N/A
2011,5,20,16,30,144,565,423,0.156,5.300000000000001,33.46,13,780,N/A
2011,5,20,17,0,71,768,378,0.156,5.4,36.410000000000004,13,780,N/A
2011,5,20,17,30,61,685,268,0.156,5,38.910000000000004,12,780,N/A
2011,5,20,18,0,50,549,161,0.156,4.6000000000000005,42.99,11,780,N/A
2011,5,20,18,30,32,345,67,0.156,3.7,45.980000000000004,10,780,N/A
2011,5,20,19,0,0,0,0,0.156,2.9000000000000004,51.44,9,780,N/A
2011,5,20,19,30,0,0,0,0.156,2.3000000000000003,55.08,8,780,N/A
2011,5,20,20,0,0,0,0,0.156,1.8,57.28,7,780,N/A
2011,5,20,20,30,0,0,0,0.156,1.6,61.35,6,780,N/A
2011,5,20,21,0,0,0,0,0.156,1.5,63.54,6,780,N/A
2011,5,20,21,30,0,0,0,0.156,1.5,68.09,5,780,N/A
2011,5,20,22,0,0,0,0,0.156,1.5,70.24,5,780,N/A
2011,5,20,22,30,0,0,0,0.156,1.5,75.3,4,780,N/A
2011,5,20,23,0,0,0,0,0.156,1.5,77.25,4,780,N/A
2011,5,20,23,30,0,0,0,0.156,1.5,82.88,3,780,N/A
2011,5,21,0,0,0,0,0,0.156,1.5,84.39,3,780,N/A
2011,5,21,0,30,0,0,0,0.156,1.5,90.59,2,780,N/A
2011,5,21,1,0,0,0,0,0.156,1.5,91.47,2,780,N/A
2011,5,21,1,30,0,0,0,0.156,1.4000000000000001,91.47,2,780,N/A
2011,5,21,2,0,0,0,0,0.156,1.4000000000000001,91.68,2,780,N/A
2011,5,21,2,30,0,0,0,0.156,1.3,98.48,1,780,N/A
2011,5,21,3,0,0,0,0,0.156,1.3,98.08,1,780,N/A
2011,5,21,3,30,0,0,0,0.156,1.3,98.08,1,780,N/A
2011,5,21,4,0,0,0,0,0.156,1.3,96.71000000000001,1,780,N/A
2011,5,21,4,30,0,0,0,0.156,1.4000000000000001,96.73,1,780,N/A
2011,5,21,5,0,0,0,0,0.156,1.6,95.32000000000001,2,780,N/A
2011,5,21,5,30,31,365,68,0.156,2.1,88.75,3,780,N/A
2011,5,21,6,0,47,592,165,0.156,2.7,76.36,5,780,N/A
2011,5,21,6,30,58,716,273,0.156,3.4000000000000004,66.45,6,780,N/A
2011,5,21,7,0,64,811,387,0.156,4.2,53.53,8,780,N/A
2011,5,21,7,30,71,867,498,0.156,4.6000000000000005,50.04,9,780,N/A
2011,5,21,8,0,75,912,605,0.156,5.1000000000000005,39.86,11,780,N/A
2011,5,21,8,30,79,942,705,0.156,5.2,37.31,12,780,N/A
2011,5,21,9,0,82,967,797,0.156,5.4,32.660000000000004,13,780,N/A
2011,5,21,9,30,85,984,878,0.156,5.4,30.6,14,780,N/A
2011,5,21,10,0,86,1000,947,0.156,5.5,27.35,16,780,N/A
2011,5,21,10,30,87,1009,1001,0.156,5.5,25.650000000000002,17,780,N/A
2011,5,21,11,0,97,1003,1038,0.156,5.5,23.32,18,780,N/A
2011,5,21,11,30,97,1007,1061,0.156,5.4,21.89,18,780,N/A
2011,5,21,12,0,98,1007,1069,0.156,5.4,20.26,19,780,N/A
2011,5,21,12,30,97,1006,1061,0.156,5.4,20.25,19,780,N/A
2011,5,21,13,0,495,273,752,0.156,5.5,20.04,20,780,N/A
2011,5,21,13,30,94,995,997,0.156,5.5,20.04,20,780,N/A
2011,5,21,14,0,84,999,946,0.156,5.6000000000000005,19.97,20,780,N/A
2011,5,21,14,30,81,986,878,0.156,5.6000000000000005,19.97,19,780,N/A
2011,5,21,15,0,78,969,798,0.156,5.6000000000000005,19.93,19,780,N/A
2011,5,21,15,30,75,947,707,0.156,5.5,21.21,18,780,N/A
2011,5,21,16,0,71,918,607,0.156,5.5,21.04,18,780,N/A
2011,5,21,16,30,66,879,501,0.156,5.2,22.41,17,780,N/A
2011,5,21,17,0,113,542,330,0.156,5,22.23,17,780,N/A
2011,5,21,17,30,54,681,260,0.156,4.1000000000000005,25.25,15,780,N/A
2011,5,21,18,0,44,550,157,0.156,3.3000000000000003,27.28,14,780,N/A
2011,5,21,18,30,32,342,67,0.156,2.5,31.09,12,780,N/A
2011,5,21,19,0,0,0,0,0.156,1.7000000000000002,37.230000000000004,11,780,N/A
2011,5,21,19,30,0,0,0,0.156,1.6,39.82,10,780,N/A
2011,5,21,20,0,0,0,0,0.156,1.6,40.83,9,780,N/A
2011,5,21,20,30,0,0,0,0.156,1.6,43.69,8,780,N/A
2011,5,21,21,0,0,0,0,0.156,1.6,44.29,8,780,N/A
2011,5,21,21,30,0,0,0,0.156,1.5,47.42,7,780,N/A
2011,5,21,22,0,0,0,0,0.156,1.5,47.57,7,780,N/A
2011,5,21,22,30,0,0,0,0.156,1.4000000000000001,50.94,6,780,N/A
2011,5,21,23,0,0,0,0,0.156,1.3,50.620000000000005,6,780,N/A
2011,5,21,23,30,0,0,0,0.156,1.3,54.24,6,780,N/A
2011,5,22,0,0,0,0,0,0.156,1.3,53.59,6,780,N/A
2011,5,22,0,30,0,0,0,0.156,1.3,53.58,5,780,N/A
2011,5,22,1,0,0,0,0,0.156,1.3,52.75,5,780,N/A
2011,5,22,1,30,0,0,0,0.156,1.3,56.56,5,780,N/A
2011,5,22,2,0,0,0,0,0.156,1.3,55.59,5,780,N/A
2011,5,22,2,30,0,0,0,0.156,1.2000000000000002,55.6,4,780,N/A
2011,5,22,3,0,0,0,0,0.156,1.2000000000000002,54.870000000000005,4,780,N/A
2011,5,22,3,30,0,0,0,0.156,1.2000000000000002,54.88,4,780,N/A
2011,5,22,4,0,0,0,0,0.156,1.2000000000000002,54.38,4,780,N/A
2011,5,22,4,30,0,0,0,0.156,1.1,54.39,4,780,N/A
2011,5,22,5,0,0,0,0,0.156,1.1,51.31,5,780,N/A
2011,5,22,5,30,33,318,66,0.156,1.4000000000000001,44.71,7,780,N/A
2011,5,22,6,0,53,520,158,0.156,1.8,36.85,10,780,N/A
2011,5,22,6,30,67,651,264,0.156,1.9000000000000001,32.28,12,780,N/A
2011,5,22,7,0,78,739,373,0.156,2.1,30.560000000000002,15,780,N/A
2011,5,22,7,30,87,801,482,0.156,2.4000000000000004,28.650000000000002,16,780,N/A
2011,5,22,8,0,92,853,589,0.156,2.8000000000000003,27.04,18,780,N/A
2011,5,22,8,30,98,887,688,0.156,2.8000000000000003,25.38,19,780,N/A
2011,5,22,9,0,101,915,779,0.156,2.8000000000000003,23.830000000000002,20,780,N/A
2011,5,22,9,30,105,935,860,0.156,2.9000000000000004,22.400000000000002,20,780,N/A
2011,5,22,10,0,107,952,928,0.156,3.1,20.6,21,780,N/A
2011,5,22,10,30,109,963,982,0.156,3.2,20.59,22,780,N/A
2011,5,22,11,0,109,973,1023,0.156,3.4000000000000004,18.8,23,780,N/A
2011,5,22,11,30,110,977,1047,0.156,3.5,18.8,23,780,N/A
2011,5,22,12,0,113,976,1054,0.156,3.6,17.13,23,780,N/A
2011,5,22,12,30,112,974,1046,0.156,3.7,17.13,23,780,N/A
2011,5,22,13,0,113,967,1022,0.156,3.8000000000000003,15.55,24,780,N/A
2011,5,22,13,30,112,960,983,0.156,3.8000000000000003,15.55,24,780,N/A
2011,5,22,14,0,419,461,817,0.156,3.8000000000000003,15.01,24,780,N/A
2011,5,22,14,30,99,948,866,0.156,3.8000000000000003,15.93,23,780,N/A
2011,5,22,15,0,92,935,787,0.156,3.8000000000000003,15.27,23,780,N/A
2011,5,22,15,30,330,168,442,0.156,3.7,16.22,23,780,N/A
2011,5,22,16,0,75,0,75,0.156,3.6,15.64,23,780,N/A
2011,5,22,16,30,221,94,268,0.156,3.5,16.62,22,780,N/A
2011,5,22,17,0,95,620,345,0.156,3.4000000000000004,16.46,21,780,N/A
2011,5,22,17,30,29,0,29,0.156,2.6,18.63,19,780,N/A
2011,5,22,18,0,77,68,91,0.156,1.8,21.81,18,780,N/A
2011,5,22,18,30,36,21,38,0.156,1.5,24.75,16,780,N/A
2011,5,22,19,0,0,0,0,0.156,1.2000000000000002,30.830000000000002,14,780,N/A
2011,5,22,19,30,0,0,0,0.156,1.2000000000000002,32.910000000000004,13,780,N/A
2011,5,22,20,0,0,0,0,0.156,1.2000000000000002,33.89,13,780,N/A
2011,5,22,20,30,0,0,0,0.156,1.3,33.9,13,780,N/A
2011,5,22,21,0,0,0,0,0.156,1.5,36.26,13,780,N/A
2011,5,22,21,30,0,0,0,0.156,1.7000000000000002,38.71,13,780,N/A
2011,5,22,22,0,0,0,0,0.156,1.9000000000000001,42.36,13,780,N/A
2011,5,22,22,30,0,0,0,0.156,1.9000000000000001,45.24,12,780,N/A
2011,5,22,23,0,0,0,0,0.156,1.9000000000000001,49.120000000000005,11,780,N/A
2011,5,22,23,30,0,0,0,0.156,1.7000000000000002,52.49,10,780,N/A
2011,5,23,0,0,0,0,0,0.156,1.5,59.300000000000004,10,780,N/A
2011,5,23,0,30,0,0,0,0.156,1.4000000000000001,63.43,9,780,N/A
2011,5,23,1,0,0,0,0,0.156,1.3,65,8,780,N/A
2011,5,23,1,30,0,0,0,0.156,1.2000000000000002,69.57000000000001,7,780,N/A
2011,5,23,2,0,0,0,0,0.156,1.2000000000000002,70.04,7,780,N/A
2011,5,23,2,30,0,0,0,0.156,1.1,70.05,7,780,N/A
2011,5,23,3,0,0,0,0,0.156,1.1,69.8,7,780,N/A
2011,5,23,3,30,0,0,0,0.156,1.1,74.79,6,780,N/A
2011,5,23,4,0,0,0,0,0.156,1.1,73.72,6,780,N/A
2011,5,23,4,30,0,0,0,0.156,1,73.73,6,780,N/A
2011,5,23,5,0,0,0,0,0.156,0.9,72.47,7,780,N/A
2011,5,23,5,30,34,319,68,0.156,1.3,63.22,9,780,N/A
2011,5,23,6,0,54,527,162,0.156,1.8,49.230000000000004,11,780,N/A
2011,5,23,6,30,68,660,268,0.156,1.9000000000000001,43.17,13,780,N/A
2011,5,23,7,0,81,743,379,0.156,2.1,28.490000000000002,15,780,N/A
2011,5,23,7,30,90,808,489,0.156,2.4000000000000004,26.73,16,780,N/A
2011,5,23,8,0,95,861,598,0.156,2.7,19.1,18,780,N/A
2011,5,23,8,30,101,897,699,0.156,2.9000000000000004,19.1,19,780,N/A
2011,5,23,9,0,103,931,794,0.156,3.2,15.610000000000001,20,780,N/A
2011,5,23,9,30,107,951,875,0.156,3.4000000000000004,14.67,20,780,N/A
2011,5,23,10,0,107,972,946,0.156,3.7,12.38,21,780,N/A
2011,5,23,10,30,110,983,1001,0.156,3.9000000000000004,12.370000000000001,21,780,N/A
2011,5,23,11,0,113,987,1041,0.156,4.1000000000000005,10.94,22,780,N/A
2011,5,23,11,30,114,991,1065,0.156,4.2,10.94,22,780,N/A
2011,5,23,12,0,114,995,1074,0.156,4.4,10.05,23,780,N/A
2011,5,23,12,30,113,993,1066,0.156,4.4,10.05,23,780,N/A
2011,5,23,13,0,112,989,1042,0.156,4.5,10.07,23,780,N/A
2011,5,23,13,30,110,981,1002,0.156,4.4,10.07,23,780,N/A
2011,5,23,14,0,100,983,950,0.156,4.3,10.13,23,780,N/A
2011,5,23,14,30,97,968,882,0.156,4.1000000000000005,10.13,23,780,N/A
2011,5,23,15,0,102,933,797,0.156,4.1000000000000005,10.11,23,780,N/A
2011,5,23,15,30,97,906,705,0.156,4,10.74,22,780,N/A
2011,5,23,16,0,93,869,604,0.156,3.9000000000000004,10.57,22,780,N/A
2011,5,23,16,30,86,823,497,0.156,3.7,11.23,21,780,N/A
2011,5,23,17,0,78,763,386,0.156,3.5,10.88,21,780,N/A
2011,5,23,17,30,68,677,275,0.156,2.5,12.3,19,780,N/A
2011,5,23,18,0,74,224,121,0.156,1.5,15.4,18,780,N/A
2011,5,23,18,30,40,111,52,0.156,1.3,17.47,16,780,N/A
2011,5,23,19,0,0,0,0,0.156,1.1,22.26,14,780,N/A
2011,5,23,19,30,0,0,0,0.156,1.1,23.75,14,780,N/A
2011,5,23,20,0,0,0,0,0.156,1.2000000000000002,23.07,14,780,N/A
2011,5,23,20,30,0,0,0,0.156,1.2000000000000002,24.63,13,780,N/A
2011,5,23,21,0,0,0,0,0.156,1.3,24.62,12,780,N/A
2011,5,23,21,30,0,0,0,0.156,1.3,26.29,11,780,N/A
2011,5,23,22,0,0,0,0,0.156,1.3,28.330000000000002,10,780,N/A
2011,5,23,22,30,0,0,0,0.156,1.2000000000000002,30.3,9,780,N/A
2011,5,23,23,0,0,0,0,0.156,1.2000000000000002,33.63,9,780,N/A
2011,5,23,23,30,0,0,0,0.156,1.2000000000000002,33.62,8,780,N/A
2011,5,24,0,0,0,0,0,0.156,1.2000000000000002,35.910000000000004,8,780,N/A
2011,5,24,0,30,0,0,0,0.156,1.2000000000000002,38.43,7,770,N/A
2011,5,24,1,0,0,0,0,0.156,1.4000000000000001,41.25,7,770,N/A
2011,5,24,1,30,0,0,0,0.156,1.4000000000000001,41.25,7,770,N/A
2011,5,24,2,0,0,0,0,0.156,1.5,43.82,7,770,N/A
2011,5,24,2,30,0,0,0,0.156,1.5,43.82,7,780,N/A
2011,5,24,3,0,0,0,0,0.156,1.6,46.86,7,780,N/A
2011,5,24,3,30,0,0,0,0.156,1.8,46.87,7,780,N/A
2011,5,24,4,0,0,0,0,0.156,2,50.4,7,780,N/A
2011,5,24,4,30,0,0,0,0.156,2.3000000000000003,50.410000000000004,7,780,N/A
2011,5,24,5,0,0,0,0,0.156,2.6,53.800000000000004,7,780,N/A
2011,5,24,5,30,24,0,24,0.156,3.1,53.800000000000004,7,780,N/A
2011,5,24,6,0,61,0,61,0.156,3.6,48.26,8,780,N/A
2011,5,24,6,30,113,277,198,0.156,4.4,45.11,9,780,N/A
2011,5,24,7,0,162,279,274,0.156,5.300000000000001,32.63,11,780,N/A
2011,5,24,7,30,229,259,358,0.156,5.6000000000000005,30.53,12,780,N/A
2011,5,24,8,0,138,756,581,0.156,6.1000000000000005,23.87,13,780,N/A
2011,5,24,8,30,147,799,681,0.156,6.300000000000001,22.35,13,780,N/A
2011,5,24,9,0,220,695,736,0.156,6.5,18.97,14,780,N/A
2011,5,24,9,30,218,15,230,0.156,6.7,18.97,14,780,N/A
2011,5,24,10,0,453,126,563,0.156,6.9,16.95,15,780,N/A
2011,5,24,10,30,485,389,838,0.156,6.9,16.95,16,780,N/A
2011,5,24,11,0,466,347,793,0.156,7,15.99,17,780,N/A
2011,5,24,11,30,510,276,775,0.156,7,15.99,17,780,N/A
2011,5,24,12,0,452,44,496,0.156,7.1000000000000005,15.860000000000001,17,780,N/A
2011,5,24,12,30,350,22,372,0.156,7.1000000000000005,15.860000000000001,17,780,N/A
2011,5,24,13,0,484,462,920,0.156,7.1000000000000005,17.07,18,780,N/A
2011,5,24,13,30,487,140,615,0.156,7.1000000000000005,17.07,18,780,N/A
2011,5,24,14,0,455,124,563,0.156,7.2,17.990000000000002,18,780,N/A
2011,5,24,14,30,366,46,404,0.156,7.2,17.990000000000002,17,780,N/A
2011,5,24,15,0,145,8,151,0.156,7.300000000000001,18.41,17,780,N/A
2011,5,24,15,30,130,4,133,0.156,7.300000000000001,19.62,17,780,N/A
2011,5,24,16,0,256,342,457,0.156,7.300000000000001,20.03,17,780,N/A
2011,5,24,16,30,147,564,430,0.156,7.1000000000000005,21.36,16,780,N/A
2011,5,24,17,0,136,489,335,0.152,7,22.41,15,780,N/A
2011,5,24,17,30,112,312,208,0.152,6.5,23.91,14,780,N/A
2011,5,24,18,0,70,287,131,0.152,6,27.740000000000002,13,780,N/A
2011,5,24,18,30,41,140,56,0.152,5.4,29.62,12,780,N/A
2011,5,24,19,0,0,0,0,0.152,4.800000000000001,34.96,11,780,N/A
2011,5,24,19,30,0,0,0,0.152,4.6000000000000005,37.39,10,780,N/A
2011,5,24,20,0,0,0,0,0.152,4.5,43.24,9,780,N/A
2011,5,24,20,30,0,0,0,0.152,4.2,46.27,8,780,N/A
2011,5,24,21,0,0,0,0,0.152,4,47.58,8,780,N/A
2011,5,24,21,30,0,0,0,0.152,3.6,50.93,7,780,N/A
2011,5,24,22,0,0,0,0,0.152,3.3000000000000003,50.96,7,780,N/A
2011,5,24,22,30,0,0,0,0.152,2.8000000000000003,54.58,6,780,N/A
2011,5,24,23,0,0,0,0,0.152,2.4000000000000004,54.76,6,780,N/A
2011,5,24,23,30,0,0,0,0.152,2,58.68,5,780,N/A
2011,5,25,0,0,0,0,0,0.152,1.6,59.35,5,780,N/A
2011,5,25,0,30,0,0,0,0.152,1.5,63.64,5,780,N/A
2011,5,25,1,0,0,0,0,0.152,1.4000000000000001,64.87,5,780,N/A
2011,5,25,1,30,0,0,0,0.152,1.3,69.61,4,780,N/A
2011,5,25,2,0,0,0,0,0.152,1.3,72.05,4,780,N/A
2011,5,25,2,30,0,0,0,0.152,1.3,72.06,3,780,N/A
2011,5,25,3,0,0,0,0,0.152,1.4000000000000001,73.51,3,780,N/A
2011,5,25,3,30,0,0,0,0.152,1.4000000000000001,78.92,3,780,N/A
2011,5,25,4,0,0,0,0,0.152,1.4000000000000001,79.08,3,780,N/A
2011,5,25,4,30,0,0,0,0.152,1.5,79.10000000000001,3,780,N/A
2011,5,25,5,0,0,0,0,0.152,1.6,73.8,4,780,N/A
2011,5,25,5,30,37,302,69,0.152,2.2,64.15,5,780,N/A
2011,5,25,6,0,57,519,164,0.152,2.8000000000000003,55.050000000000004,7,780,N/A
2011,5,25,6,30,71,654,271,0.152,4,48.07,9,780,N/A
2011,5,25,7,0,80,755,384,0.152,5.2,36.45,11,780,N/A
2011,5,25,7,30,88,819,496,0.152,5.4,34.13,12,780,N/A
2011,5,25,8,0,91,878,606,0.152,5.6000000000000005,28.03,13,780,N/A
2011,5,25,8,30,97,913,707,0.152,5.4,26.27,14,780,N/A
2011,5,25,9,0,98,946,802,0.152,5.300000000000001,20.11,16,780,N/A
2011,5,25,9,30,102,965,883,0.152,5,18.88,17,780,N/A
2011,5,25,10,0,104,981,953,0.152,4.7,15.85,18,780,N/A
2011,5,25,10,30,107,992,1008,0.152,4.4,14.89,19,780,N/A
2011,5,25,11,0,108,999,1049,0.152,4.2,12.99,20,780,N/A
2011,5,25,11,30,109,1003,1073,0.152,4,12.99,21,780,N/A
2011,5,25,12,0,110,1004,1081,0.152,3.9000000000000004,11.64,22,780,N/A
2011,5,25,12,30,109,1002,1073,0.152,3.8000000000000003,11.64,22,780,N/A
2011,5,25,13,0,107,999,1049,0.152,3.8000000000000003,10.56,22,780,N/A
2011,5,25,13,30,106,992,1010,0.152,3.8000000000000003,10.55,22,780,N/A
2011,5,25,14,0,101,986,957,0.152,3.8000000000000003,9.57,23,780,N/A
2011,5,25,14,30,99,972,889,0.152,3.8000000000000003,10.16,23,780,N/A
2011,5,25,15,0,94,956,809,0.152,3.9000000000000004,9.870000000000001,23,780,N/A
2011,5,25,15,30,90,933,718,0.152,3.8000000000000003,9.870000000000001,22,780,N/A
2011,5,25,16,0,85,902,618,0.152,3.7,9.64,22,780,N/A
2011,5,25,16,30,79,861,511,0.152,3.5,10.25,21,780,N/A
2011,5,25,17,0,71,805,400,0.152,3.3000000000000003,10.84,20,780,N/A
2011,5,25,17,30,62,725,287,0.152,2.4000000000000004,12.280000000000001,18,780,N/A
2011,5,25,18,0,50,606,179,0.152,1.6,17.54,17,780,N/A
2011,5,25,18,30,34,404,80,0.152,1.4000000000000001,21.28,14,780,N/A
2011,5,25,19,0,0,0,0,0.152,1.3,25.79,12,780,N/A
2011,5,25,19,30,0,0,0,0.152,1.3,27.57,11,780,N/A
2011,5,25,20,0,0,0,0,0.152,1.3,27.2,10,780,N/A
2011,5,25,20,30,0,0,0,0.152,1.3,27.21,10,780,N/A
2011,5,25,21,0,0,0,0,0.152,1.3,26.85,10,780,N/A
2011,5,25,21,30,0,0,0,0.152,1.2000000000000002,26.85,10,780,N/A
2011,5,25,22,0,0,0,0,0.152,1.2000000000000002,26.17,10,780,N/A
2011,5,25,22,30,0,0,0,0.152,1.2000000000000002,27.990000000000002,10,780,N/A
2011,5,25,23,0,0,0,0,0.152,1.2000000000000002,27.310000000000002,10,780,N/A
2011,5,25,23,30,0,0,0,0.152,1.2000000000000002,27.310000000000002,9,780,N/A
2011,5,26,0,0,0,0,0,0.152,1.2000000000000002,27.43,9,780,N/A
2011,5,26,0,30,0,0,0,0.152,1.2000000000000002,29.34,8,780,N/A
2011,5,26,1,0,0,0,0,0.152,1.3,32.57,8,780,N/A
2011,5,26,1,30,0,0,0,0.152,1.3,34.88,7,780,N/A
2011,5,26,2,0,0,0,0,0.152,1.3,36.86,7,780,N/A
2011,5,26,2,30,0,0,0,0.152,1.4000000000000001,39.5,6,780,N/A
2011,5,26,3,0,0,0,0,0.152,1.5,42.4,6,780,N/A
2011,5,26,3,30,0,0,0,0.152,1.6,45.45,5,780,N/A
2011,5,26,4,0,0,0,0,0.152,1.8,49.13,5,780,N/A
2011,5,26,4,30,0,0,0,0.152,2.3000000000000003,49.120000000000005,5,780,N/A
2011,5,26,5,0,0,0,0,0.152,2.8000000000000003,51.63,5,780,N/A
2011,5,26,5,30,33,389,75,0.152,3.3000000000000003,44.97,7,780,N/A
2011,5,26,6,0,51,572,170,0.152,3.8000000000000003,41.26,10,780,N/A
2011,5,26,6,30,64,697,278,0.152,3.8000000000000003,36.1,12,780,N/A
2011,5,26,7,0,77,764,386,0.152,3.8000000000000003,31.36,14,780,N/A
2011,5,26,7,30,86,824,496,0.152,3.8000000000000003,29.38,15,780,N/A
2011,5,26,8,0,267,272,427,0.152,3.8000000000000003,24.59,17,780,N/A
2011,5,26,8,30,113,866,694,0.152,3.7,23.080000000000002,18,780,N/A
2011,5,26,9,0,319,410,624,0.152,3.7,18.3,19,780,N/A
2011,5,26,9,30,361,487,756,0.152,3.9000000000000004,17.2,20,780,N/A
2011,5,26,10,0,374,545,845,0.152,4.1000000000000005,13.33,22,780,N/A
2011,5,26,10,30,452,371,790,0.152,4.3,12.540000000000001,23,780,N/A
2011,5,26,11,0,390,604,959,0.152,4.6000000000000005,10.53,24,780,N/A
2011,5,26,11,30,112,987,1060,0.152,4.7,10.53,24,780,N/A
2011,5,26,12,0,523,432,942,0.152,4.9,9.200000000000001,25,780,N/A
2011,5,26,12,30,107,992,1062,0.152,5.1000000000000005,9.19,25,780,N/A
2011,5,26,13,0,105,989,1038,0.152,5.300000000000001,8.26,26,780,N/A
2011,5,26,13,30,104,982,1000,0.152,5.5,8.25,26,780,N/A
2011,5,26,14,0,375,548,851,0.152,5.800000000000001,7.76,27,780,N/A
2011,5,26,14,30,378,450,744,0.152,6,7.76,27,780,N/A
2011,5,26,15,0,295,509,677,0.152,6.300000000000001,6.87,27,780,N/A
2011,5,26,15,30,255,512,601,0.152,6.4,7.28,26,780,N/A
2011,5,26,16,0,86,884,609,0.152,6.5,7.17,26,780,N/A
2011,5,26,16,30,80,841,503,0.152,6.300000000000001,7.61,25,780,N/A
2011,5,26,17,0,131,485,330,0.152,6.2,8.09,25,780,N/A
2011,5,26,17,30,124,68,145,0.152,5.300000000000001,9.13,23,780,N/A
2011,5,26,18,0,73,276,132,0.152,4.5,10.88,22,780,N/A
2011,5,26,18,30,41,159,59,0.152,3.6,13.09,20,780,N/A
2011,5,26,19,0,8,0,8,0.152,2.7,16.740000000000002,18,780,N/A
2011,5,26,19,30,0,0,0,0.152,2.4000000000000004,17.84,16,780,N/A
2011,5,26,20,0,0,0,0,0.152,2.2,20.17,15,780,N/A
2011,5,26,20,30,0,0,0,0.152,2,21.52,14,780,N/A
2011,5,26,21,0,0,0,0,0.152,1.9000000000000001,23.68,14,780,N/A
2011,5,26,21,30,0,0,0,0.152,2,25.28,13,780,N/A
2011,5,26,22,0,0,0,0,0.152,2.1,25.91,12,780,N/A
2011,5,26,22,30,0,0,0,0.152,2.3000000000000003,25.91,12,780,N/A
2011,5,26,23,0,0,0,0,0.152,2.5,25.830000000000002,12,780,N/A
2011,5,26,23,30,0,0,0,0.152,2.7,27.59,12,780,N/A
2011,5,27,0,0,0,0,0,0.152,2.9000000000000004,27.2,12,780,N/A
2011,5,27,0,30,0,0,0,0.152,2.9000000000000004,27.2,11,780,N/A
2011,5,27,1,0,0,0,0,0.152,2.9000000000000004,27.36,11,780,N/A
2011,5,27,1,30,0,0,0,0.152,2.7,29.240000000000002,10,780,N/A
2011,5,27,2,0,0,0,0,0.152,2.6,30.01,10,780,N/A
2011,5,27,2,30,0,0,0,0.152,2.4000000000000004,32.09,9,780,N/A
2011,5,27,3,0,0,0,0,0.152,2.3000000000000003,33.410000000000004,9,780,N/A
2011,5,27,3,30,0,0,0,0.152,2,35.75,8,780,N/A
2011,5,27,4,0,0,0,0,0.152,1.9000000000000001,37.21,8,780,N/A
2011,5,27,4,30,0,0,0,0.152,1.9000000000000001,37.22,8,780,N/A
2011,5,27,5,0,0,0,0,0.152,1.9000000000000001,38.76,9,780,N/A
2011,5,27,5,30,33,381,75,0.152,2.4000000000000004,33.88,10,780,N/A
2011,5,27,6,0,49,588,172,0.152,2.9000000000000004,30.04,12,780,N/A
2011,5,27,6,30,60,710,279,0.152,3.7,26.37,14,780,N/A
2011,5,27,7,0,68,795,390,0.152,4.6000000000000005,20.830000000000002,17,780,N/A
2011,5,27,7,30,75,851,499,0.152,4.800000000000001,19.56,18,780,N/A
2011,5,27,8,0,79,897,606,0.152,5.1000000000000005,17.87,20,780,N/A
2011,5,27,8,30,84,927,705,0.152,5.1000000000000005,16.8,21,780,N/A
2011,5,27,9,0,87,951,796,0.152,5.2,15.46,22,780,N/A
2011,5,27,9,30,91,969,876,0.152,5.2,14.55,23,780,N/A
2011,5,27,10,0,93,983,944,0.152,5.300000000000001,13.47,24,780,N/A
2011,5,27,10,30,95,993,999,0.152,5.300000000000001,12.68,24,780,N/A
2011,5,27,11,0,95,1001,1039,0.152,5.4,11.84,25,780,N/A
2011,5,27,11,30,96,1005,1064,0.152,5.4,11.83,25,780,N/A
2011,5,27,12,0,96,1007,1073,0.152,5.5,11.13,26,780,N/A
2011,5,27,12,30,96,1006,1065,0.152,5.5,11.13,26,780,N/A
2011,5,27,13,0,95,1003,1042,0.152,5.6000000000000005,10.56,27,780,N/A
2011,5,27,13,30,93,996,1003,0.152,5.6000000000000005,10.56,27,780,N/A
2011,5,27,14,0,90,989,950,0.152,5.800000000000001,10.64,27,780,N/A
2011,5,27,14,30,87,976,883,0.152,5.800000000000001,10.64,27,780,N/A
2011,5,27,15,0,83,961,804,0.152,5.9,10.69,27,780,N/A
2011,5,27,15,30,79,939,714,0.152,5.800000000000001,11.34,26,780,N/A
2011,5,27,16,0,74,911,615,0.152,5.800000000000001,11.38,26,780,N/A
2011,5,27,16,30,69,873,510,0.152,5.6000000000000005,12.07,25,780,N/A
2011,5,27,17,0,62,823,401,0.152,5.4,12.13,25,780,N/A
2011,5,27,17,30,55,750,291,0.152,4.5,13.67,24,780,N/A
2011,5,27,18,0,45,638,183,0.152,3.6,15.13,23,780,N/A
2011,5,27,18,30,31,454,85,0.152,2.8000000000000003,18.2,20,780,N/A
2011,5,27,19,0,11,117,13,0.152,2.1,22.47,17,780,N/A
2011,5,27,19,30,0,0,0,0.152,2,23.95,16,780,N/A
2011,5,27,20,0,0,0,0,0.152,2,26.330000000000002,15,780,N/A
2011,5,27,20,30,0,0,0,0.152,2,28.080000000000002,14,780,N/A
2011,5,27,21,0,0,0,0,0.152,2,28.6,14,780,N/A
2011,5,27,21,30,0,0,0,0.152,2.2,30.51,14,780,N/A
2011,5,27,22,0,0,0,0,0.152,2.4000000000000004,30.830000000000002,14,780,N/A
2011,5,27,22,30,0,0,0,0.152,2.2,30.830000000000002,13,780,N/A
2011,5,27,23,0,0,0,0,0.152,2,31.87,13,780,N/A
2011,5,27,23,30,0,0,0,0.152,1.9000000000000001,34.03,12,780,N/A
2011,5,28,0,0,0,0,0,0.152,1.9000000000000001,36.02,12,780,N/A
2011,5,28,0,30,0,0,0,0.152,1.8,38.46,12,780,N/A
2011,5,28,1,0,0,0,0,0.152,1.7000000000000002,40.37,12,780,N/A
2011,5,28,1,30,0,0,0,0.152,1.6,43.14,11,780,N/A
2011,5,28,2,0,0,0,0,0.152,1.5,44.27,11,780,N/A
2011,5,28,2,30,0,0,0,0.152,1.4000000000000001,47.34,10,780,N/A
2011,5,28,3,0,0,0,0,0.152,1.3,47.62,9,780,N/A
2011,5,28,3,30,0,0,0,0.152,1.3,50.95,9,780,N/A
2011,5,28,4,0,0,0,0,0.152,1.3,50.78,9,780,N/A
2011,5,28,4,30,0,0,0,0.152,1.2000000000000002,50.79,9,780,N/A
2011,5,28,5,0,0,0,0,0.152,1.2000000000000002,47.82,10,780,N/A
2011,5,28,5,30,32,408,78,0.152,1.6,41.85,12,780,N/A
2011,5,28,6,0,48,601,174,0.152,2,36.56,14,780,N/A
2011,5,28,6,30,59,719,281,0.152,3.2,32.12,16,780,N/A
2011,5,28,7,0,68,798,392,0.152,4.4,24.900000000000002,18,780,N/A
2011,5,28,7,30,75,852,501,0.152,4.6000000000000005,23.39,19,780,N/A
2011,5,28,8,0,79,896,607,0.152,4.9,21.42,20,780,N/A
2011,5,28,8,30,84,925,705,0.152,5,20.14,21,780,N/A
2011,5,28,9,0,88,948,795,0.152,5.2,18.740000000000002,23,780,N/A
2011,5,28,9,30,91,965,875,0.152,5.2,17.63,23,780,N/A
2011,5,28,10,0,94,977,942,0.152,5.2,16.4,24,780,N/A
2011,5,28,10,30,96,987,995,0.152,5.2,15.44,25,780,N/A
2011,5,28,11,0,96,996,1036,0.152,5.2,14.43,26,780,N/A
2011,5,28,11,30,97,1000,1060,0.152,5.2,14.43,27,780,N/A
2011,5,28,12,0,98,1000,1068,0.152,5.300000000000001,13.49,28,770,N/A
2011,5,28,12,30,97,999,1061,0.152,5.4,13.48,28,770,N/A
2011,5,28,13,0,96,996,1038,0.152,5.5,12.44,29,770,N/A
2011,5,28,13,30,95,990,999,0.152,5.6000000000000005,12.44,29,770,N/A
2011,5,28,14,0,87,991,949,0.152,5.7,11.14,29,770,N/A
2011,5,28,14,30,84,979,883,0.152,5.800000000000001,11.13,29,770,N/A
2011,5,28,15,0,80,966,805,0.152,5.9,10.19,29,770,N/A
2011,5,28,15,30,70,0,70,0.152,6,10.790000000000001,28,770,N/A
2011,5,28,16,0,71,918,618,0.152,6.1000000000000005,9.81,28,770,N/A
2011,5,28,16,30,66,882,513,0.152,6,10.4,27,770,N/A
2011,5,28,17,0,61,829,404,0.152,6,9.89,27,770,N/A
2011,5,28,17,30,54,757,293,0.152,5.300000000000001,11.13,25,770,N/A
2011,5,28,18,0,45,642,185,0.152,4.7,12.25,24,770,N/A
2011,5,28,18,30,32,461,87,0.152,3.7,14.700000000000001,21,770,N/A
2011,5,28,19,0,11,125,14,0.152,2.8000000000000003,18.17,19,770,N/A
2011,5,28,19,30,0,0,0,0.152,2.7,19.34,18,770,N/A
2011,5,28,20,0,0,0,0,0.152,2.6,21.57,18,770,N/A
2011,5,28,20,30,0,0,0,0.152,2.6,22.990000000000002,17,770,N/A
2011,5,28,21,0,0,0,0,0.152,2.6,23.82,16,770,N/A
2011,5,28,21,30,0,0,0,0.152,2.4000000000000004,25.400000000000002,15,770,N/A
2011,5,28,22,0,0,0,0,0.152,2.3000000000000003,26.25,15,770,N/A
2011,5,28,22,30,0,0,0,0.152,2,27.990000000000002,14,770,N/A
2011,5,28,23,0,0,0,0,0.152,1.8,31.69,14,770,N/A
2011,5,28,23,30,0,0,0,0.152,1.7000000000000002,33.83,13,770,N/A
2011,5,29,0,0,0,0,0,0.152,1.6,35.39,12,770,N/A
2011,5,29,0,30,0,0,0,0.152,1.5,37.79,11,770,N/A
2011,5,29,1,0,0,0,0,0.152,1.4000000000000001,38.79,11,770,N/A
2011,5,29,1,30,0,0,0,0.152,1.3,41.45,10,770,N/A
2011,5,29,2,0,0,0,0,0.152,1.3,42.49,10,770,N/A
2011,5,29,2,30,0,0,0,0.152,1.3,45.43,9,770,N/A
2011,5,29,3,0,0,0,0,0.152,1.3,46.17,9,770,N/A
2011,5,29,3,30,0,0,0,0.152,1.2000000000000002,46.17,9,770,N/A
2011,5,29,4,0,0,0,0,0.152,1.2000000000000002,46.39,9,770,N/A
2011,5,29,4,30,0,0,0,0.152,1.1,46.39,9,770,N/A
2011,5,29,5,0,0,0,0,0.152,1.1,44.36,10,770,N/A
2011,5,29,5,30,32,413,79,0.152,1.6,38.85,12,770,N/A
2011,5,29,6,0,48,603,176,0.152,2.1,34.49,15,770,N/A
2011,5,29,6,30,60,721,283,0.152,3.2,30.330000000000002,16,770,N/A
2011,5,29,7,0,68,800,394,0.152,4.4,26.330000000000002,18,770,N/A
2011,5,29,7,30,75,856,504,0.152,4.800000000000001,24.740000000000002,19,770,N/A
2011,5,29,8,0,80,900,611,0.152,5.300000000000001,19.92,21,770,N/A
2011,5,29,8,30,85,931,710,0.152,5.4,18.740000000000002,22,770,N/A
2011,5,29,9,0,88,956,802,0.152,5.6000000000000005,16.09,23,770,N/A
2011,5,29,9,30,92,973,882,0.152,5.800000000000001,16.080000000000002,24,770,N/A
2011,5,29,10,0,94,988,950,0.152,6.1000000000000005,13.98,25,770,N/A
2011,5,29,10,30,96,997,1005,0.152,6.300000000000001,13.16,25,770,N/A
2011,5,29,11,0,94,1008,1046,0.152,6.6000000000000005,11.57,26,770,N/A
2011,5,29,11,30,95,1011,1070,0.152,6.9,11.57,27,770,N/A
2011,5,29,12,0,97,1011,1078,0.152,7.2,10.08,28,770,N/A
2011,5,29,12,30,96,1009,1070,0.152,7.4,10.08,28,770,N/A
2011,5,29,13,0,97,1003,1046,0.152,7.6000000000000005,8.73,28,770,N/A
2011,5,29,13,30,96,996,1007,0.152,7.7,8.73,28,770,N/A
2011,5,29,14,0,97,981,952,0.152,7.9,8.27,28,770,N/A
2011,5,29,14,30,95,967,885,0.152,7.800000000000001,8.26,28,770,N/A
2011,5,29,15,0,95,942,804,0.152,7.800000000000001,8.13,28,770,N/A
2011,5,29,15,30,91,918,713,0.152,7.7,8.61,27,770,N/A
2011,5,29,16,0,88,880,613,0.152,7.6000000000000005,8.68,27,770,N/A
2011,5,29,16,30,82,838,508,0.152,7.4,9.21,26,770,N/A
2011,5,29,17,0,77,769,396,0.152,7.2,10.01,25,770,N/A
2011,5,29,17,30,67,688,286,0.152,6.6000000000000005,10.620000000000001,24,770,N/A
2011,5,29,18,0,58,537,176,0.152,6,11.93,23,770,N/A
2011,5,29,18,30,38,351,81,0.152,5.4,13.48,21,770,N/A
2011,5,29,19,0,10,62,12,0.152,4.9,15.49,20,770,N/A
2011,5,29,19,30,0,0,0,0.152,4.800000000000001,16.490000000000002,19,770,N/A
2011,5,29,20,0,0,0,0,0.152,4.800000000000001,18.5,19,770,N/A
2011,5,29,20,30,0,0,0,0.152,4.800000000000001,18.51,18,770,N/A
2011,5,29,21,0,0,0,0,0.152,4.800000000000001,19.55,18,770,N/A
2011,5,29,21,30,0,0,0,0.152,4.6000000000000005,20.82,17,770,N/A
2011,5,29,22,0,0,0,0,0.152,4.5,22.1,17,770,N/A
2011,5,29,22,30,0,0,0,0.152,4.2,23.54,16,770,N/A
2011,5,29,23,0,0,0,0,0.152,3.9000000000000004,26.21,16,770,N/A
2011,5,29,23,30,0,0,0,0.152,3.5,27.96,15,770,N/A
2011,5,30,0,0,0,0,0,0.152,3.1,28.72,14,770,N/A
2011,5,30,0,30,0,0,0,0.152,2.8000000000000003,30.650000000000002,13,770,N/A
2011,5,30,1,0,0,0,0,0.152,2.6,31.43,13,770,N/A
2011,5,30,1,30,0,0,0,0.152,2.3000000000000003,33.55,12,770,N/A
2011,5,30,2,0,0,0,0,0.152,2.1,37.26,12,770,N/A
2011,5,30,2,30,0,0,0,0.152,1.8,39.82,11,770,N/A
2011,5,30,3,0,0,0,0,0.152,1.5,41.57,10,770,N/A
2011,5,30,3,30,0,0,0,0.152,1.4000000000000001,44.46,9,770,N/A
2011,5,30,4,0,0,0,0,0.152,1.4000000000000001,46.1,9,770,N/A
2011,5,30,4,30,0,0,0,0.152,1.5,46.11,9,770,N/A
2011,5,30,5,0,0,0,0,0.152,1.7000000000000002,44.43,10,770,N/A
2011,5,30,5,30,36,361,77,0.152,2.8000000000000003,41.59,11,770,N/A
2011,5,30,6,0,55,543,171,0.152,4,39.64,13,780,N/A
2011,5,30,6,30,69,668,277,0.152,4.7,37.14,13,780,N/A
2011,5,30,7,0,81,746,385,0.152,5.5,33.51,14,780,N/A
2011,5,30,7,30,90,808,495,0.152,5.800000000000001,31.43,15,780,N/A
2011,5,30,8,0,97,855,601,0.152,6.2,27.39,16,780,N/A
2011,5,30,8,30,103,891,702,0.152,6.5,27.400000000000002,16,780,N/A
2011,5,30,9,0,360,305,587,0.152,6.800000000000001,23.1,17,780,N/A
2011,5,30,9,30,113,941,877,0.152,6.800000000000001,23.1,17,780,N/A
2011,5,30,10,0,117,959,949,0.152,6.9,18.06,18,780,N/A
2011,5,30,10,30,119,972,1006,0.152,6.9,18.06,18,780,N/A
2011,5,30,11,0,120,984,1050,0.152,7,13.51,19,780,N/A
2011,5,30,11,30,121,990,1076,0.152,7.1000000000000005,13.51,19,780,N/A
2011,5,30,12,0,117,1002,1090,0.152,7.2,10.28,20,780,N/A
2011,5,30,12,30,116,1002,1084,0.152,7.300000000000001,10.290000000000001,20,780,N/A
2011,5,30,13,0,109,1010,1064,0.152,7.4,8.88,20,780,N/A
2011,5,30,13,30,108,1004,1027,0.152,7.4,8.88,20,780,N/A
2011,5,30,14,0,98,1007,977,0.152,7.4,8.1,20,780,N/A
2011,5,30,14,30,96,995,910,0.152,7.2,8.620000000000001,20,780,N/A
2011,5,30,15,0,90,984,831,0.152,7.1000000000000005,8.13,20,780,N/A
2011,5,30,15,30,86,963,741,0.152,6.9,8.65,19,780,N/A
2011,5,30,16,0,81,936,641,0.152,6.7,8.49,19,780,N/A
2011,5,30,16,30,75,899,533,0.152,6.300000000000001,9.05,18,780,N/A
2011,5,30,17,0,70,841,420,0.152,6,9.32,17,780,N/A
2011,5,30,17,30,62,765,306,0.152,5.300000000000001,9.94,16,780,N/A
2011,5,30,18,0,52,644,194,0.152,4.7,11.61,15,780,N/A
2011,5,30,18,30,37,455,93,0.152,3.6,13.22,13,780,N/A
2011,5,30,19,0,14,113,16,0.152,2.6,17.96,12,780,N/A
2011,5,30,19,30,0,0,0,0.152,2.4000000000000004,19.21,11,780,N/A
2011,5,30,20,0,0,0,0,0.152,2.3000000000000003,23.82,10,780,N/A
2011,5,30,20,30,0,0,0,0.152,2.2,25.490000000000002,9,780,N/A
2011,5,30,21,0,0,0,0,0.152,2.2,28.330000000000002,8,780,N/A
2011,5,30,21,30,0,0,0,0.152,2.3000000000000003,30.34,7,780,N/A
2011,5,30,22,0,0,0,0,0.152,2.4000000000000004,31.63,7,790,N/A
2011,5,30,22,30,0,0,0,0.152,2.4000000000000004,33.89,6,790,N/A
2011,5,30,23,0,0,0,0,0.152,2.5,34.02,6,790,N/A
2011,5,30,23,30,0,0,0,0.152,2.5,36.46,5,790,N/A
2011,5,31,0,0,0,0,0,0.152,2.5,36.1,5,790,N/A
2011,5,31,0,30,0,0,0,0.152,2.5,38.71,5,790,N/A
2011,5,31,1,0,0,0,0,0.152,2.5,37.99,5,790,N/A
2011,5,31,1,30,0,0,0,0.152,2.5,37.99,4,790,N/A
2011,5,31,2,0,0,0,0,0.152,2.5,37.01,4,790,N/A
2011,5,31,2,30,0,0,0,0.152,2.4000000000000004,39.71,3,790,N/A
2011,5,31,3,0,0,0,0,0.152,2.4000000000000004,38.68,3,790,N/A
2011,5,31,3,30,0,0,0,0.152,2.3000000000000003,41.52,2,790,N/A
2011,5,31,4,0,0,0,0,0.152,2.2,40.22,2,790,N/A
2011,5,31,4,30,0,0,0,0.152,2.2,37.480000000000004,3,790,N/A
2011,5,31,5,0,11,92,13,0.152,2.3000000000000003,34.5,4,790,N/A
2011,5,31,5,30,36,446,87,0.152,2.6,30.03,6,790,N/A
2011,5,31,6,0,52,636,188,0.152,3,22.650000000000002,9,790,N/A
2011,5,31,6,30,64,755,299,0.152,2.6,19.830000000000002,11,790,N/A
2011,5,31,7,0,74,830,413,0.152,2.3000000000000003,12.21,14,790,N/A
2011,5,31,7,30,82,885,526,0.152,2.7,10.75,16,790,N/A
2011,5,31,8,0,87,927,634,0.152,3.1,6.94,18,790,N/A
2011,5,31,8,30,92,956,736,0.152,3.4000000000000004,6.5200000000000005,19,790,N/A
2011,5,31,9,0,95,980,828,0.152,3.7,6.47,21,790,N/A
2011,5,31,9,30,99,996,909,0.152,3.9000000000000004,6.09,21,790,N/A
2011,5,31,10,0,101,1010,978,0.152,4.1000000000000005,6.0600000000000005,22,790,N/A
2011,5,31,10,30,103,1018,1032,0.152,4.2,5.7,23,790,N/A
2011,5,31,11,0,101,1028,1072,0.152,4.4,5.65,24,790,N/A
2011,5,31,11,30,102,1030,1095,0.152,4.5,5.64,24,790,N/A
2011,5,31,12,0,103,1028,1102,0.152,4.7,5.62,25,790,N/A
2011,5,31,12,30,103,1024,1092,0.152,4.7,5.62,25,790,N/A
2011,5,31,13,0,103,1017,1066,0.152,4.800000000000001,5.65,26,790,N/A
2011,5,31,13,30,101,1008,1025,0.152,4.9,5.65,26,790,N/A
2011,5,31,14,0,101,993,969,0.152,5,6.0600000000000005,26,790,N/A
2011,5,31,14,30,98,978,899,0.152,5.1000000000000005,6.0600000000000005,26,790,N/A
2011,5,31,15,0,95,957,818,0.152,5.2,6.5200000000000005,26,790,N/A
2011,5,31,15,30,247,546,619,0.152,5.300000000000001,6.92,25,790,N/A
2011,5,31,16,0,85,904,627,0.152,5.5,7.46,25,790,N/A
2011,5,31,16,30,79,863,520,0.152,5.4,7.91,24,790,N/A
2011,5,31,17,0,71,809,410,0.152,5.4,8.52,24,790,N/A
2011,5,31,17,30,62,732,298,0.152,4.5,9.620000000000001,22,790,N/A
2011,5,31,18,0,51,617,189,0.152,3.6,11.35,21,790,N/A
2011,5,31,18,30,36,437,91,0.152,2.6,13.67,18,790,N/A
2011,5,31,19,0,13,133,17,0.152,1.6,17.36,16,790,N/A
2011,5,31,19,30,0,0,0,0.152,1.4000000000000001,19.75,15,790,N/A
2011,5,31,20,0,0,0,0,0.152,1.3,22.3,14,790,N/A
2011,5,31,20,30,0,0,0,0.152,1.3,22.3,13,790,N/A
2011,5,31,21,0,0,0,0,0.152,1.4000000000000001,22.67,13,790,N/A
2011,5,31,21,30,0,0,0,0.152,1.5,22.67,13,790,N/A
2011,5,31,22,0,0,0,0,0.152,1.6,23.31,13,790,N/A
2011,5,31,22,30,0,0,0,0.152,1.6,23.31,13,790,N/A
2011,5,31,23,0,0,0,0,0.152,1.7000000000000002,25.5,13,790,N/A
2011,5,31,23,30,0,0,0,0.152,1.8,27.22,12,790,N/A
2011,6,1,0,0,0,0,0,0.152,1.9000000000000001,36.31,12,790,N/A
2011,6,1,0,30,0,0,0,0.152,2.1,36.31,12,790,N/A
2011,6,1,1,0,0,0,0,0.152,2.4000000000000004,59.51,12,790,N/A
2011,6,1,1,30,0,0,0,0.152,2.2,59.5,12,790,N/A
2011,6,1,2,0,0,0,0,0.152,2.1,87.4,13,790,N/A
2011,6,1,2,30,0,0,0,0.152,1.7000000000000002,87.39,12,790,N/A
2011,6,1,3,0,0,0,0,0.152,1.4000000000000001,100,12,790,N/A
2011,6,1,3,30,0,0,0,0.152,1.2000000000000002,100,11,790,N/A
2011,6,1,4,0,0,0,0,0.152,1.1,100,11,790,N/A
2011,6,1,4,30,0,0,0,0.152,1,100,11,790,N/A
2011,6,1,5,0,7,0,7,0.152,1,100,12,790,N/A
2011,6,1,5,30,46,154,64,0.152,1.5,100,14,790,N/A
2011,6,1,6,0,83,308,149,0.152,2,88.4,16,790,N/A
2011,6,1,6,30,112,428,246,0.152,2.8000000000000003,82.92,17,790,N/A
2011,6,1,7,0,170,237,267,0.152,3.7,70.53,19,790,N/A
2011,6,1,7,30,230,229,345,0.152,4,66.26,20,790,N/A
2011,6,1,8,0,152,682,555,0.152,4.3,54.92,21,790,N/A
2011,6,1,8,30,162,723,649,0.152,4.5,51.660000000000004,22,790,N/A
2011,6,1,9,0,309,492,677,0.152,4.7,44.94,24,790,N/A
2011,6,1,9,30,342,529,773,0.152,5,42.31,24,790,N/A
2011,6,1,10,0,358,571,854,0.152,5.4,37.97,25,790,N/A
2011,6,1,10,30,478,409,851,0.152,5.800000000000001,35.77,26,790,N/A
2011,6,1,11,0,474,473,922,0.152,6.300000000000001,32.35,27,790,N/A
2011,6,1,11,30,531,404,921,0.152,6.7,30.5,28,790,N/A
2011,6,1,12,0,554,363,907,0.152,7.1000000000000005,27.16,29,790,N/A
2011,6,1,12,30,546,354,888,0.152,7.2,27.14,29,790,N/A
2011,6,1,13,0,509,221,719,0.152,7.300000000000001,25.53,29,780,N/A
2011,6,1,13,30,486,233,700,0.152,7,27.04,29,780,N/A
2011,6,1,14,0,410,53,457,0.152,6.800000000000001,25.73,29,780,N/A
2011,6,1,14,30,411,281,642,0.152,6.300000000000001,25.73,28,780,N/A
2011,6,1,15,0,369,283,583,0.152,5.9,24.27,28,780,N/A
2011,6,1,15,30,310,62,352,0.152,5.5,25.72,27,780,N/A
2011,6,1,16,0,219,473,504,0.152,5.1000000000000005,24.35,27,780,N/A
2011,6,1,16,30,221,285,368,0.152,4.7,25.82,26,780,N/A
2011,6,1,17,0,158,364,311,0.15,4.4,24.87,26,780,N/A
2011,6,1,17,30,96,470,248,0.15,3.4000000000000004,26.38,25,780,N/A
2011,6,1,18,0,83,188,126,0.15,2.4000000000000004,27.57,24,780,N/A
2011,6,1,18,30,49,49,55,0.15,1.7000000000000002,31.1,22,780,N/A
2011,6,1,19,0,8,0,8,0.15,1.1,32.85,21,780,N/A
2011,6,1,19,30,0,0,0,0.15,1.1,34.95,20,780,N/A
2011,6,1,20,0,0,0,0,0.15,1.1,34.82,19,780,N/A
2011,6,1,20,30,0,0,0,0.15,1.3,37.11,18,780,N/A
2011,6,1,21,0,0,0,0,0.15,1.6,36.13,18,780,N/A
2011,6,1,21,30,0,0,0,0.15,2.4000000000000004,36.14,17,780,N/A
2011,6,1,22,0,0,0,0,0.15,3.2,42.02,17,780,N/A
2011,6,1,22,30,0,0,0,0.15,3,44.76,16,780,N/A
2011,6,1,23,0,0,0,0,0.15,2.9000000000000004,53.54,16,780,N/A
2011,6,1,23,30,0,0,0,0.15,2.2,57.04,15,780,N/A
2011,6,2,0,0,0,0,0,0.15,1.5,63.11,15,780,N/A
2011,6,2,0,30,0,0,0,0.15,1.2000000000000002,67.3,14,780,N/A
2011,6,2,1,0,0,0,0,0.15,1,70.12,14,780,N/A
2011,6,2,1,30,0,0,0,0.15,0.9,74.81,14,780,N/A
2011,6,2,2,0,0,0,0,0.15,0.9,74.26,14,780,N/A
2011,6,2,2,30,0,0,0,0.15,0.9,74.26,13,780,N/A
2011,6,2,3,0,0,0,0,0.15,0.9,72.82000000000001,13,780,N/A
2011,6,2,3,30,0,0,0,0.15,1,72.82000000000001,13,780,N/A
2011,6,2,4,0,0,0,0,0.15,1.1,72.55,13,780,N/A
2011,6,2,4,30,0,0,0,0.15,1.2000000000000002,72.56,13,780,N/A
2011,6,2,5,0,3,0,3,0.15,1.3,69.66,14,780,N/A
2011,6,2,5,30,34,0,34,0.15,1.9000000000000001,65.32000000000001,15,780,N/A
2011,6,2,6,0,75,15,78,0.15,2.6,62.11,17,780,N/A
2011,6,2,6,30,124,201,187,0.15,2.9000000000000004,58.300000000000004,18,780,N/A
2011,6,2,7,0,132,7,135,0.15,3.3000000000000003,48.09,19,780,N/A
2011,6,2,7,30,220,80,260,0.15,3.7,45.2,20,780,N/A
2011,6,2,8,0,205,18,216,0.15,4.2,28.68,22,780,N/A
2011,6,2,8,30,303,60,344,0.15,4.6000000000000005,26.990000000000002,23,780,N/A
2011,6,2,9,0,316,429,638,0.15,5,19.2,25,780,N/A
2011,6,2,9,30,414,245,614,0.15,5.4,18.080000000000002,25,780,N/A
2011,6,2,10,0,415,345,716,0.15,5.800000000000001,15.4,26,780,N/A
2011,6,2,10,30,489,164,639,0.15,6,15.4,26,780,N/A
2011,6,2,11,0,508,217,714,0.15,6.300000000000001,13.82,27,780,N/A
2011,6,2,11,30,525,168,688,0.15,6.4,13.82,27,780,N/A
2011,6,2,12,0,530,158,684,0.15,6.5,13.84,27,780,N/A
2011,6,2,12,30,514,105,616,0.15,6.4,13.83,27,780,N/A
2011,6,2,13,0,452,51,501,0.15,6.4,14.040000000000001,27,780,N/A
2011,6,2,13,30,342,23,364,0.15,6.300000000000001,14.88,26,780,N/A
2011,6,2,14,0,308,21,326,0.15,6.300000000000001,14.68,26,780,N/A
2011,6,2,14,30,367,44,403,0.15,6.300000000000001,14.67,26,780,N/A
2011,6,2,15,0,300,29,322,0.15,6.300000000000001,13.65,26,780,N/A
2011,6,2,15,30,262,26,280,0.15,6.1000000000000005,13.65,26,780,N/A
2011,6,2,16,0,286,195,403,0.15,6,12.31,26,780,N/A
2011,6,2,16,30,203,35,221,0.15,5.5,13.05,25,780,N/A
2011,6,2,17,0,178,224,273,0.15,5.1000000000000005,11.69,25,780,N/A
2011,6,2,17,30,113,359,230,0.15,4.4,12.41,24,780,N/A
2011,6,2,18,0,86,257,145,0.15,3.7,12.290000000000001,23,780,N/A
2011,6,2,18,30,45,292,82,0.15,3,13.88,21,780,N/A
2011,6,2,19,0,14,0,14,0.15,2.4000000000000004,14.52,20,780,N/A
2011,6,2,19,30,0,0,0,0.15,2.1,15.450000000000001,19,780,N/A
2011,6,2,20,0,0,0,0,0.15,1.9000000000000001,16.64,18,780,N/A
2011,6,2,20,30,0,0,0,0.15,1.6,17.73,17,780,N/A
2011,6,2,21,0,0,0,0,0.15,1.4000000000000001,20.42,17,780,N/A
2011,6,2,21,30,0,0,0,0.15,1.2000000000000002,21.77,16,780,N/A
2011,6,2,22,0,0,0,0,0.15,1.2000000000000002,23.96,15,780,N/A
2011,6,2,22,30,0,0,0,0.15,1.2000000000000002,25.560000000000002,14,780,N/A
2011,6,2,23,0,0,0,0,0.15,1.2000000000000002,26.740000000000002,14,780,N/A
2011,6,2,23,30,0,0,0,0.15,1.1,28.54,13,780,N/A
2011,6,3,0,0,0,0,0,0.15,1.1,28.96,13,780,N/A
2011,6,3,0,30,0,0,0,0.15,1,30.92,12,780,N/A
2011,6,3,1,0,0,0,0,0.15,1,32.480000000000004,12,780,N/A
2011,6,3,1,30,0,0,0,0.15,0.9,34.72,11,780,N/A
2011,6,3,2,0,0,0,0,0.15,0.9,33.480000000000004,11,780,N/A
2011,6,3,2,30,0,0,0,0.15,0.8,33.49,10,780,N/A
2011,6,3,3,0,0,0,0,0.15,0.8,31.7,10,780,N/A
2011,6,3,3,30,0,0,0,0.15,0.8,31.7,10,780,N/A
2011,6,3,4,0,0,0,0,0.15,0.8,29.900000000000002,10,780,N/A
2011,6,3,4,30,0,0,0,0.15,0.7000000000000001,29.900000000000002,10,780,N/A
2011,6,3,5,0,8,56,9,0.15,0.7000000000000001,27.42,11,780,N/A
2011,6,3,5,30,39,284,72,0.15,0.7000000000000001,24.05,13,780,N/A
2011,6,3,6,0,62,480,166,0.15,0.8,20.3,15,780,N/A
2011,6,3,6,30,80,602,269,0.15,0.9,17.88,17,780,N/A
2011,6,3,7,0,91,704,380,0.15,1,13.19,20,780,N/A
2011,6,3,7,30,102,766,488,0.15,1.9000000000000001,12.4,21,780,N/A
2011,6,3,8,0,107,824,594,0.15,2.8000000000000003,11.49,22,780,N/A
2011,6,3,8,30,114,858,692,0.15,3.2,10.81,23,780,N/A
2011,6,3,9,0,119,887,783,0.15,3.7,10.57,24,780,N/A
2011,6,3,9,30,123,907,861,0.15,3.9000000000000004,10.57,25,780,N/A
2011,6,3,10,0,128,920,928,0.15,4.2,10.370000000000001,26,780,N/A
2011,6,3,10,30,131,931,981,0.15,4.3,9.78,26,780,N/A
2011,6,3,11,0,130,942,1021,0.15,4.5,9.5,27,780,N/A
2011,6,3,11,30,131,946,1045,0.15,4.5,9.5,27,780,N/A
2011,6,3,12,0,135,942,1052,0.15,4.6000000000000005,9.05,28,780,N/A
2011,6,3,12,30,135,940,1044,0.15,4.7,9.05,28,780,N/A
2011,6,3,13,0,133,935,1021,0.15,4.9,9.02,29,780,N/A
2011,6,3,13,30,132,927,984,0.15,5.1000000000000005,9.02,29,780,N/A
2011,6,3,14,0,439,425,812,0.15,5.300000000000001,8.42,29,780,N/A
2011,6,3,14,30,116,919,871,0.15,5.4,8.92,29,780,N/A
2011,6,3,15,0,246,17,260,0.15,5.5,8.74,29,780,N/A
2011,6,3,15,30,338,168,454,0.15,5.4,9.26,28,780,N/A
2011,6,3,16,0,253,44,280,0.15,5.4,9.18,28,780,N/A
2011,6,3,16,30,218,56,247,0.15,5.1000000000000005,9.73,27,780,N/A
2011,6,3,17,0,181,200,266,0.15,4.800000000000001,9.790000000000001,26,780,N/A
2011,6,3,17,30,74,0,74,0.15,3.8000000000000003,11.03,25,780,N/A
2011,6,3,18,0,73,339,151,0.15,2.8000000000000003,12.74,24,780,N/A
2011,6,3,18,30,53,143,71,0.15,2.2,14.4,22,780,N/A
2011,6,3,19,0,12,0,12,0.15,1.6,17.21,20,780,N/A
2011,6,3,19,30,0,0,0,0.15,1.4000000000000001,18.32,19,780,N/A
2011,6,3,20,0,0,0,0,0.15,1.2000000000000002,20.18,18,780,N/A
2011,6,3,20,30,0,0,0,0.15,1.1,21.5,17,780,N/A
2011,6,3,21,0,0,0,0,0.15,1,21.86,17,780,N/A
2011,6,3,21,30,0,0,0,0.15,0.9,23.3,16,780,N/A
2011,6,3,22,0,0,0,0,0.15,0.9,23.78,16,780,N/A
2011,6,3,22,30,0,0,0,0.15,0.8,25.36,15,780,N/A
2011,6,3,23,0,0,0,0,0.15,0.7000000000000001,25.580000000000002,15,780,N/A
2011,6,3,23,30,0,0,0,0.15,0.7000000000000001,25.580000000000002,15,780,N/A
2011,6,4,0,0,0,0,0,0.15,0.8,25.05,15,780,N/A
2011,6,4,0,30,0,0,0,0.15,0.9,26.72,14,780,N/A
2011,6,4,1,0,0,0,0,0.15,1,26.98,14,780,N/A
2011,6,4,1,30,0,0,0,0.15,1,28.79,13,780,N/A
2011,6,4,2,0,0,0,0,0.15,1.1,29.04,13,780,N/A
2011,6,4,2,30,0,0,0,0.15,1.2000000000000002,31.01,12,780,N/A
2011,6,4,3,0,0,0,0,0.15,1.3,32.56,12,790,N/A
2011,6,4,3,30,0,0,0,0.15,1.3,34.79,11,790,N/A
2011,6,4,4,0,0,0,0,0.15,1.3,37.2,11,790,N/A
2011,6,4,4,30,0,0,0,0.15,1.2000000000000002,37.22,11,790,N/A
2011,6,4,5,0,5,20,5,0.15,1.1,41.25,11,790,N/A
2011,6,4,5,30,41,147,59,0.15,1.3,36.18,13,790,N/A
2011,6,4,6,0,82,284,143,0.15,1.5,33.83,16,790,N/A
2011,6,4,6,30,116,394,240,0.15,1.9000000000000001,29.79,18,790,N/A
2011,6,4,7,0,140,498,344,0.15,2.4000000000000004,20.87,20,790,N/A
2011,6,4,7,30,161,568,447,0.15,2.5,19.63,22,790,N/A
2011,6,4,8,0,172,639,551,0.15,2.7,14.09,24,790,N/A
2011,6,4,8,30,186,682,647,0.15,2.8000000000000003,13.27,25,790,N/A
2011,6,4,9,0,192,727,737,0.15,2.9000000000000004,11.32,26,790,N/A
2011,6,4,9,30,201,753,815,0.15,3,11.32,27,790,N/A
2011,6,4,10,0,205,779,883,0.15,3.1,10.76,28,790,N/A
2011,6,4,10,30,211,794,937,0.15,3.1,10.15,28,790,N/A
2011,6,4,11,0,131,934,1015,0.15,3.2,9.74,29,790,N/A
2011,6,4,11,30,133,939,1040,0.15,3.3000000000000003,9.73,29,790,N/A
2011,6,4,12,0,137,935,1047,0.15,3.4000000000000004,9.91,30,790,N/A
2011,6,4,12,30,137,933,1041,0.15,3.4000000000000004,9.91,30,790,N/A
2011,6,4,13,0,141,921,1016,0.15,3.5,9.540000000000001,30,790,N/A
2011,6,4,13,30,139,913,978,0.15,3.5,9.53,30,790,N/A
2011,6,4,14,0,143,891,923,0.15,3.5,9.68,30,790,N/A
2011,6,4,14,30,139,874,858,0.15,3.4000000000000004,10.25,29,790,N/A
2011,6,4,15,0,142,837,777,0.15,3.3000000000000003,10.3,29,790,N/A
2011,6,4,15,30,135,808,689,0.15,3.1,10.91,28,790,N/A
2011,6,4,16,0,193,576,541,0.15,3,11.120000000000001,28,790,N/A
2011,6,4,16,30,124,0,124,0.15,2.8000000000000003,11.790000000000001,27,790,N/A
2011,6,4,17,0,81,707,381,0.15,2.7,12.41,27,790,N/A
2011,6,4,17,30,74,601,271,0.15,1.9000000000000001,13.96,25,790,N/A
2011,6,4,18,0,66,487,179,0.15,1.1,21,23,790,N/A
2011,6,4,18,30,44,317,86,0.15,1.2000000000000002,23.71,21,790,N/A
2011,6,4,19,0,14,82,17,0.15,1.3,30.55,20,790,N/A
2011,6,4,19,30,0,0,0,0.15,1.8,32.54,19,790,N/A
2011,6,4,20,0,0,0,0,0.15,2.3000000000000003,43.26,18,790,N/A
2011,6,4,20,30,0,0,0,0.15,3,46.11,17,790,N/A
2011,6,4,21,0,0,0,0,0.15,3.8000000000000003,59.74,16,790,N/A
2011,6,4,21,30,0,0,0,0.15,3.5,63.7,15,790,N/A
2011,6,4,22,0,0,0,0,0.15,3.3000000000000003,79.92,15,790,N/A
2011,6,4,22,30,0,0,0,0.15,2.6,85.28,14,790,N/A
2011,6,4,23,0,0,0,0,0.15,2,88.65,13,790,N/A
2011,6,4,23,30,0,0,0,0.15,1.6,94.63,12,790,N/A
2011,6,5,0,0,0,0,0,0.15,1.2000000000000002,92.94,12,790,N/A
2011,6,5,0,30,0,0,0,0.15,1.1,99.27,12,790,N/A
2011,6,5,1,0,0,0,0,0.15,1,96.66,12,790,N/A
2011,6,5,1,30,0,0,0,0.15,1,96.65,12,790,N/A
2011,6,5,2,0,0,0,0,0.15,1.1,93.88,12,790,N/A
2011,6,5,2,30,0,0,0,0.15,1.1,93.88,12,790,N/A
2011,6,5,3,0,0,0,0,0.15,1.1,91.02,12,790,N/A
2011,6,5,3,30,0,0,0,0.15,1.1,91.03,12,790,N/A
2011,6,5,4,0,0,0,0,0.15,1.1,88.48,12,790,N/A
2011,6,5,4,30,0,0,0,0.15,1,88.5,12,790,N/A
2011,6,5,5,0,8,31,8,0.15,1,82.10000000000001,13,790,N/A
2011,6,5,5,30,43,205,67,0.15,1.4000000000000001,72.08,14,790,N/A
2011,6,5,6,0,74,360,153,0.15,1.8,62.99,16,790,N/A
2011,6,5,6,30,99,480,250,0.15,1.7000000000000002,55.53,18,790,N/A
2011,6,5,7,0,118,574,354,0.15,1.6,44.26,20,790,N/A
2011,6,5,7,30,133,644,458,0.15,1.8,41.62,21,790,N/A
2011,6,5,8,0,147,694,559,0.15,2.1,32.230000000000004,23,790,N/A
2011,6,5,8,30,158,736,655,0.15,2.1,30.35,24,790,N/A
2011,6,5,9,0,166,772,744,0.15,2.2,25.3,25,790,N/A
2011,6,5,9,30,173,798,823,0.15,2.2,23.84,26,790,N/A
2011,6,5,10,0,177,820,891,0.15,2.3000000000000003,20.1,27,790,N/A
2011,6,5,10,30,181,835,945,0.15,2.4000000000000004,18.95,28,790,N/A
2011,6,5,11,0,216,795,969,0.15,2.5,16.1,29,790,N/A
2011,6,5,11,30,219,802,994,0.15,2.6,16.09,29,790,N/A
2011,6,5,12,0,211,817,1007,0.15,2.7,13.780000000000001,30,790,N/A
2011,6,5,12,30,211,815,1001,0.15,2.8000000000000003,13.780000000000001,30,790,N/A
2011,6,5,13,0,205,817,982,0.15,2.9000000000000004,12.64,30,790,N/A
2011,6,5,13,30,202,807,945,0.15,2.9000000000000004,12.63,30,790,N/A
2011,6,5,14,0,214,766,886,0.15,3,11.86,30,790,N/A
2011,6,5,14,30,207,747,822,0.15,2.9000000000000004,12.55,30,790,N/A
2011,6,5,15,0,190,738,751,0.15,2.9000000000000004,12.07,30,790,N/A
2011,6,5,15,30,180,706,664,0.15,2.7,12.780000000000001,29,790,N/A
2011,6,5,16,0,189,589,546,0.15,2.5,12.530000000000001,29,780,N/A
2011,6,5,16,30,137,625,461,0.15,2.8000000000000003,13.280000000000001,28,780,N/A
2011,6,5,17,0,175,266,289,0.15,3.2,13.42,27,780,N/A
2011,6,5,17,30,114,14,119,0.15,4.4,15.11,25,780,N/A
2011,6,5,18,0,88,81,107,0.15,5.7,21.54,24,790,N/A
2011,6,5,18,30,47,21,49,0.15,6.2,24.34,22,790,N/A
2011,6,5,19,0,6,0,6,0.15,6.7,35.96,20,790,N/A
2011,6,5,19,30,0,0,0,0.15,5.7,38.29,19,790,N/A
2011,6,5,20,0,0,0,0,0.15,4.7,49.480000000000004,18,790,N/A
2011,6,5,20,30,0,0,0,0.15,3.5,49.480000000000004,17,790,N/A
2011,6,5,21,0,0,0,0,0.15,2.3000000000000003,51.77,17,790,N/A
2011,6,5,21,30,0,0,0,0.15,1.5,55.14,16,790,N/A
2011,6,5,22,0,0,0,0,0.15,0.7000000000000001,54.120000000000005,16,790,N/A
2011,6,5,22,30,0,0,0,0.15,0.5,54.09,16,790,N/A
2011,6,5,23,0,0,0,0,0.15,0.4,52,16,790,N/A
2011,6,5,23,30,0,0,0,0.15,0.6000000000000001,51.980000000000004,16,790,N/A
2011,6,6,0,0,0,0,0,0.15,0.8,49.79,16,790,N/A
2011,6,6,0,30,0,0,0,0.15,0.9,53.07,15,790,N/A
2011,6,6,1,0,0,0,0,0.15,1.1,51.61,15,780,N/A
2011,6,6,1,30,0,0,0,0.15,1.1,55.050000000000004,14,780,N/A
2011,6,6,2,0,0,0,0,0.15,1.1,59.02,14,780,N/A
2011,6,6,2,30,0,0,0,0.15,1,63.01,13,780,N/A
2011,6,6,3,0,0,0,0,0.15,1,63.95,12,780,N/A
2011,6,6,3,30,0,0,0,0.15,0.9,68.31,12,780,N/A
2011,6,6,4,0,0,0,0,0.15,0.9,68.43,12,790,N/A
2011,6,6,4,30,0,0,0,0.15,0.6000000000000001,68.44,12,790,N/A
2011,6,6,5,0,5,21,6,0.15,0.4,65.28,12,790,N/A
2011,6,6,5,30,42,140,58,0.15,0.2,61.15,13,790,N/A
2011,6,6,6,0,82,272,141,0.15,0.1,54.06,15,790,N/A
2011,6,6,6,30,117,378,236,0.15,0.9,47.6,17,790,N/A
2011,6,6,7,0,144,466,336,0.15,1.8,40.230000000000004,19,790,N/A
2011,6,6,7,30,167,535,437,0.15,2.4000000000000004,37.81,21,790,N/A
2011,6,6,8,0,183,597,537,0.15,3,31.73,23,790,N/A
2011,6,6,8,30,198,641,631,0.15,3.1,29.86,24,790,N/A
2011,6,6,9,0,200,697,723,0.15,3.2,25.46,25,780,N/A
2011,6,6,9,30,210,724,800,0.15,3.4000000000000004,23.990000000000002,26,780,N/A
2011,6,6,10,0,199,777,875,0.15,3.6,21.38,27,780,N/A
2011,6,6,10,30,204,792,928,0.15,3.8000000000000003,21.37,27,780,N/A
2011,6,6,11,0,203,810,970,0.15,4.1000000000000005,18.77,28,780,N/A
2011,6,6,11,30,205,817,995,0.15,4.3,18.76,29,780,N/A
2011,6,6,12,0,170,873,1021,0.15,4.5,16.34,30,780,N/A
2011,6,6,12,30,170,873,1016,0.15,4.6000000000000005,16.330000000000002,30,780,N/A
2011,6,6,13,0,140,913,1009,0.15,4.800000000000001,14.22,30,780,N/A
2011,6,6,13,30,138,906,972,0.15,4.9,14.22,30,780,N/A
2011,6,6,14,0,139,889,920,0.15,5,12.85,30,780,N/A
2011,6,6,14,30,136,873,856,0.15,5,12.85,30,780,N/A
2011,6,6,15,0,295,556,718,0.15,5.1000000000000005,11.69,30,780,N/A
2011,6,6,15,30,327,278,518,0.15,5.1000000000000005,12.370000000000001,29,780,N/A
2011,6,6,16,0,205,541,533,0.15,5.2,11.74,29,780,N/A
2011,6,6,16,30,167,583,470,0.15,5.2,12.43,28,780,N/A
2011,6,6,17,0,180,402,352,0.15,5.300000000000001,12.700000000000001,28,780,N/A
2011,6,6,17,30,143,322,250,0.15,4.6000000000000005,13.47,26,780,N/A
2011,6,6,18,0,101,191,146,0.15,4,14.02,25,780,N/A
2011,6,6,18,30,48,99,61,0.15,3.2,15.8,23,780,N/A
2011,6,6,19,0,7,0,7,0.15,2.5,17.84,21,780,N/A
2011,6,6,19,30,0,0,0,0.15,2.2,18.98,20,780,N/A
2011,6,6,20,0,0,0,0,0.15,1.9000000000000001,19.59,19,780,N/A
2011,6,6,20,30,0,0,0,0.15,1.7000000000000002,22.21,18,780,N/A
2011,6,6,21,0,0,0,0,0.15,1.6,23.78,17,780,N/A
2011,6,6,21,30,0,0,0,0.15,1.7000000000000002,25.35,16,780,N/A
2011,6,6,22,0,0,0,0,0.15,1.8,24.8,16,780,N/A
2011,6,6,22,30,0,0,0,0.15,2,26.45,15,780,N/A
2011,6,6,23,0,0,0,0,0.15,2.2,25.77,15,780,N/A
2011,6,6,23,30,0,0,0,0.15,2.2,25.77,14,780,N/A
2011,6,7,0,0,0,0,0,0.15,2.3000000000000003,25.55,14,780,N/A
2011,6,7,0,30,0,0,0,0.15,2.1,27.26,13,780,N/A
2011,6,7,1,0,0,0,0,0.15,2,29.35,13,780,N/A
2011,6,7,1,30,0,0,0,0.15,1.7000000000000002,31.35,12,780,N/A
2011,6,7,2,0,0,0,0,0.15,1.5,31.720000000000002,11,780,N/A
2011,6,7,2,30,0,0,0,0.15,1.3,33.9,10,780,N/A
2011,6,7,3,0,0,0,0,0.15,1.2000000000000002,33.68,10,780,N/A
2011,6,7,3,30,0,0,0,0.15,1.2000000000000002,36.02,9,780,N/A
2011,6,7,4,0,0,0,0,0.15,1.2000000000000002,35.21,9,780,N/A
2011,6,7,4,30,0,0,0,0.15,1.2000000000000002,35.21,9,780,N/A
2011,6,7,5,0,11,116,14,0.15,1.2000000000000002,32.81,10,780,N/A
2011,6,7,5,30,35,419,85,0.15,1.7000000000000002,28.740000000000002,12,780,N/A
2011,6,7,6,0,52,609,184,0.15,2.2,22.3,14,780,N/A
2011,6,7,6,30,64,724,292,0.15,2.3000000000000003,19.61,16,780,N/A
2011,6,7,7,0,72,806,404,0.15,2.4000000000000004,13.94,18,780,N/A
2011,6,7,7,30,80,860,514,0.15,2.8000000000000003,13.09,19,780,N/A
2011,6,7,8,0,83,907,621,0.15,3.3000000000000003,10.72,21,780,N/A
2011,6,7,8,30,88,936,721,0.15,3.7,10.09,22,780,N/A
2011,6,7,9,0,91,961,812,0.15,4.1000000000000005,9.59,23,780,N/A
2011,6,7,9,30,95,978,892,0.15,4.3,9.59,23,780,N/A
2011,6,7,10,0,97,991,960,0.15,4.5,9.290000000000001,24,780,N/A
2011,6,7,10,30,99,1001,1015,0.15,4.4,8.75,25,780,N/A
2011,6,7,11,0,103,1004,1054,0.15,4.4,8.290000000000001,26,780,N/A
2011,6,7,11,30,104,1007,1078,0.15,4.3,8.290000000000001,26,780,N/A
2011,6,7,12,0,107,1003,1085,0.15,4.2,7.76,27,780,N/A
2011,6,7,12,30,107,1001,1078,0.15,4,7.76,27,780,N/A
2011,6,7,13,0,110,990,1052,0.15,3.9000000000000004,7.7,28,780,N/A
2011,6,7,13,30,109,983,1014,0.15,3.8000000000000003,7.7,28,780,N/A
2011,6,7,14,0,115,957,957,0.15,3.7,7.12,28,780,N/A
2011,6,7,14,30,112,943,890,0.15,3.6,7.12,28,780,N/A
2011,6,7,15,0,110,920,811,0.15,3.6,6.82,28,780,N/A
2011,6,7,15,30,105,896,722,0.15,3.6,6.8100000000000005,28,780,N/A
2011,6,7,16,0,102,854,622,0.15,3.6,6.4,28,780,N/A
2011,6,7,16,30,95,812,518,0.15,3.5,6.78,27,780,N/A
2011,6,7,17,0,87,748,408,0.15,3.4000000000000004,6.8100000000000005,27,780,N/A
2011,6,7,17,30,76,671,299,0.15,2.5,7.66,25,780,N/A
2011,6,7,18,0,63,541,191,0.15,1.6,10.78,23,780,N/A
2011,6,7,18,30,42,377,94,0.15,1.5,12.97,20,780,N/A
2011,6,7,19,0,14,125,19,0.15,1.4000000000000001,16.67,17,780,N/A
2011,6,7,19,30,0,0,0,0.15,1.4000000000000001,17.77,16,780,N/A
2011,6,7,20,0,0,0,0,0.15,1.5,18.47,15,780,N/A
2011,6,7,20,30,0,0,0,0.15,1.5,19.71,14,780,N/A
2011,6,7,21,0,0,0,0,0.15,1.5,19.42,14,780,N/A
2011,6,7,21,30,0,0,0,0.15,1.4000000000000001,20.73,13,780,N/A
2011,6,7,22,0,0,0,0,0.15,1.4000000000000001,20.27,13,780,N/A
2011,6,7,22,30,0,0,0,0.15,1.4000000000000001,21.64,12,780,N/A
2011,6,7,23,0,0,0,0,0.15,1.4000000000000001,20.81,12,780,N/A
2011,6,7,23,30,0,0,0,0.15,1.4000000000000001,22.23,12,780,N/A
2011,6,8,0,0,0,0,0,0.15,1.5,21.54,12,780,N/A
2011,6,8,0,30,0,0,0,0.15,1.5,21.54,11,780,N/A
2011,6,8,1,0,0,0,0,0.15,1.6,21.240000000000002,11,780,N/A
2011,6,8,1,30,0,0,0,0.15,1.5,22.7,10,780,N/A
2011,6,8,2,0,0,0,0,0.15,1.4000000000000001,23.05,10,780,N/A
2011,6,8,2,30,0,0,0,0.15,1.3,24.650000000000002,9,780,N/A
2011,6,8,3,0,0,0,0,0.15,1.3,25.41,9,780,N/A
2011,6,8,3,30,0,0,0,0.15,1.3,27.19,8,780,N/A
2011,6,8,4,0,0,0,0,0.15,1.3,27.61,8,780,N/A
2011,6,8,4,30,0,0,0,0.15,1.2000000000000002,25.810000000000002,9,780,N/A
2011,6,8,5,0,9,90,12,0.15,1.2000000000000002,25.57,10,780,N/A
2011,6,8,5,30,38,346,79,0.15,1.6,22.400000000000002,12,780,N/A
2011,6,8,6,0,54,583,180,0.15,2.1,17.400000000000002,15,780,N/A
2011,6,8,6,30,67,695,287,0.15,1.5,15.32,17,780,N/A
2011,6,8,7,0,71,803,401,0.15,0.9,11.51,20,780,N/A
2011,6,8,7,30,78,855,510,0.15,2.2,10.83,22,780,N/A
2011,6,8,8,0,83,897,615,0.15,3.5,9.92,24,780,N/A
2011,6,8,8,30,88,925,713,0.15,3.9000000000000004,9.34,24,780,N/A
2011,6,8,9,0,97,937,800,0.15,4.3,9.81,25,780,N/A
2011,6,8,9,30,101,954,879,0.15,4.4,9.81,26,780,N/A
2011,6,8,10,0,118,942,939,0.15,4.5,9.89,27,780,N/A
2011,6,8,10,30,121,953,992,0.15,4.5,9.32,27,780,N/A
2011,6,8,11,0,149,918,1019,0.15,4.6000000000000005,9.02,28,780,N/A
2011,6,8,11,30,150,922,1043,0.15,4.6000000000000005,9.02,28,780,N/A
2011,6,8,12,0,153,918,1049,0.15,4.7,9.040000000000001,29,780,N/A
2011,6,8,12,30,153,916,1042,0.15,4.800000000000001,9.03,29,780,N/A
2011,6,8,13,0,146,919,1022,0.15,4.9,8.51,29,780,N/A
2011,6,8,13,30,144,910,984,0.15,5.1000000000000005,8.51,29,780,N/A
2011,6,8,14,0,124,927,940,0.15,5.300000000000001,8.46,30,780,N/A
2011,6,8,14,30,121,912,875,0.15,5.4,8.46,29,780,N/A
2011,6,8,15,0,131,865,791,0.15,5.6000000000000005,8.25,29,780,N/A
2011,6,8,15,30,126,838,704,0.15,5.7,8.73,29,780,N/A
2011,6,8,16,0,146,737,595,0.15,5.9,8.21,29,780,N/A
2011,6,8,16,30,134,690,494,0.15,5.800000000000001,8.700000000000001,28,780,N/A
2011,6,8,17,0,129,588,382,0.15,5.7,7.88,27,780,N/A
2011,6,8,17,30,126,288,222,0.15,4.7,8.870000000000001,25,780,N/A
2011,6,8,18,0,84,254,144,0.15,3.8000000000000003,8.94,24,780,N/A
2011,6,8,18,30,49,250,84,0.15,3,10.72,21,780,N/A
2011,6,8,19,0,12,65,15,0.15,2.2,12.11,19,780,N/A
2011,6,8,19,30,0,0,0,0.15,2,13.73,18,780,N/A
2011,6,8,20,0,0,0,0,0.15,1.8,13.92,17,780,N/A
2011,6,8,20,30,0,0,0,0.15,1.6,14.85,16,780,N/A
2011,6,8,21,0,0,0,0,0.15,1.5,15.52,15,780,N/A
2011,6,8,21,30,0,0,0,0.15,1.5,16.56,14,780,N/A
2011,6,8,22,0,0,0,0,0.15,1.5,16.32,14,780,N/A
2011,6,8,22,30,0,0,0,0.15,1.4000000000000001,17.42,13,780,N/A
2011,6,8,23,0,0,0,0,0.15,1.4000000000000001,17.990000000000002,13,780,N/A
2011,6,8,23,30,0,0,0,0.15,1.4000000000000001,19.21,12,780,N/A
2011,6,9,0,0,0,0,0,0.15,1.5,20.580000000000002,12,780,N/A
2011,6,9,0,30,0,0,0,0.15,1.4000000000000001,21.990000000000002,11,780,N/A
2011,6,9,1,0,0,0,0,0.15,1.4000000000000001,24,11,780,N/A
2011,6,9,1,30,0,0,0,0.15,1.4000000000000001,25.67,10,780,N/A
2011,6,9,2,0,0,0,0,0.15,1.4000000000000001,27.34,10,780,N/A
2011,6,9,2,30,0,0,0,0.15,1.3,29.25,9,780,N/A
2011,6,9,3,0,0,0,0,0.15,1.3,30.68,9,780,N/A
2011,6,9,3,30,0,0,0,0.15,1.3,32.84,8,780,N/A
2011,6,9,4,0,0,0,0,0.15,1.3,33.86,8,780,N/A
2011,6,9,4,30,0,0,0,0.15,1.3,31.63,8,780,N/A
2011,6,9,5,0,12,134,15,0.15,1.3,30.96,9,780,N/A
2011,6,9,5,30,34,457,89,0.15,1.7000000000000002,27.09,11,780,N/A
2011,6,9,6,0,49,642,189,0.15,2.1,22.8,13,780,N/A
2011,6,9,6,30,60,756,298,0.15,2.4000000000000004,20.04,15,780,N/A
2011,6,9,7,0,68,832,411,0.15,2.7,14.280000000000001,18,780,N/A
2011,6,9,7,30,75,886,523,0.15,3.1,13.41,19,780,N/A
2011,6,9,8,0,80,928,631,0.15,3.5,9.85,20,780,N/A
2011,6,9,8,30,85,958,732,0.15,3.8000000000000003,9.26,21,780,N/A
2011,6,9,9,0,89,981,824,0.15,4.1000000000000005,8.16,22,780,N/A
2011,6,9,9,30,92,998,906,0.15,4.3,8.16,23,780,N/A
2011,6,9,10,0,94,1012,975,0.15,4.5,7.48,24,780,N/A
2011,6,9,10,30,96,1021,1030,0.15,4.6000000000000005,7.04,24,780,N/A
2011,6,9,11,0,98,1026,1070,0.15,4.7,6.49,25,780,N/A
2011,6,9,11,30,99,1029,1095,0.15,4.7,6.49,25,780,N/A
2011,6,9,12,0,101,1027,1103,0.15,4.7,6,26,780,N/A
2011,6,9,12,30,101,1025,1096,0.15,4.7,6,26,780,N/A
2011,6,9,13,0,102,1017,1071,0.15,4.7,5.49,27,780,N/A
2011,6,9,13,30,101,1010,1033,0.15,4.6000000000000005,5.49,27,780,N/A
2011,6,9,14,0,101,995,978,0.15,4.6000000000000005,5.33,27,780,N/A
2011,6,9,14,30,99,982,911,0.15,4.5,5.33,27,780,N/A
2011,6,9,15,0,98,959,830,0.15,4.4,5.23,27,780,N/A
2011,6,9,15,30,93,936,740,0.15,4.2,5.54,26,780,N/A
2011,6,9,16,0,93,894,638,0.15,4,5.47,26,780,N/A
2011,6,9,16,30,86,854,533,0.15,3.7,5.8,25,780,N/A
2011,6,9,17,0,84,778,419,0.151,3.4000000000000004,5.76,25,780,N/A
2011,6,9,17,30,73,701,308,0.151,2.4000000000000004,6.49,23,780,N/A
2011,6,9,18,0,65,553,196,0.151,1.5,8.51,21,780,N/A
2011,6,9,18,30,44,388,99,0.151,1.4000000000000001,10.25,18,780,N/A
2011,6,9,19,0,16,123,22,0.151,1.4000000000000001,14.11,16,780,N/A
2011,6,9,19,30,0,0,0,0.151,1.4000000000000001,15.05,15,780,N/A
2011,6,9,20,0,0,0,0,0.151,1.5,16.2,14,780,N/A
2011,6,9,20,30,0,0,0,0.151,1.5,17.29,13,780,N/A
2011,6,9,21,0,0,0,0,0.151,1.5,19.150000000000002,13,780,N/A
2011,6,9,21,30,0,0,0,0.151,1.5,20.46,12,780,N/A
2011,6,9,22,0,0,0,0,0.151,1.6,21.38,12,780,N/A
2011,6,9,22,30,0,0,0,0.151,1.6,22.85,11,780,N/A
2011,6,9,23,0,0,0,0,0.151,1.7000000000000002,23.98,11,780,N/A
2011,6,9,23,30,0,0,0,0.151,1.7000000000000002,23.98,10,780,N/A
2011,6,10,0,0,0,0,0,0.151,1.7000000000000002,25.45,10,780,N/A
2011,6,10,0,30,0,0,0,0.151,1.7000000000000002,27.22,9,780,N/A
2011,6,10,1,0,0,0,0,0.151,1.7000000000000002,28.93,9,780,N/A
2011,6,10,1,30,0,0,0,0.151,1.6,28.93,9,780,N/A
2011,6,10,2,0,0,0,0,0.151,1.6,30.03,9,780,N/A
2011,6,10,2,30,0,0,0,0.151,1.6,32.13,8,780,N/A
2011,6,10,3,0,0,0,0,0.151,1.6,32.58,8,780,N/A
2011,6,10,3,30,0,0,0,0.151,1.6,34.88,8,780,N/A
2011,6,10,4,0,0,0,0,0.151,1.6,34.97,8,780,N/A
2011,6,10,4,30,0,0,0,0.151,1.6,32.67,8,780,N/A
2011,6,10,5,0,9,65,11,0.151,1.7000000000000002,31.25,9,780,N/A
2011,6,10,5,30,41,291,76,0.151,2.2,27.35,11,780,N/A
2011,6,10,6,0,65,484,171,0.151,2.8000000000000003,21.94,14,780,N/A
2011,6,10,6,30,85,604,275,0.151,2.5,19.3,16,780,N/A
2011,6,10,7,0,95,707,386,0.151,2.2,13.43,19,780,N/A
2011,6,10,7,30,107,769,495,0.151,2.1,12.63,21,780,N/A
2011,6,10,8,0,109,836,605,0.151,2.1,9.39,23,780,N/A
2011,6,10,8,30,116,871,704,0.151,1.9000000000000001,8.84,24,780,N/A
2011,6,10,9,0,118,905,797,0.151,1.8,8.1,25,780,N/A
2011,6,10,9,30,123,925,877,0.151,1.8,7.63,25,780,N/A
2011,6,10,10,0,124,945,947,0.151,1.9000000000000001,7.04,26,780,N/A
2011,6,10,10,30,127,956,1002,0.151,2,7.04,26,780,N/A
2011,6,10,11,0,130,961,1041,0.151,2.3000000000000003,6.48,27,780,N/A
2011,6,10,11,30,131,966,1066,0.151,2.5,6.48,27,780,N/A
2011,6,10,12,0,131,969,1076,0.151,2.7,5.97,28,780,N/A
2011,6,10,12,30,131,967,1070,0.151,2.8000000000000003,5.97,28,780,N/A
2011,6,10,13,0,129,963,1047,0.151,2.9000000000000004,5.87,29,780,N/A
2011,6,10,13,30,127,956,1010,0.151,2.9000000000000004,5.87,29,780,N/A
2011,6,10,14,0,113,966,963,0.151,2.9000000000000004,5.79,29,780,N/A
2011,6,10,14,30,110,952,898,0.151,2.8000000000000003,5.78,28,780,N/A
2011,6,10,15,0,107,931,819,0.151,2.8000000000000003,5.66,28,780,N/A
2011,6,10,15,30,102,907,730,0.151,2.7,6,27,780,N/A
2011,6,10,16,0,97,874,632,0.151,2.7,5.88,27,780,N/A
2011,6,10,16,30,91,833,527,0.151,2.6,6.24,26,780,N/A
2011,6,10,17,0,82,778,419,0.151,2.6,6.23,26,780,N/A
2011,6,10,17,30,72,703,309,0.151,1.9000000000000001,7.0200000000000005,24,780,N/A
2011,6,10,18,0,60,593,201,0.151,1.2000000000000002,10.16,22,780,N/A
2011,6,10,18,30,42,430,103,0.151,1.1,12.22,20,780,N/A
2011,6,10,19,0,17,172,25,0.151,1.1,15.870000000000001,18,780,N/A
2011,6,10,19,30,0,0,0,0.151,1.1,16.92,17,780,N/A
2011,6,10,20,0,0,0,0,0.151,1.2000000000000002,17.330000000000002,16,780,N/A
2011,6,10,20,30,0,0,0,0.151,1.2000000000000002,18.47,15,780,N/A
2011,6,10,21,0,0,0,0,0.151,1.4000000000000001,20.650000000000002,15,780,N/A
2011,6,10,21,30,0,0,0,0.151,1.5,22.03,14,780,N/A
2011,6,10,22,0,0,0,0,0.151,1.7000000000000002,25.92,13,780,N/A
2011,6,10,22,30,0,0,0,0.151,1.9000000000000001,25.92,12,780,N/A
2011,6,10,23,0,0,0,0,0.151,2.2,29.89,12,780,N/A
2011,6,10,23,30,0,0,0,0.151,2.6,31.92,12,780,N/A
2011,6,11,0,0,0,0,0,0.151,3,38.09,12,780,N/A
2011,6,11,0,30,0,0,0,0.151,3.1,38.09,11,780,N/A
2011,6,11,1,0,0,0,0,0.151,3.3000000000000003,44.83,11,780,N/A
2011,6,11,1,30,0,0,0,0.151,2.9000000000000004,47.92,10,780,N/A
2011,6,11,2,0,0,0,0,0.151,2.6,54.01,10,780,N/A
2011,6,11,2,30,0,0,0,0.151,2.4000000000000004,57.75,10,780,N/A
2011,6,11,3,0,0,0,0,0.151,2.2,63.9,10,780,N/A
2011,6,11,3,30,0,0,0,0.151,2.1,63.9,9,780,N/A
2011,6,11,4,0,0,0,0,0.151,2,70.01,9,780,N/A
2011,6,11,4,30,0,0,0,0.151,2.1,65.47,10,780,N/A
2011,6,11,5,0,7,35,8,0.151,2.3000000000000003,66.17,11,780,N/A
2011,6,11,5,30,42,199,66,0.151,2.7,61.940000000000005,12,780,N/A
2011,6,11,6,0,75,366,154,0.151,3.1,60.15,14,780,N/A
2011,6,11,6,30,100,484,253,0.151,2.7,52.9,16,780,N/A
2011,6,11,7,0,116,594,361,0.151,2.3000000000000003,43.67,18,780,N/A
2011,6,11,7,30,132,663,467,0.151,2,38.56,20,780,N/A
2011,6,11,8,0,130,755,578,0.151,1.8,23.85,22,780,N/A
2011,6,11,8,30,140,795,676,0.151,2.1,22.44,23,780,N/A
2011,6,11,9,0,140,841,770,0.151,2.5,16.89,24,780,N/A
2011,6,11,9,30,146,865,851,0.151,2.8000000000000003,15.91,25,780,N/A
2011,6,11,10,0,143,896,923,0.151,3.2,13.05,26,780,N/A
2011,6,11,10,30,147,909,979,0.151,3.5,13.05,26,780,N/A
2011,6,11,11,0,123,959,1033,0.151,3.8000000000000003,10.88,27,780,N/A
2011,6,11,11,30,124,965,1059,0.151,4,10.88,27,780,N/A
2011,6,11,12,0,124,971,1071,0.151,4.3,8.93,28,780,N/A
2011,6,11,12,30,123,971,1067,0.151,4.4,8.93,28,780,N/A
2011,6,11,13,0,119,975,1048,0.151,4.6000000000000005,7.69,29,780,N/A
2011,6,11,13,30,117,969,1012,0.151,4.5,7.68,29,780,N/A
2011,6,11,14,0,111,966,963,0.151,4.5,6.73,29,780,N/A
2011,6,11,14,30,108,953,899,0.151,4.2,6.73,28,780,N/A
2011,6,11,15,0,106,934,821,0.151,4,6.08,28,780,N/A
2011,6,11,15,30,101,911,732,0.151,3.7,6.44,27,780,N/A
2011,6,11,16,0,100,870,633,0.151,3.4000000000000004,6.01,27,780,N/A
2011,6,11,16,30,92,829,528,0.151,3.1,6.38,26,780,N/A
2011,6,11,17,0,88,757,416,0.151,2.9000000000000004,6.140000000000001,26,780,N/A
2011,6,11,17,30,77,680,307,0.151,2,6.92,24,780,N/A
2011,6,11,18,0,66,545,197,0.151,1.2000000000000002,9.56,22,780,N/A
2011,6,11,18,30,45,384,100,0.151,1.2000000000000002,11.5,19,780,N/A
2011,6,11,19,0,17,133,23,0.151,1.3,14.63,17,780,N/A
2011,6,11,19,30,0,0,0,0.151,1.4000000000000001,15.59,16,780,N/A
2011,6,11,20,0,0,0,0,0.151,1.5,15.790000000000001,15,780,N/A
2011,6,11,20,30,0,0,0,0.151,1.6,16.84,14,780,N/A
2011,6,11,21,0,0,0,0,0.151,1.8,16.09,14,780,N/A
2011,6,11,21,30,0,0,0,0.151,1.8,17.17,13,780,N/A
2011,6,11,22,0,0,0,0,0.151,1.9000000000000001,16.85,13,780,N/A
2011,6,11,22,30,0,0,0,0.151,1.8,17.990000000000002,12,780,N/A
2011,6,11,23,0,0,0,0,0.151,1.7000000000000002,18.240000000000002,12,780,N/A
2011,6,11,23,30,0,0,0,0.151,1.6,19.490000000000002,11,780,N/A
2011,6,12,0,0,0,0,0,0.151,1.5,19.89,11,780,N/A
2011,6,12,0,30,0,0,0,0.151,1.4000000000000001,21.26,10,780,N/A
2011,6,12,1,0,0,0,0,0.151,1.3,21.54,10,780,N/A
2011,6,12,1,30,0,0,0,0.151,1.3,23.04,9,780,N/A
2011,6,12,2,0,0,0,0,0.151,1.4000000000000001,22.94,9,780,N/A
2011,6,12,2,30,0,0,0,0.151,1.4000000000000001,24.55,9,780,N/A
2011,6,12,3,0,0,0,0,0.151,1.4000000000000001,24.400000000000002,9,780,N/A
2011,6,12,3,30,0,0,0,0.151,1.4000000000000001,24.400000000000002,8,780,N/A
2011,6,12,4,0,0,0,0,0.151,1.4000000000000001,24.26,8,780,N/A
2011,6,12,4,30,0,0,0,0.151,1.2000000000000002,22.68,9,780,N/A
2011,6,12,5,0,12,172,16,0.151,1.2000000000000002,22.26,10,780,N/A
2011,6,12,5,30,32,486,91,0.151,1.7000000000000002,19.5,13,780,N/A
2011,6,12,6,0,46,665,191,0.151,2.3000000000000003,15.32,16,780,N/A
2011,6,12,6,30,57,771,300,0.151,1.8,13.49,18,780,N/A
2011,6,12,7,0,68,828,409,0.151,1.4000000000000001,8.19,21,780,N/A
2011,6,12,7,30,75,878,518,0.151,1.5,7.24,22,780,N/A
2011,6,12,8,0,91,887,617,0.151,1.6,4.8500000000000005,24,780,N/A
2011,6,12,8,30,97,916,715,0.151,2.2,4.57,25,780,N/A
2011,6,12,9,0,116,909,798,0.151,2.9000000000000004,4.18,26,780,N/A
2011,6,12,9,30,121,928,877,0.151,3.3000000000000003,4.18,26,780,N/A
2011,6,12,10,0,135,924,940,0.151,3.8000000000000003,4.08,27,780,N/A
2011,6,12,10,30,138,935,994,0.151,4,4.08,28,780,N/A
2011,6,12,11,0,147,933,1031,0.151,4.3,4.07,29,780,N/A
2011,6,12,11,30,148,937,1056,0.151,4.5,4.07,29,780,N/A
2011,6,12,12,0,154,930,1062,0.151,4.7,4.0600000000000005,30,780,N/A
2011,6,12,12,30,154,928,1056,0.151,4.800000000000001,4.0600000000000005,30,780,N/A
2011,6,12,13,0,154,921,1033,0.151,5,4.1,30,780,N/A
2011,6,12,13,30,152,913,995,0.151,5,4.1,30,780,N/A
2011,6,12,14,0,124,943,956,0.151,5.1000000000000005,4.4,30,780,N/A
2011,6,12,14,30,120,928,890,0.151,5.1000000000000005,4.66,30,780,N/A
2011,6,12,15,0,114,913,814,0.151,5.300000000000001,4.91,30,780,N/A
2011,6,12,15,30,109,888,725,0.151,5.4,4.91,29,780,N/A
2011,6,12,16,0,102,857,628,0.151,5.5,5.16,29,780,N/A
2011,6,12,16,30,178,490,436,0.151,5.5,5.47,28,780,N/A
2011,6,12,17,0,180,266,296,0.151,5.5,5.83,28,780,N/A
2011,6,12,17,30,77,676,306,0.151,4.7,6.55,26,780,N/A
2011,6,12,18,0,76,361,164,0.151,3.9000000000000004,7.890000000000001,25,780,N/A
2011,6,12,18,30,46,0,46,0.151,3,9.46,22,780,N/A
2011,6,12,19,0,11,0,11,0.151,2.2,13.18,20,780,N/A
2011,6,12,19,30,0,0,0,0.151,1.9000000000000001,14.030000000000001,18,780,N/A
2011,6,12,20,0,0,0,0,0.151,1.6,15.950000000000001,17,780,N/A
2011,6,12,20,30,0,0,0,0.151,1.4000000000000001,17,16,780,N/A
2011,6,12,21,0,0,0,0,0.151,1.3,17.59,16,780,N/A
2011,6,12,21,30,0,0,0,0.151,1.2000000000000002,18.75,15,780,N/A
2011,6,12,22,0,0,0,0,0.151,1.2000000000000002,19.64,15,780,N/A
2011,6,12,22,30,0,0,0,0.151,1.2000000000000002,20.96,14,780,N/A
2011,6,12,23,0,0,0,0,0.151,1.2000000000000002,20.42,13,780,N/A
2011,6,12,23,30,0,0,0,0.151,1.2000000000000002,21.8,12,780,N/A
2011,6,13,0,0,0,0,0,0.151,1.3,21.490000000000002,12,780,N/A
2011,6,13,0,30,0,0,0,0.151,1.3,22.95,11,780,N/A
2011,6,13,1,0,0,0,0,0.151,1.3,22.830000000000002,11,780,N/A
2011,6,13,1,30,0,0,0,0.151,1.3,24.400000000000002,10,780,N/A
2011,6,13,2,0,0,0,0,0.151,1.3,24.490000000000002,10,780,N/A
2011,6,13,2,30,0,0,0,0.151,1.3,26.19,10,780,N/A
2011,6,13,3,0,0,0,0,0.151,1.4000000000000001,26.22,10,780,N/A
2011,6,13,3,30,0,0,0,0.151,1.4000000000000001,26.22,9,780,N/A
2011,6,13,4,0,0,0,0,0.151,1.4000000000000001,26.14,9,780,N/A
2011,6,13,4,30,0,0,0,0.151,1.4000000000000001,26.14,10,780,N/A
2011,6,13,5,0,9,73,11,0.151,1.5,25.12,11,780,N/A
2011,6,13,5,30,40,305,77,0.151,2,22.01,13,780,N/A
2011,6,13,6,0,62,511,173,0.151,2.5,17.41,16,780,N/A
2011,6,13,6,30,79,631,278,0.151,2,15.33,18,780,N/A
2011,6,13,7,0,84,749,393,0.151,1.5,11.370000000000001,20,780,N/A
2011,6,13,7,30,94,809,502,0.151,1.7000000000000002,10.06,22,780,N/A
2011,6,13,8,0,93,877,613,0.151,1.9000000000000001,7.99,24,780,N/A
2011,6,13,8,30,99,910,713,0.151,2.5,7.53,25,780,N/A
2011,6,13,9,0,97,949,808,0.151,3.1,6.86,26,780,N/A
2011,6,13,9,30,101,968,889,0.151,3.3000000000000003,6.86,26,780,N/A
2011,6,13,10,0,98,992,962,0.151,3.5,6.34,27,780,N/A
2011,6,13,10,30,100,1002,1017,0.151,3.6,6.34,27,780,N/A
2011,6,13,11,0,98,1015,1060,0.151,3.7,5.8500000000000005,28,780,N/A
2011,6,13,11,30,99,1019,1087,0.151,3.8000000000000003,5.8500000000000005,28,780,N/A
2011,6,13,12,0,98,1024,1098,0.151,3.9000000000000004,5.36,29,780,N/A
2011,6,13,12,30,98,1023,1092,0.151,3.9000000000000004,5.3500000000000005,29,780,N/A
2011,6,13,13,0,98,1018,1070,0.151,3.9000000000000004,5.14,30,780,N/A
2011,6,13,13,30,97,1012,1032,0.151,3.9000000000000004,5.14,30,780,N/A
2011,6,13,14,0,102,991,977,0.151,3.9000000000000004,4.91,30,780,N/A
2011,6,13,14,30,99,978,911,0.151,3.9000000000000004,4.91,29,780,N/A
2011,6,13,15,0,104,942,827,0.151,3.9000000000000004,4.66,29,780,N/A
2011,6,13,15,30,100,918,738,0.151,4,4.94,29,780,N/A
2011,6,13,16,0,105,861,633,0.151,4.1000000000000005,4.66,29,780,N/A
2011,6,13,16,30,97,819,529,0.151,4.2,4.94,28,780,N/A
2011,6,13,17,0,99,722,414,0.151,4.4,4.51,27,780,N/A
2011,6,13,17,30,86,645,305,0.151,3.6,5.08,25,780,N/A
2011,6,13,18,0,79,461,191,0.151,2.8000000000000003,5.72,24,780,N/A
2011,6,13,18,30,51,310,96,0.151,2.5,6.86,21,780,N/A
2011,6,13,19,0,15,75,18,0.151,2.2,8.71,18,780,N/A
2011,6,13,19,30,0,0,0,0.151,2,9.28,17,780,N/A
2011,6,13,20,0,0,0,0,0.151,1.8,9.72,16,780,N/A
2011,6,13,20,30,0,0,0,0.151,1.6,10.36,15,780,N/A
2011,6,13,21,0,0,0,0,0.151,1.5,11.67,15,780,N/A
2011,6,13,21,30,0,0,0,0.151,1.6,12.46,14,780,N/A
2011,6,13,22,0,0,0,0,0.151,1.7000000000000002,13.43,14,780,N/A
2011,6,13,22,30,0,0,0,0.151,1.8,13.43,13,780,N/A
2011,6,13,23,0,0,0,0,0.151,2,14.700000000000001,13,780,N/A
2011,6,13,23,30,0,0,0,0.151,1.9000000000000001,15.69,12,780,N/A
2011,6,14,0,0,0,0,0,0.151,1.9000000000000001,17.47,12,780,N/A
2011,6,14,0,30,0,0,0,0.151,1.9000000000000001,18.66,11,780,N/A
2011,6,14,1,0,0,0,0,0.151,1.9000000000000001,20.64,11,780,N/A
2011,6,14,1,30,0,0,0,0.151,1.7000000000000002,22.06,10,780,N/A
2011,6,14,2,0,0,0,0,0.151,1.6,24.16,10,780,N/A
2011,6,14,2,30,0,0,0,0.151,1.5,25.830000000000002,10,780,N/A
2011,6,14,3,0,0,0,0,0.151,1.4000000000000001,27.55,10,780,N/A
2011,6,14,3,30,0,0,0,0.151,1.3,27.560000000000002,9,780,N/A
2011,6,14,4,0,0,0,0,0.151,1.3,29.02,9,780,N/A
2011,6,14,4,30,0,0,0,0.151,1.3,27.150000000000002,10,780,N/A
2011,6,14,5,0,12,101,14,0.151,1.4000000000000001,27.14,11,780,N/A
2011,6,14,5,30,35,402,83,0.151,1.9000000000000001,23.8,13,780,N/A
2011,6,14,6,0,51,586,178,0.151,2.4000000000000004,21.34,16,780,N/A
2011,6,14,6,30,62,700,283,0.151,2.5,18.79,18,780,N/A
2011,6,14,7,0,70,781,392,0.151,2.7,16.21,20,780,N/A
2011,6,14,7,30,78,836,499,0.151,3,15.24,21,780,N/A
2011,6,14,8,0,81,884,605,0.151,3.4000000000000004,14.68,23,780,N/A
2011,6,14,8,30,86,915,703,0.151,3.5,14.68,24,780,N/A
2011,6,14,9,0,88,942,794,0.151,3.7,14.38,25,780,N/A
2011,6,14,9,30,91,960,873,0.151,3.8000000000000003,13.540000000000001,25,780,N/A
2011,6,14,10,0,92,977,942,0.151,4,12.88,26,780,N/A
2011,6,14,10,30,94,987,997,0.151,4.1000000000000005,12.88,27,780,N/A
2011,6,14,11,0,92,998,1039,0.151,4.2,12.14,28,780,N/A
2011,6,14,11,30,93,1002,1064,0.151,4.3,12.14,28,780,N/A
2011,6,14,12,0,93,1005,1074,0.151,4.4,11.47,28,780,N/A
2011,6,14,12,30,92,1004,1068,0.151,4.5,11.47,28,780,N/A
2011,6,14,13,0,91,1001,1047,0.151,4.6000000000000005,10.88,29,780,N/A
2011,6,14,13,30,90,995,1010,0.151,4.6000000000000005,10.88,29,780,N/A
2011,6,14,14,0,90,982,958,0.151,4.800000000000001,10.88,29,780,N/A
2011,6,14,14,30,88,970,894,0.151,4.9,11.52,28,780,N/A
2011,6,14,15,0,84,955,817,0.151,5,11.47,28,780,N/A
2011,6,14,15,30,80,935,731,0.151,5,12.15,27,780,N/A
2011,6,14,16,0,76,909,635,0.151,5,12.05,27,780,N/A
2011,6,14,16,30,71,874,533,0.151,4.9,12.780000000000001,26,780,N/A
2011,6,14,17,0,64,831,427,0.151,4.9,12.55,26,780,N/A
2011,6,14,17,30,56,767,318,0.151,4.4,14.14,25,780,N/A
2011,6,14,18,0,47,676,212,0.151,3.9000000000000004,14.85,24,780,N/A
2011,6,14,18,30,35,526,112,0.151,3,16.77,21,780,N/A
2011,6,14,19,0,17,267,31,0.151,2.1,19.42,19,780,N/A
2011,6,14,19,30,0,0,0,0.151,2,20.68,18,780,N/A
2011,6,14,20,0,0,0,0,0.151,2,22,17,780,N/A
2011,6,14,20,30,0,0,0,0.151,2,23.44,16,780,N/A
2011,6,14,21,0,0,0,0,0.151,2,23.63,16,780,N/A
2011,6,14,21,30,0,0,0,0.151,1.9000000000000001,25.19,15,780,N/A
2011,6,14,22,0,0,0,0,0.151,1.9000000000000001,27.19,15,780,N/A
2011,6,14,22,30,0,0,0,0.151,2,29.01,14,780,N/A
2011,6,14,23,0,0,0,0,0.151,2.1,29.18,14,780,N/A
2011,6,14,23,30,0,0,0,0.151,2.1,29.17,13,780,N/A
2011,6,15,0,0,0,0,0,0.151,2.1,29.32,13,780,N/A
2011,6,15,0,30,0,0,0,0.151,2,31.3,12,780,N/A
2011,6,15,1,0,0,0,0,0.151,2,31.39,12,780,N/A
2011,6,15,1,30,0,0,0,0.151,1.9000000000000001,33.53,11,780,N/A
2011,6,15,2,0,0,0,0,0.151,1.9000000000000001,33.52,11,780,N/A
2011,6,15,2,30,0,0,0,0.151,1.9000000000000001,35.83,11,780,N/A
2011,6,15,3,0,0,0,0,0.151,1.9000000000000001,35.92,11,780,N/A
2011,6,15,3,30,0,0,0,0.151,1.9000000000000001,35.93,10,780,N/A
2011,6,15,4,0,0,0,0,0.151,1.9000000000000001,36.94,10,780,N/A
2011,6,15,4,30,0,0,0,0.151,2.2,34.58,11,780,N/A
2011,6,15,5,0,11,141,15,0.151,2.5,35.42,12,780,N/A
2011,6,15,5,30,32,448,86,0.151,3,31.1,14,780,N/A
2011,6,15,6,0,47,618,181,0.151,3.5,32.910000000000004,16,780,N/A
2011,6,15,6,30,57,727,286,0.151,3.2,29.01,18,780,N/A
2011,6,15,7,0,66,801,395,0.151,3,27.62,20,780,N/A
2011,6,15,7,30,72,854,502,0.151,2.2,25.97,21,780,N/A
2011,6,15,8,0,77,895,607,0.151,1.5,19.72,23,780,N/A
2011,6,15,8,30,81,925,705,0.151,1.1,18.57,24,780,N/A
2011,6,15,9,0,84,949,795,0.151,0.7000000000000001,14.63,26,780,N/A
2011,6,15,9,30,87,967,875,0.151,0.5,13.790000000000001,27,780,N/A
2011,6,15,10,0,89,982,943,0.151,0.30000000000000004,12.200000000000001,28,780,N/A
2011,6,15,10,30,90,991,997,0.151,0.8,12.200000000000001,28,780,N/A
2011,6,15,11,0,97,989,1035,0.151,1.3,11,29,780,N/A
2011,6,15,11,30,98,993,1060,0.151,1.7000000000000002,11,30,780,N/A
2011,6,15,12,0,98,996,1070,0.151,2.2,10,31,780,N/A
2011,6,15,12,30,97,994,1065,0.151,2.5,10,31,780,N/A
2011,6,15,13,0,96,992,1043,0.151,2.9000000000000004,9.11,31,780,N/A
2011,6,15,13,30,94,986,1007,0.151,3.1,9.1,31,780,N/A
2011,6,15,14,0,80,998,962,0.151,3.4000000000000004,8.8,31,780,N/A
2011,6,15,14,30,77,987,898,0.151,3.4000000000000004,8.790000000000001,31,780,N/A
2011,6,15,15,0,75,972,822,0.151,3.5,8.52,31,780,N/A
2011,6,15,15,30,72,953,735,0.151,3.4000000000000004,9.02,30,780,N/A
2011,6,15,16,0,68,928,640,0.151,3.4000000000000004,8.76,30,780,N/A
2011,6,15,16,30,64,895,538,0.151,3.1,9.27,29,780,N/A
2011,6,15,17,0,58,851,431,0.151,2.9000000000000004,9.55,29,780,N/A
2011,6,15,17,30,52,789,322,0.151,2.1,10.73,27,780,N/A
2011,6,15,18,0,45,694,215,0.151,1.4000000000000001,11.69,26,780,N/A
2011,6,15,18,30,34,547,114,0.151,1.2000000000000002,14,23,780,N/A
2011,6,15,19,0,18,271,32,0.151,1.1,17.01,21,780,N/A
2011,6,15,19,30,0,0,0,0.151,1.1,18.1,20,780,N/A
2011,6,15,20,0,0,0,0,0.151,1.2000000000000002,17.830000000000002,19,780,N/A
2011,6,15,20,30,0,0,0,0.151,1.2000000000000002,18.98,18,780,N/A
2011,6,15,21,0,0,0,0,0.151,1.3,18.45,18,780,N/A
2011,6,15,21,30,0,0,0,0.151,1.2000000000000002,19.64,17,780,N/A
2011,6,15,22,0,0,0,0,0.151,1.2000000000000002,19.25,17,780,N/A
2011,6,15,22,30,0,0,0,0.151,1.2000000000000002,20.51,16,780,N/A
2011,6,15,23,0,0,0,0,0.151,1.2000000000000002,20.12,16,780,N/A
2011,6,15,23,30,0,0,0,0.151,1.2000000000000002,21.44,15,780,N/A
2011,6,16,0,0,0,0,0,0.151,1.2000000000000002,21.25,15,780,N/A
2011,6,16,0,30,0,0,0,0.151,1.2000000000000002,22.66,14,780,N/A
2011,6,16,1,0,0,0,0,0.151,1.2000000000000002,24.29,14,780,N/A
2011,6,16,1,30,0,0,0,0.151,1.2000000000000002,25.93,13,780,N/A
2011,6,16,2,0,0,0,0,0.151,1.2000000000000002,26.490000000000002,13,780,N/A
2011,6,16,2,30,0,0,0,0.151,1.2000000000000002,26.490000000000002,12,780,N/A
2011,6,16,3,0,0,0,0,0.151,1.2000000000000002,27.45,12,780,N/A
2011,6,16,3,30,0,0,0,0.151,1.2000000000000002,27.45,12,780,N/A
2011,6,16,4,0,0,0,0,0.151,1.2000000000000002,28.6,12,780,N/A
2011,6,16,4,30,0,0,0,0.151,1.1,28.6,12,780,N/A
2011,6,16,5,0,9,54,11,0.151,1,28.2,13,780,N/A
2011,6,16,5,30,41,271,73,0.151,1.2000000000000002,24.78,15,780,N/A
2011,6,16,6,0,65,460,164,0.151,1.5,21.01,18,780,N/A
2011,6,16,6,30,83,583,266,0.151,2.4000000000000004,18.55,20,780,N/A
2011,6,16,7,0,91,698,378,0.151,3.3000000000000003,17.47,22,780,N/A
2011,6,16,7,30,102,762,486,0.151,3.5,16.44,23,780,N/A
2011,6,16,8,0,100,839,597,0.151,3.8000000000000003,15.6,25,780,N/A
2011,6,16,8,30,107,874,696,0.151,3.9000000000000004,14.700000000000001,26,780,N/A
2011,6,16,9,0,105,915,790,0.151,4.1000000000000005,13.07,27,780,N/A
2011,6,16,9,30,109,935,871,0.151,4.2,12.32,27,780,N/A
2011,6,16,10,0,109,956,941,0.151,4.4,10.42,28,780,N/A
2011,6,16,10,30,112,967,997,0.151,4.6000000000000005,10.41,29,780,N/A
2011,6,16,11,0,107,986,1041,0.151,4.800000000000001,8.72,30,780,N/A
2011,6,16,11,30,108,990,1067,0.151,4.9,8.72,30,780,N/A
2011,6,16,12,0,109,991,1077,0.151,5,7.43,30,780,N/A
2011,6,16,12,30,109,990,1072,0.151,5,7.43,30,780,N/A
2011,6,16,13,0,111,982,1049,0.151,5,6.99,31,780,N/A
2011,6,16,13,30,109,975,1012,0.151,4.9,6.99,31,780,N/A
2011,6,16,14,0,104,971,962,0.151,4.9,6.36,31,780,N/A
2011,6,16,14,30,101,957,898,0.151,4.9,6.73,31,780,N/A
2011,6,16,15,0,101,934,819,0.151,4.9,6.46,31,780,N/A
2011,6,16,15,30,96,911,731,0.151,4.9,6.46,30,780,N/A
2011,6,16,16,0,94,873,633,0.151,4.9,6.13,30,780,N/A
2011,6,16,16,30,88,834,530,0.151,4.800000000000001,6.49,29,780,N/A
2011,6,16,17,0,82,774,421,0.151,4.800000000000001,6.49,29,780,N/A
2011,6,16,17,30,72,701,313,0.151,4,6.88,27,780,N/A
2011,6,16,18,0,60,595,206,0.151,3.2,7.2,26,780,N/A
2011,6,16,18,30,43,437,108,0.151,2.6,8.61,23,780,N/A
2011,6,16,19,0,19,192,29,0.151,2.1,11.15,21,780,N/A
2011,6,16,19,30,0,0,0,0.151,2.1,11.870000000000001,20,780,N/A
2011,6,16,20,0,0,0,0,0.151,2.2,12.32,19,780,N/A
2011,6,16,20,30,0,0,0,0.151,2,13.120000000000001,18,780,N/A
2011,6,16,21,0,0,0,0,0.151,1.9000000000000001,13.99,18,780,N/A
2011,6,16,21,30,0,0,0,0.151,1.8,14.91,17,780,N/A
2011,6,16,22,0,0,0,0,0.151,1.7000000000000002,17.06,16,780,N/A
2011,6,16,22,30,0,0,0,0.151,1.7000000000000002,18.18,15,780,N/A
2011,6,16,23,0,0,0,0,0.151,1.7000000000000002,19.23,15,780,N/A
2011,6,16,23,30,0,0,0,0.151,1.6,20.51,14,780,N/A
2011,6,17,0,0,0,0,0,0.151,1.6,21.68,14,780,N/A
2011,6,17,0,30,0,0,0,0.151,1.5,23.13,13,780,N/A
2011,6,17,1,0,0,0,0,0.151,1.5,24.47,13,780,N/A
2011,6,17,1,30,0,0,0,0.151,1.4000000000000001,26.12,12,780,N/A
2011,6,17,2,0,0,0,0,0.151,1.3,27.51,12,780,N/A
2011,6,17,2,30,0,0,0,0.151,1.3,29.39,12,780,N/A
2011,6,17,3,0,0,0,0,0.151,1.3,30.72,12,780,N/A
2011,6,17,3,30,0,0,0,0.151,1.3,30.73,11,780,N/A
2011,6,17,4,0,0,0,0,0.151,1.3,31.89,11,780,N/A
2011,6,17,4,30,0,0,0,0.151,1.2000000000000002,31.900000000000002,12,780,N/A
2011,6,17,5,0,12,103,14,0.151,1.2000000000000002,30.98,13,780,N/A
2011,6,17,5,30,34,427,85,0.151,1.7000000000000002,27.2,15,780,N/A
2011,6,17,6,0,49,612,181,0.151,2.3000000000000003,23.7,17,780,N/A
2011,6,17,6,30,60,727,288,0.151,3.1,22.26,18,780,N/A
2011,6,17,7,0,69,800,397,0.151,4,20.88,20,780,N/A
2011,6,17,7,30,76,855,506,0.151,4.1000000000000005,19.64,21,780,N/A
2011,6,17,8,0,83,893,611,0.151,4.2,17.02,23,780,N/A
2011,6,17,8,30,88,924,710,0.151,4.3,16.02,24,780,N/A
2011,6,17,9,0,93,944,800,0.151,4.4,13.700000000000001,25,780,N/A
2011,6,17,9,30,97,961,880,0.151,4.5,12.9,25,780,N/A
2011,6,17,10,0,102,971,947,0.151,4.6000000000000005,11.36,26,780,N/A
2011,6,17,10,30,104,981,1001,0.151,4.6000000000000005,10.71,27,780,N/A
2011,6,17,11,0,107,985,1041,0.151,4.800000000000001,9.71,28,780,N/A
2011,6,17,11,30,108,989,1066,0.151,4.9,9.71,28,780,N/A
2011,6,17,12,0,111,985,1075,0.151,5,8.83,29,780,N/A
2011,6,17,12,30,111,984,1069,0.151,5.1000000000000005,8.82,29,780,N/A
2011,6,17,13,0,112,978,1047,0.151,5.2,8.33,30,780,N/A
2011,6,17,13,30,111,972,1011,0.151,5.2,8.33,30,780,N/A
2011,6,17,14,0,103,972,963,0.151,5.2,7.22,30,780,N/A
2011,6,17,14,30,100,959,899,0.151,5.2,7.65,30,780,N/A
2011,6,17,15,0,92,951,825,0.151,5.300000000000001,6.94,30,780,N/A
2011,6,17,15,30,88,930,737,0.151,5.300000000000001,6.94,29,780,N/A
2011,6,17,16,0,83,903,641,0.151,5.300000000000001,6.42,29,780,N/A
2011,6,17,16,30,78,866,538,0.151,5.2,6.8,28,780,N/A
2011,6,17,17,0,73,809,429,0.15,5.2,6.53,28,780,N/A
2011,6,17,17,30,65,739,319,0.15,4.5,7.34,26,780,N/A
2011,6,17,18,0,56,625,210,0.15,3.8000000000000003,7.930000000000001,25,780,N/A
2011,6,17,18,30,41,469,111,0.15,3,9.5,22,780,N/A
2011,6,17,19,0,20,201,30,0.15,2.3000000000000003,11.77,20,780,N/A
2011,6,17,19,30,0,0,0,0.15,2.3000000000000003,12.530000000000001,19,780,N/A
2011,6,17,20,0,0,0,0,0.15,2.3000000000000003,13.76,18,780,N/A
2011,6,17,20,30,0,0,0,0.15,2.3000000000000003,14.66,17,780,N/A
2011,6,17,21,0,0,0,0,0.15,2.3000000000000003,15.43,17,780,N/A
2011,6,17,21,30,0,0,0,0.15,2.3000000000000003,16.45,16,780,N/A
2011,6,17,22,0,0,0,0,0.15,2.3000000000000003,18.830000000000002,16,780,N/A
2011,6,17,22,30,0,0,0,0.15,2.2,20.09,15,780,N/A
2011,6,17,23,0,0,0,0,0.15,2.2,21.75,14,780,N/A
2011,6,17,23,30,0,0,0,0.15,2,23.21,13,780,N/A
2011,6,18,0,0,0,0,0,0.15,1.9000000000000001,24.91,13,780,N/A
2011,6,18,0,30,0,0,0,0.15,1.8,26.6,12,780,N/A
2011,6,18,1,0,0,0,0,0.15,1.8,28.25,12,780,N/A
2011,6,18,1,30,0,0,0,0.15,1.7000000000000002,30.17,11,780,N/A
2011,6,18,2,0,0,0,0,0.15,1.7000000000000002,31.93,11,780,N/A
2011,6,18,2,30,0,0,0,0.15,1.6,34.13,10,780,N/A
2011,6,18,3,0,0,0,0,0.15,1.5,35.39,10,780,N/A
2011,6,18,3,30,0,0,0,0.15,1.4000000000000001,37.84,10,780,N/A
2011,6,18,4,0,0,0,0,0.15,1.3,38.13,10,780,N/A
2011,6,18,4,30,0,0,0,0.15,1.2000000000000002,35.660000000000004,11,780,N/A
2011,6,18,5,0,11,101,14,0.15,1.2000000000000002,33.58,12,780,N/A
2011,6,18,5,30,36,395,83,0.15,1.7000000000000002,29.45,14,780,N/A
2011,6,18,6,0,40,617,174,0.15,2.2,23.62,16,780,N/A
2011,6,18,6,30,66,617,260,0.15,2.7,20.82,18,780,N/A
2011,6,18,7,0,77,759,388,0.15,3.3000000000000003,16.38,20,780,N/A
2011,6,18,7,30,85,816,495,0.15,3.6,15.4,21,780,N/A
2011,6,18,8,0,94,854,598,0.15,3.9000000000000004,12.82,22,780,N/A
2011,6,18,8,30,99,886,696,0.15,4.1000000000000005,12.06,23,780,N/A
2011,6,18,9,0,106,907,785,0.15,4.3,10.64,24,780,N/A
2011,6,18,9,30,110,927,865,0.15,4.5,10.64,24,780,N/A
2011,6,18,10,0,116,938,932,0.15,4.7,9.51,25,780,N/A
2011,6,18,10,30,118,949,987,0.15,4.9,9.51,26,780,N/A
2011,6,18,11,0,113,968,1031,0.15,5.1000000000000005,8.49,27,780,N/A
2011,6,18,11,30,114,973,1057,0.15,5.1000000000000005,8.49,27,780,N/A
2011,6,18,12,0,115,974,1067,0.15,5.2,7.62,28,780,N/A
2011,6,18,12,30,115,973,1062,0.15,5.2,7.61,28,780,N/A
2011,6,18,13,0,114,970,1041,0.15,5.300000000000001,6.86,28,780,N/A
2011,6,18,13,30,464,311,753,0.15,5.300000000000001,6.86,28,780,N/A
2011,6,18,14,0,450,394,800,0.15,5.4,6.46,29,780,N/A
2011,6,18,14,30,109,940,892,0.15,5.5,6.46,29,780,N/A
2011,6,18,15,0,103,927,818,0.15,5.7,5.98,29,780,N/A
2011,6,18,15,30,99,905,731,0.15,5.7,5.98,28,780,N/A
2011,6,18,16,0,92,880,637,0.15,5.800000000000001,5.63,28,780,N/A
2011,6,18,16,30,86,842,534,0.15,5.6000000000000005,5.97,27,780,N/A
2011,6,18,17,0,78,792,427,0.15,5.5,6.22,27,780,N/A
2011,6,18,17,30,69,721,318,0.15,4.7,6.6000000000000005,26,780,N/A
2011,6,18,18,0,56,627,212,0.15,3.9000000000000004,7.28,25,780,N/A
2011,6,18,18,30,42,470,112,0.15,3,8.73,22,780,N/A
2011,6,18,19,0,20,217,32,0.15,2.2,10.85,20,780,N/A
2011,6,18,19,30,0,0,0,0.15,2.1,11.55,19,780,N/A
2011,6,18,20,0,0,0,0,0.15,2.1,12.85,18,780,N/A
2011,6,18,20,30,0,0,0,0.15,1.9000000000000001,13.69,17,780,N/A
2011,6,18,21,0,0,0,0,0.15,1.7000000000000002,14.07,16,780,N/A
2011,6,18,21,30,0,0,0,0.15,1.6,15,15,780,N/A
2011,6,18,22,0,0,0,0,0.15,1.6,16.03,15,780,N/A
2011,6,18,22,30,0,0,0,0.15,1.5,17.11,14,780,N/A
2011,6,18,23,0,0,0,0,0.15,1.5,16.91,14,780,N/A
2011,6,18,23,30,0,0,0,0.15,1.4000000000000001,16.9,13,780,N/A
2011,6,19,0,0,0,0,0,0.15,1.4000000000000001,16.85,13,780,N/A
2011,6,19,0,30,0,0,0,0.15,1.3,17.990000000000002,12,780,N/A
2011,6,19,1,0,0,0,0,0.15,1.3,18.14,12,780,N/A
2011,6,19,1,30,0,0,0,0.15,1.3,19.37,11,780,N/A
2011,6,19,2,0,0,0,0,0.15,1.3,19.64,11,780,N/A
2011,6,19,2,30,0,0,0,0.15,1.2000000000000002,20.990000000000002,10,780,N/A
2011,6,19,3,0,0,0,0,0.15,1.2000000000000002,21.36,10,780,N/A
2011,6,19,3,30,0,0,0,0.15,1.2000000000000002,22.830000000000002,10,780,N/A
2011,6,19,4,0,0,0,0,0.15,1.2000000000000002,23.47,10,780,N/A
2011,6,19,4,30,0,0,0,0.15,1.1,21.95,11,780,N/A
2011,6,19,5,0,11,115,14,0.15,1.1,21.47,12,780,N/A
2011,6,19,5,30,33,417,83,0.15,1.5,18.82,14,780,N/A
2011,6,19,6,0,53,496,160,0.15,2,16.240000000000002,16,780,N/A
2011,6,19,6,30,98,0,98,0.15,3,14.31,18,780,N/A
2011,6,19,7,0,133,7,136,0.15,4,13.76,20,780,N/A
2011,6,19,7,30,79,831,496,0.15,4.4,12.94,21,780,N/A
2011,6,19,8,0,85,874,601,0.15,4.9,12.200000000000001,22,780,N/A
2011,6,19,8,30,90,906,699,0.15,5.1000000000000005,11.48,23,780,N/A
2011,6,19,9,0,95,929,789,0.15,5.300000000000001,10.63,24,780,N/A
2011,6,19,9,30,99,947,869,0.15,5.4,10.01,25,780,N/A
2011,6,19,10,0,106,954,935,0.15,5.5,9.21,26,780,N/A
2011,6,19,10,30,108,965,990,0.15,5.6000000000000005,9.21,26,780,N/A
2011,6,19,11,0,119,958,1026,0.15,5.800000000000001,8.52,27,780,N/A
2011,6,19,11,30,120,962,1052,0.15,6,8.51,28,780,N/A
2011,6,19,12,0,128,951,1058,0.15,6.2,7.88,29,780,N/A
2011,6,19,12,30,128,949,1052,0.15,6.5,7.88,29,770,N/A
2011,6,19,13,0,131,938,1029,0.15,6.800000000000001,7.16,30,770,N/A
2011,6,19,13,30,129,931,993,0.15,7.1000000000000005,7.16,30,770,N/A
2011,6,19,14,0,113,944,949,0.15,7.5,6.43,30,770,N/A
2011,6,19,14,30,110,930,886,0.15,7.7,6.8,30,770,N/A
2011,6,19,15,0,115,894,805,0.15,7.9,6.8100000000000005,30,770,N/A
2011,6,19,15,30,110,869,718,0.15,7.9,7.21,29,770,N/A
2011,6,19,16,0,114,811,616,0.15,8,7.930000000000001,28,770,N/A
2011,6,19,16,30,106,766,514,0.15,7.800000000000001,8.41,27,770,N/A
2011,6,19,17,0,98,700,407,0.15,7.7,10.41,26,770,N/A
2011,6,19,17,30,127,324,240,0.15,7,11.05,25,770,N/A
2011,6,19,18,0,82,332,165,0.15,6.4,13.72,24,770,N/A
2011,6,19,18,30,53,58,62,0.15,5.6000000000000005,15.48,22,770,N/A
2011,6,19,19,0,17,0,17,0.15,4.9,18.53,21,770,N/A
2011,6,19,19,30,0,0,0,0.15,4.6000000000000005,19.71,20,770,N/A
2011,6,19,20,0,0,0,0,0.15,4.3,22.23,19,770,N/A
2011,6,19,20,30,0,0,0,0.15,4.3,23.67,18,770,N/A
2011,6,19,21,0,0,0,0,0.15,4.4,27.28,18,770,N/A
2011,6,19,21,30,0,0,0,0.15,4.9,29.07,17,770,N/A
2011,6,19,22,0,0,0,0,0.15,5.5,39,16,770,N/A
2011,6,19,22,30,0,0,0,0.15,5.800000000000001,44.410000000000004,14,780,N/A
2011,6,19,23,0,0,0,0,0.15,6.2,60.47,13,780,N/A
2011,6,19,23,30,0,0,0,0.15,5.5,64.6,12,780,N/A
2011,6,20,0,0,0,0,0,0.15,4.9,74.67,11,780,N/A
2011,6,20,0,30,0,0,0,0.15,4,79.82000000000001,10,780,N/A
2011,6,20,1,0,0,0,0,0.15,3.2,77.97,9,780,N/A
2011,6,20,1,30,0,0,0,0.15,2.7,83.41,8,780,N/A
2011,6,20,2,0,0,0,0,0.15,2.3000000000000003,81.3,8,780,N/A
2011,6,20,2,30,0,0,0,0.15,2.2,81.3,8,780,N/A
2011,6,20,3,0,0,0,0,0.15,2.1,78.02,8,780,N/A
2011,6,20,3,30,0,0,0,0.15,2.2,83.52,7,780,N/A
2011,6,20,4,0,0,0,0,0.15,2.3000000000000003,77.91,7,780,N/A
2011,6,20,4,30,0,0,0,0.15,2.8000000000000003,77.93,7,780,N/A
2011,6,20,5,0,14,0,14,0.15,3.3000000000000003,67.38,8,780,N/A
2011,6,20,5,30,31,429,82,0.15,4,62.99,9,780,N/A
2011,6,20,6,0,46,607,176,0.15,4.800000000000001,55.24,10,780,N/A
2011,6,20,6,30,56,718,281,0.15,5,51.7,11,780,N/A
2011,6,20,7,0,63,797,389,0.15,5.2,46.730000000000004,12,780,N/A
2011,6,20,7,30,159,10,164,0.15,5.2,43.76,13,780,N/A
2011,6,20,8,0,256,333,452,0.15,5.2,35.84,15,780,N/A
2011,6,20,8,30,305,331,527,0.15,5.1000000000000005,33.62,16,780,N/A
2011,6,20,9,0,83,949,791,0.15,5,28.54,18,780,N/A
2011,6,20,9,30,335,544,777,0.15,5,26.810000000000002,19,780,N/A
2011,6,20,10,0,88,980,939,0.15,5.1000000000000005,21.77,20,780,N/A
2011,6,20,10,30,89,990,995,0.15,5.1000000000000005,20.47,21,780,N/A
2011,6,20,11,0,92,995,1035,0.15,5.2,18.53,22,780,N/A
2011,6,20,11,30,537,339,865,0.15,5.1000000000000005,18.53,22,780,N/A
2011,6,20,12,0,94,1000,1071,0.15,5.1000000000000005,17.35,23,780,N/A
2011,6,20,12,30,93,998,1065,0.15,5,17.35,23,780,N/A
2011,6,20,13,0,92,994,1043,0.15,5,16.62,24,780,N/A
2011,6,20,13,30,91,988,1007,0.15,5,16.62,24,780,N/A
2011,6,20,14,0,89,978,956,0.15,5,17.04,25,780,N/A
2011,6,20,14,30,87,965,892,0.15,5,17.04,24,780,N/A
2011,6,20,15,0,84,950,817,0.15,5,17.38,24,780,N/A
2011,6,20,15,30,80,929,730,0.15,5,18.46,24,780,N/A
2011,6,20,16,0,75,904,636,0.15,5,18.76,24,780,N/A
2011,6,20,16,30,70,869,534,0.15,4.9,19.94,23,780,N/A
2011,6,20,17,0,64,823,428,0.15,4.800000000000001,20.16,22,780,N/A
2011,6,20,17,30,57,759,320,0.15,4.3,21.44,21,780,N/A
2011,6,20,18,0,48,665,214,0.15,3.9000000000000004,23.06,20,780,N/A
2011,6,20,18,30,36,518,115,0.15,2.9000000000000004,26.12,18,780,N/A
2011,6,20,19,0,19,265,34,0.15,1.9000000000000001,30.27,16,780,N/A
2011,6,20,19,30,0,0,0,0.15,1.7000000000000002,32.28,15,780,N/A
2011,6,20,20,0,0,0,0,0.15,1.5,35.08,14,780,N/A
2011,6,20,20,30,0,0,0,0.15,1.4000000000000001,37.44,13,780,N/A
2011,6,20,21,0,0,0,0,0.15,1.4000000000000001,40.78,13,780,N/A
2011,6,20,21,30,0,0,0,0.15,1.4000000000000001,40.78,12,780,N/A
2011,6,20,22,0,0,0,0,0.15,1.4000000000000001,41.7,12,780,N/A
2011,6,20,22,30,0,0,0,0.15,1.3,44.550000000000004,11,780,N/A
2011,6,20,23,0,0,0,0,0.15,1.3,45.77,11,780,N/A
2011,6,20,23,30,0,0,0,0.15,1.2000000000000002,48.910000000000004,10,780,N/A
2011,6,21,0,0,0,0,0,0.15,1.2000000000000002,50.44,10,780,N/A
2011,6,21,0,30,0,0,0,0.15,1.1,50.44,10,780,N/A
2011,6,21,1,0,0,0,0,0.15,1.1,51.95,10,780,N/A
2011,6,21,1,30,0,0,0,0.15,1,55.56,9,780,N/A
2011,6,21,2,0,0,0,0,0.15,0.9,57.18,9,780,N/A
2011,6,21,2,30,0,0,0,0.15,0.8,61.19,9,780,N/A
2011,6,21,3,0,0,0,0,0.15,0.8,62.92,9,780,N/A
2011,6,21,3,30,0,0,0,0.15,0.7000000000000001,62.940000000000005,8,780,N/A
2011,6,21,4,0,0,0,0,0.15,0.7000000000000001,64.6,8,780,N/A
2011,6,21,4,30,0,0,0,0.15,0.7000000000000001,64.62,9,780,N/A
2011,6,21,5,0,10,132,13,0.15,0.7000000000000001,61.980000000000004,10,780,N/A
2011,6,21,5,30,31,441,82,0.15,1,54.24,11,780,N/A
2011,6,21,6,0,44,619,177,0.15,1.3,50.53,13,780,N/A
2011,6,21,6,30,54,729,282,0.15,1.1,47.36,15,780,N/A
2011,6,21,7,0,62,804,390,0.15,0.9,40.49,17,780,N/A
2011,6,21,7,30,68,857,497,0.15,0.6000000000000001,38,18,780,N/A
2011,6,21,8,0,73,898,602,0.15,0.30000000000000004,29.62,19,780,N/A
2011,6,21,8,30,77,928,700,0.15,0.5,27.84,20,780,N/A
2011,6,21,9,0,80,953,791,0.15,0.7000000000000001,23.45,21,780,N/A
2011,6,21,9,30,83,970,871,0.15,0.9,22.06,22,780,N/A
2011,6,21,10,0,84,985,940,0.15,1.1,19.01,24,780,N/A
2011,6,21,10,30,86,995,995,0.15,1.3,17.900000000000002,24,780,N/A
2011,6,21,11,0,91,997,1035,0.15,1.6,15.6,25,780,N/A
2011,6,21,11,30,92,1001,1062,0.15,1.8,15.6,26,780,N/A
2011,6,21,12,0,94,1001,1072,0.15,2.1,13.74,27,780,N/A
2011,6,21,12,30,93,1000,1067,0.15,2.4000000000000004,13.73,27,780,N/A
2011,6,21,13,0,95,995,1046,0.15,2.7,12.200000000000001,28,780,N/A
2011,6,21,13,30,93,989,1011,0.15,2.9000000000000004,12.200000000000001,28,780,N/A
2011,6,21,14,0,92,980,961,0.15,3.1,11,28,780,N/A
2011,6,21,14,30,90,968,897,0.15,3.3000000000000003,10.99,28,780,N/A
2011,6,21,15,0,87,951,821,0.15,3.5,10.620000000000001,28,780,N/A
2011,6,21,15,30,83,930,735,0.15,3.6,11.26,27,780,N/A
2011,6,21,16,0,79,904,640,0.15,3.7,11.06,27,780,N/A
2011,6,21,16,30,74,868,537,0.15,3.7,11.73,26,780,N/A
2011,6,21,17,0,67,823,431,0.15,3.7,11.74,26,780,N/A
2011,6,21,17,30,59,757,322,0.15,3.1,13.22,25,780,N/A
2011,6,21,18,0,49,665,216,0.15,2.6,14.66,24,780,N/A
2011,6,21,18,30,37,517,116,0.15,2,17.6,21,780,N/A
2011,6,21,19,0,19,269,34,0.15,1.4000000000000001,21.09,18,780,N/A
2011,6,21,19,30,0,0,0,0.15,1.4000000000000001,22.47,17,780,N/A
2011,6,21,20,0,0,0,0,0.15,1.4000000000000001,24.740000000000002,17,780,N/A
2011,6,21,20,30,0,0,0,0.15,1.3,26.38,16,780,N/A
2011,6,21,21,0,0,0,0,0.15,1.3,27.5,16,780,N/A
2011,6,21,21,30,0,0,0,0.15,1.3,29.34,15,780,N/A
2011,6,21,22,0,0,0,0,0.15,1.3,30.44,15,780,N/A
2011,6,21,22,30,0,0,0,0.15,1.2000000000000002,30.44,14,780,N/A
2011,6,21,23,0,0,0,0,0.15,1.2000000000000002,31.28,14,780,N/A
2011,6,21,23,30,0,0,0,0.15,1.1,33.38,13,780,N/A
2011,6,22,0,0,0,0,0,0.15,1.1,34,13,780,N/A
2011,6,22,0,30,0,0,0,0.15,1.1,36.300000000000004,12,780,N/A
2011,6,22,1,0,0,0,0,0.15,1.1,37.61,12,780,N/A
2011,6,22,1,30,0,0,0,0.15,1.1,40.18,12,780,N/A
2011,6,22,2,0,0,0,0,0.15,1.1,43.46,12,780,N/A
2011,6,22,2,30,0,0,0,0.15,1.1,46.46,11,780,N/A
2011,6,22,3,0,0,0,0,0.15,1.2000000000000002,48.57,11,780,N/A
2011,6,22,3,30,0,0,0,0.15,1.2000000000000002,51.95,10,780,N/A
2011,6,22,4,0,0,0,0,0.15,1.2000000000000002,53.53,10,780,N/A
2011,6,22,4,30,0,0,0,0.15,1.2000000000000002,50.08,10,780,N/A
2011,6,22,5,0,10,148,13,0.15,1.3,50.300000000000004,11,780,N/A
2011,6,22,5,30,30,461,84,0.15,2,47.11,13,790,N/A
2011,6,22,6,0,44,632,179,0.15,2.7,40.22,15,790,N/A
2011,6,22,6,30,53,740,284,0.15,2.6,35.39,17,790,N/A
2011,6,22,7,0,62,807,391,0.15,2.6,26.14,20,790,N/A
2011,6,22,7,30,69,859,499,0.15,2.4000000000000004,23.11,21,790,N/A
2011,6,22,8,0,76,894,602,0.15,2.3000000000000003,20.05,23,790,N/A
2011,6,22,8,30,80,923,700,0.15,2.2,18.88,24,790,N/A
2011,6,22,9,0,85,943,789,0.15,2.1,16.97,26,790,N/A
2011,6,22,9,30,89,961,869,0.15,2.1,15.99,27,790,N/A
2011,6,22,10,0,92,974,937,0.15,2.1,13.81,28,790,N/A
2011,6,22,10,30,94,984,993,0.15,2.1,13.030000000000001,28,780,N/A
2011,6,22,11,0,99,985,1033,0.15,2.2,11.05,29,780,N/A
2011,6,22,11,30,100,991,1060,0.15,2.3000000000000003,11.05,30,780,N/A
2011,6,22,12,0,102,991,1071,0.15,2.4000000000000004,9.31,31,780,N/A
2011,6,22,12,30,102,991,1067,0.15,2.5,9.3,31,780,N/A
2011,6,22,13,0,103,986,1047,0.15,2.6,7.86,31,780,N/A
2011,6,22,13,30,101,981,1012,0.15,2.7,7.86,31,780,N/A
2011,6,22,14,0,89,990,967,0.15,2.8000000000000003,7.0600000000000005,32,780,N/A
2011,6,22,14,30,87,979,904,0.15,2.8000000000000003,7.0600000000000005,31,780,N/A
2011,6,22,15,0,83,966,829,0.15,2.9000000000000004,6.44,31,780,N/A
2011,6,22,15,30,80,946,743,0.15,2.8000000000000003,6.82,31,780,N/A
2011,6,22,16,0,75,923,648,0.15,2.8000000000000003,6.36,31,780,N/A
2011,6,22,16,30,70,889,545,0.15,2.7,6.74,30,780,N/A
2011,6,22,17,0,62,850,439,0.15,2.7,6.51,29,780,N/A
2011,6,22,17,30,56,788,330,0.15,2,7.3100000000000005,27,780,N/A
2011,6,22,18,0,46,703,223,0.15,1.3,8.35,26,780,N/A
2011,6,22,18,30,35,561,121,0.15,1.2000000000000002,9.99,23,780,N/A
2011,6,22,19,0,18,319,37,0.15,1.2000000000000002,12.870000000000001,20,780,N/A
2011,6,22,19,30,0,0,0,0.15,1.2000000000000002,13.69,19,780,N/A
2011,6,22,20,0,0,0,0,0.15,1.2000000000000002,14.93,18,780,N/A
2011,6,22,20,30,0,0,0,0.15,1.2000000000000002,15.9,17,780,N/A
2011,6,22,21,0,0,0,0,0.15,1.3,16.77,17,780,N/A
2011,6,22,21,30,0,0,0,0.15,1.3,17.87,17,780,N/A
2011,6,22,22,0,0,0,0,0.15,1.3,18.72,17,780,N/A
2011,6,22,22,30,0,0,0,0.15,1.3,18.72,16,780,N/A
2011,6,22,23,0,0,0,0,0.15,1.3,19.490000000000002,16,780,N/A
2011,6,22,23,30,0,0,0,0.15,1.3,19.490000000000002,16,780,N/A
2011,6,23,0,0,0,0,0,0.15,1.3,20.27,16,780,N/A
2011,6,23,0,30,0,0,0,0.15,1.3,21.6,15,780,N/A
2011,6,23,1,0,0,0,0,0.15,1.3,22.68,15,780,N/A
2011,6,23,1,30,0,0,0,0.15,1.3,24.19,14,780,N/A
2011,6,23,2,0,0,0,0,0.15,1.3,25.02,14,780,N/A
2011,6,23,2,30,0,0,0,0.15,1.2000000000000002,26.7,13,780,N/A
2011,6,23,3,0,0,0,0,0.15,1.2000000000000002,27.240000000000002,13,780,N/A
2011,6,23,3,30,0,0,0,0.15,1.1,29.09,12,780,N/A
2011,6,23,4,0,0,0,0,0.15,1.1,29.51,12,780,N/A
2011,6,23,4,30,0,0,0,0.15,0.8,27.650000000000002,13,780,N/A
2011,6,23,5,0,10,164,14,0.15,0.6000000000000001,26.52,14,780,N/A
2011,6,23,5,30,29,478,84,0.15,0.6000000000000001,23.330000000000002,16,780,N/A
2011,6,23,6,0,43,636,178,0.15,0.6000000000000001,21.3,19,780,N/A
2011,6,23,6,30,53,743,283,0.15,1.8,18.830000000000002,21,780,N/A
2011,6,23,7,0,61,809,390,0.15,3,21.57,23,780,N/A
2011,6,23,7,30,68,861,498,0.15,2.8000000000000003,20.32,25,780,N/A
2011,6,23,8,0,72,900,602,0.15,2.6,16.93,27,780,N/A
2011,6,23,8,30,77,929,700,0.15,2.4000000000000004,15.97,28,780,N/A
2011,6,23,9,0,81,951,789,0.15,2.3000000000000003,12.49,29,780,N/A
2011,6,23,9,30,84,968,869,0.15,2.4000000000000004,12.48,30,780,N/A
2011,6,23,10,0,87,979,936,0.15,2.5,10.65,31,780,N/A
2011,6,23,10,30,89,989,991,0.15,2.7,10.06,31,780,N/A
2011,6,23,11,0,89,997,1033,0.15,2.9000000000000004,9.06,32,780,N/A
2011,6,23,11,30,90,1000,1059,0.15,3,9.06,32,780,N/A
2011,6,23,12,0,93,997,1068,0.15,3.2,8.78,33,780,N/A
2011,6,23,12,30,93,996,1063,0.15,3.2,8.78,33,780,N/A
2011,6,23,13,0,95,988,1041,0.15,3.3000000000000003,8.06,33,780,N/A
2011,6,23,13,30,94,983,1006,0.15,3.3000000000000003,8.06,33,780,N/A
2011,6,23,14,0,96,968,955,0.15,3.3000000000000003,7.75,33,780,N/A
2011,6,23,14,30,93,956,892,0.15,3.2,7.75,33,780,N/A
2011,6,23,15,0,91,940,817,0.15,3.1,7.3500000000000005,33,780,N/A
2011,6,23,15,30,87,919,731,0.15,3,7.78,32,780,N/A
2011,6,23,16,0,82,892,637,0.15,3,7.3100000000000005,32,780,N/A
2011,6,23,16,30,76,857,535,0.15,2.9000000000000004,7.74,31,780,N/A
2011,6,23,17,0,69,811,429,0.15,2.9000000000000004,7.25,31,780,N/A
2011,6,23,17,30,61,746,322,0.15,2.1,8.13,29,780,N/A
2011,6,23,18,0,52,647,215,0.15,1.4000000000000001,9.09,28,780,N/A
2011,6,23,18,30,39,501,116,0.15,1.2000000000000002,10.86,25,780,N/A
2011,6,23,19,0,19,250,34,0.15,1.2000000000000002,12.280000000000001,22,780,N/A
2011,6,23,19,30,0,0,0,0.15,1.2000000000000002,13.06,21,780,N/A
2011,6,23,20,0,0,0,0,0.15,1.4000000000000001,13.4,20,780,N/A
2011,6,23,20,30,0,0,0,0.15,1.4000000000000001,14.25,19,780,N/A
2011,6,23,21,0,0,0,0,0.15,1.5,14.99,18,780,N/A
2011,6,23,21,30,0,0,0,0.15,1.4000000000000001,15.96,17,780,N/A
2011,6,23,22,0,0,0,0,0.15,1.4000000000000001,16.14,17,780,N/A
2011,6,23,22,30,0,0,0,0.15,1.4000000000000001,17.19,16,780,N/A
2011,6,23,23,0,0,0,0,0.15,1.4000000000000001,17.740000000000002,16,780,N/A
2011,6,23,23,30,0,0,0,0.15,1.4000000000000001,18.91,16,780,N/A
2011,6,24,0,0,0,0,0,0.15,1.5,19.95,16,780,N/A
2011,6,24,0,30,0,0,0,0.15,1.5,19.95,15,780,N/A
2011,6,24,1,0,0,0,0,0.15,1.6,21.29,15,780,N/A
2011,6,24,1,30,0,0,0,0.15,1.7000000000000002,22.7,14,780,N/A
2011,6,24,2,0,0,0,0,0.15,1.8,24.04,14,780,N/A
2011,6,24,2,30,0,0,0,0.15,1.8,25.66,14,780,N/A
2011,6,24,3,0,0,0,0,0.15,1.9000000000000001,26.5,14,780,N/A
2011,6,24,3,30,0,0,0,0.15,1.8,28.29,13,780,N/A
2011,6,24,4,0,0,0,0,0.15,1.7000000000000002,28.69,13,780,N/A
2011,6,24,4,30,0,0,0,0.15,1.7000000000000002,26.88,13,780,N/A
2011,6,24,5,0,10,121,12,0.15,1.8,25.44,14,780,N/A
2011,6,24,5,30,32,434,81,0.15,2.1,22.38,16,780,N/A
2011,6,24,6,0,45,630,179,0.15,2.4000000000000004,19.54,19,780,N/A
2011,6,24,6,30,56,742,285,0.15,2.5,17.26,21,780,N/A
2011,6,24,7,0,61,830,397,0.15,2.7,13.370000000000001,23,780,N/A
2011,6,24,7,30,67,882,507,0.15,3.2,12.59,25,780,N/A
2011,6,24,8,0,69,929,615,0.15,3.7,10.61,27,780,N/A
2011,6,24,8,30,73,957,714,0.15,3.7,10,28,780,N/A
2011,6,24,9,0,76,981,806,0.15,3.8000000000000003,9.1,29,780,N/A
2011,6,24,9,30,78,997,887,0.15,3.8000000000000003,8.59,29,780,N/A
2011,6,24,10,0,82,1006,955,0.15,3.9000000000000004,7.72,30,780,N/A
2011,6,24,10,30,84,1015,1011,0.15,4,7.72,31,780,N/A
2011,6,24,11,0,94,1009,1049,0.15,4.1000000000000005,6.95,32,780,N/A
2011,6,24,11,30,94,1013,1075,0.15,4.1000000000000005,6.95,32,780,N/A
2011,6,24,12,0,98,1010,1085,0.15,4.3,6.3,33,780,N/A
2011,6,24,12,30,98,1009,1080,0.15,4.4,6.29,33,780,N/A
2011,6,24,13,0,99,1002,1059,0.15,4.5,5.7,33,780,N/A
2011,6,24,13,30,98,997,1023,0.15,4.6000000000000005,5.7,33,780,N/A
2011,6,24,14,0,93,994,975,0.15,4.7,5.44,33,780,N/A
2011,6,24,14,30,90,982,911,0.15,4.800000000000001,5.44,33,780,N/A
2011,6,24,15,0,86,970,836,0.15,5,5.18,33,780,N/A
2011,6,24,15,30,82,950,749,0.15,5,5.48,32,780,N/A
2011,6,24,16,0,75,930,654,0.15,5,5.29,32,780,N/A
2011,6,24,16,30,70,896,550,0.15,4.9,5.59,31,780,N/A
2011,6,24,17,0,62,859,444,0.15,4.9,5.8,31,780,N/A
2011,6,24,17,30,56,797,334,0.15,4,6.140000000000001,29,780,N/A
2011,6,24,18,0,47,710,226,0.15,3.1,6.6000000000000005,28,780,N/A
2011,6,24,18,30,35,568,123,0.15,2.4000000000000004,7.87,25,780,N/A
2011,6,24,19,0,19,315,37,0.15,1.8,10.08,22,780,N/A
2011,6,24,19,30,0,0,0,0.15,1.7000000000000002,10.72,21,780,N/A
2011,6,24,20,0,0,0,0,0.15,1.7000000000000002,11.92,20,780,N/A
2011,6,24,20,30,0,0,0,0.15,1.7000000000000002,12.68,19,780,N/A
2011,6,24,21,0,0,0,0,0.15,1.7000000000000002,13.51,19,780,N/A
2011,6,24,21,30,0,0,0,0.15,1.8,14.38,19,780,N/A
2011,6,24,22,0,0,0,0,0.15,1.9000000000000001,15.52,19,780,N/A
2011,6,24,22,30,0,0,0,0.15,2,15.52,18,780,N/A
2011,6,24,23,0,0,0,0,0.15,2.3000000000000003,16.740000000000002,18,780,N/A
2011,6,24,23,30,0,0,0,0.15,2.3000000000000003,17.830000000000002,18,780,N/A
2011,6,25,0,0,0,0,0,0.15,2.4000000000000004,18.82,18,780,N/A
2011,6,25,0,30,0,0,0,0.15,2.2,20.05,17,780,N/A
2011,6,25,1,0,0,0,0,0.15,2.1,20.62,16,780,N/A
2011,6,25,1,30,0,0,0,0.15,2,21.98,15,780,N/A
2011,6,25,2,0,0,0,0,0.15,1.9000000000000001,22.25,15,780,N/A
2011,6,25,2,30,0,0,0,0.15,1.8,23.73,14,780,N/A
2011,6,25,3,0,0,0,0,0.15,1.7000000000000002,23.81,14,780,N/A
2011,6,25,3,30,0,0,0,0.15,1.6,25.41,13,780,N/A
2011,6,25,4,0,0,0,0,0.15,1.5,27.060000000000002,13,780,N/A
2011,6,25,4,30,0,0,0,0.15,1.6,25.35,13,780,N/A
2011,6,25,5,0,10,124,12,0.15,1.7000000000000002,23.68,14,780,N/A
2011,6,25,5,30,31,440,82,0.15,2,20.830000000000002,16,780,N/A
2011,6,25,6,0,48,607,176,0.15,2.4000000000000004,18,19,780,N/A
2011,6,25,6,30,59,721,282,0.15,2.3000000000000003,15.9,21,780,N/A
2011,6,25,7,0,71,787,389,0.15,2.3000000000000003,12.450000000000001,23,780,N/A
2011,6,25,7,30,78,842,498,0.15,2.5,11.72,24,780,N/A
2011,6,25,8,0,85,882,603,0.15,2.7,9.620000000000001,26,780,N/A
2011,6,25,8,30,90,914,702,0.15,3,9.07,27,780,N/A
2011,6,25,9,0,95,937,792,0.15,3.3000000000000003,8.06,28,780,N/A
2011,6,25,9,30,98,956,873,0.15,3.5,7.6000000000000005,29,780,N/A
2011,6,25,10,0,101,971,943,0.15,3.7,7.07,30,780,N/A
2011,6,25,10,30,103,981,998,0.15,3.8000000000000003,7.07,30,780,N/A
2011,6,25,11,0,102,992,1041,0.15,3.9000000000000004,6.79,31,780,N/A
2011,6,25,11,30,103,996,1067,0.15,4,6.79,31,780,N/A
2011,6,25,12,0,108,990,1076,0.15,4.1000000000000005,6.6000000000000005,32,780,N/A
2011,6,25,12,30,108,989,1070,0.15,4.1000000000000005,6.6000000000000005,32,780,N/A
2011,6,25,13,0,111,978,1047,0.15,4.2,6.8,33,780,N/A
2011,6,25,13,30,109,971,1011,0.15,4.3,6.79,33,780,N/A
2011,6,25,14,0,103,967,962,0.15,4.5,6.94,33,780,N/A
2011,6,25,14,30,101,953,897,0.15,4.6000000000000005,6.94,32,780,N/A
2011,6,25,15,0,97,935,821,0.15,4.800000000000001,6.98,32,780,N/A
2011,6,25,15,30,93,913,734,0.15,4.9,7.390000000000001,32,780,N/A
2011,6,25,16,0,88,886,639,0.15,5,7.3500000000000005,32,780,N/A
2011,6,25,16,30,82,848,537,0.15,4.9,7.78,31,780,N/A
2011,6,25,17,0,77,791,429,0.148,4.9,7.69,30,780,N/A
2011,6,25,17,30,68,723,321,0.148,3.9000000000000004,8.63,29,780,N/A
2011,6,25,18,0,59,609,213,0.148,3,9.120000000000001,28,780,N/A
2011,6,25,18,30,43,458,114,0.148,2.3000000000000003,10.89,25,780,N/A
2011,6,25,19,0,21,216,33,0.148,1.6,12.530000000000001,22,780,N/A
2011,6,25,19,30,0,0,0,0.148,1.5,13.32,21,780,N/A
2011,6,25,20,0,0,0,0,0.148,1.5,14.120000000000001,20,780,N/A
2011,6,25,20,30,0,0,0,0.148,1.6,15.02,19,780,N/A
2011,6,25,21,0,0,0,0,0.148,1.8,15.280000000000001,19,780,N/A
2011,6,25,21,30,0,0,0,0.148,1.9000000000000001,16.27,19,780,N/A
2011,6,25,22,0,0,0,0,0.148,2,16.95,19,780,N/A
2011,6,25,22,30,0,0,0,0.148,2,16.95,18,780,N/A
2011,6,25,23,0,0,0,0,0.148,2,17.96,18,780,N/A
2011,6,25,23,30,0,0,0,0.148,1.9000000000000001,19.13,17,780,N/A
2011,6,26,0,0,0,0,0,0.148,1.9000000000000001,20.17,17,780,N/A
2011,6,26,0,30,0,0,0,0.148,1.8,21.490000000000002,16,780,N/A
2011,6,26,1,0,0,0,0,0.148,1.7000000000000002,22.36,16,780,N/A
2011,6,26,1,30,0,0,0,0.148,1.6,23.830000000000002,15,780,N/A
2011,6,26,2,0,0,0,0,0.148,1.6,24.43,15,780,N/A
2011,6,26,2,30,0,0,0,0.148,1.5,26.05,14,780,N/A
2011,6,26,3,0,0,0,0,0.148,1.4000000000000001,26.48,14,780,N/A
2011,6,26,3,30,0,0,0,0.148,1.4000000000000001,28.26,13,780,N/A
2011,6,26,4,0,0,0,0,0.148,1.4000000000000001,28.62,13,780,N/A
2011,6,26,4,30,0,0,0,0.148,1.4000000000000001,28.62,14,780,N/A
2011,6,26,5,0,9,102,11,0.148,1.5,27.09,15,780,N/A
2011,6,26,5,30,33,395,77,0.148,2,23.830000000000002,17,780,N/A
2011,6,26,6,0,50,579,172,0.148,2.5,20.94,19,780,N/A
2011,6,26,6,30,63,695,277,0.148,2.9000000000000004,18.490000000000002,21,780,N/A
2011,6,26,7,0,73,774,385,0.148,3.4000000000000004,14.6,23,780,N/A
2011,6,26,7,30,81,831,494,0.148,4,13.75,24,780,N/A
2011,6,26,8,0,89,868,597,0.148,4.6000000000000005,10.8,26,780,N/A
2011,6,26,8,30,95,900,696,0.148,4.9,10.19,27,780,N/A
2011,6,26,9,0,104,916,784,0.148,5.300000000000001,8.3,28,780,N/A
2011,6,26,9,30,108,935,865,0.148,5.5,8.3,29,780,N/A
2011,6,26,10,0,123,928,927,0.148,5.800000000000001,7.33,30,780,N/A
2011,6,26,10,30,126,939,982,0.148,5.9,6.92,30,780,N/A
2011,6,26,11,0,130,942,1022,0.148,6,6.68,31,780,N/A
2011,6,26,11,30,132,946,1047,0.148,6.1000000000000005,6.67,31,780,N/A
2011,6,26,12,0,164,898,1042,0.148,6.2,6.8,32,780,N/A
2011,6,26,12,30,164,896,1036,0.148,6.300000000000001,6.8,32,780,N/A
2011,6,26,13,0,186,853,1002,0.148,6.4,7.45,32,780,N/A
2011,6,26,13,30,184,843,966,0.148,6.4,7.45,32,780,N/A
2011,6,26,14,0,113,942,950,0.148,6.5,8.01,33,780,N/A
2011,6,26,14,30,110,927,885,0.148,6.5,8.01,32,780,N/A
2011,6,26,15,0,127,867,798,0.148,6.5,8.42,32,780,N/A
2011,6,26,15,30,121,840,712,0.148,6.300000000000001,8.91,31,780,N/A
2011,6,26,16,0,268,360,492,0.148,6.2,9.22,31,780,N/A
2011,6,26,16,30,105,764,516,0.148,5.9,9.76,30,780,N/A
2011,6,26,17,0,106,628,386,0.148,5.6000000000000005,10.03,30,780,N/A
2011,6,26,17,30,118,399,257,0.148,4.6000000000000005,11.26,29,780,N/A
2011,6,26,18,0,79,378,174,0.148,3.7,12.27,28,780,N/A
2011,6,26,18,30,55,221,90,0.148,2.7,13.81,25,780,N/A
2011,6,26,19,0,19,61,22,0.148,1.8,16.03,23,780,N/A
2011,6,26,19,30,0,0,0,0.148,1.6,18.11,22,780,N/A
2011,6,26,20,0,0,0,0,0.148,1.5,19.66,21,780,N/A
2011,6,26,20,30,0,0,0,0.148,1.4000000000000001,20.92,20,780,N/A
2011,6,26,21,0,0,0,0,0.148,1.3,21.19,20,780,N/A
2011,6,26,21,30,0,0,0,0.148,1.3,22.56,19,780,N/A
2011,6,26,22,0,0,0,0,0.148,1.3,22.56,18,780,N/A
2011,6,26,22,30,0,0,0,0.148,1.2000000000000002,24.03,17,780,N/A
2011,6,26,23,0,0,0,0,0.148,1.2000000000000002,23.67,17,780,N/A
2011,6,26,23,30,0,0,0,0.148,1.2000000000000002,25.22,16,780,N/A
2011,6,27,0,0,0,0,0,0.148,1.2000000000000002,24.62,16,780,N/A
2011,6,27,0,30,0,0,0,0.148,1.2000000000000002,26.240000000000002,16,780,N/A
2011,6,27,1,0,0,0,0,0.148,1.2000000000000002,25.51,16,780,N/A
2011,6,27,1,30,0,0,0,0.148,1.2000000000000002,27.2,15,780,N/A
2011,6,27,2,0,0,0,0,0.148,1.2000000000000002,26.36,15,780,N/A
2011,6,27,2,30,0,0,0,0.148,1.2000000000000002,26.37,14,780,N/A
2011,6,27,3,0,0,0,0,0.148,1.3,25.47,14,780,N/A
2011,6,27,3,30,0,0,0,0.148,1.3,27.18,13,780,N/A
2011,6,27,4,0,0,0,0,0.148,1.4000000000000001,26.25,13,780,N/A
2011,6,27,4,30,0,0,0,0.148,1.4000000000000001,26.26,14,780,N/A
2011,6,27,5,0,0,0,0,0.148,1.4000000000000001,23.94,15,780,N/A
2011,6,27,5,30,38,204,61,0.148,1.9000000000000001,21.06,17,780,N/A
2011,6,27,6,0,71,358,146,0.148,2.5,16.82,19,780,N/A
2011,6,27,6,30,97,477,243,0.148,2.4000000000000004,14.870000000000001,21,790,N/A
2011,6,27,7,0,121,553,344,0.148,2.3000000000000003,12.21,24,790,N/A
2011,6,27,7,30,138,622,447,0.148,1.7000000000000002,11.51,25,790,N/A
2011,6,27,8,0,158,661,545,0.148,1.2000000000000002,11.5,27,790,N/A
2011,6,27,8,30,261,444,558,0.148,1.2000000000000002,11.5,28,790,N/A
2011,6,27,9,0,369,121,459,0.148,1.2000000000000002,11.9,29,790,N/A
2011,6,27,9,30,357,43,392,0.148,1.7000000000000002,11.23,29,790,N/A
2011,6,27,10,0,426,411,782,0.148,2.2,11.67,30,790,N/A
2011,6,27,10,30,293,643,879,0.148,2.5,11.67,30,790,N/A
2011,6,27,11,0,233,758,950,0.148,2.9000000000000004,12.290000000000001,31,790,N/A
2011,6,27,11,30,236,764,975,0.148,3,12.280000000000001,31,790,N/A
2011,6,27,12,0,380,551,919,0.148,3.3000000000000003,13.27,31,790,N/A
2011,6,27,12,30,382,549,917,0.148,3.4000000000000004,13.27,31,780,N/A
2011,6,27,13,0,484,379,847,0.148,3.5,13.94,31,780,N/A
2011,6,27,13,30,479,369,822,0.148,3.5,14.76,30,780,N/A
2011,6,27,14,0,513,255,741,0.148,3.5,15.23,30,780,N/A
2011,6,27,14,30,485,240,686,0.148,3.3000000000000003,15.22,30,780,N/A
2011,6,27,15,0,451,223,624,0.148,3.2,15.370000000000001,30,780,N/A
2011,6,27,15,30,295,39,322,0.148,3,16.28,29,780,N/A
2011,6,27,16,0,267,25,282,0.148,2.9000000000000004,16.64,29,780,N/A
2011,6,27,16,30,302,167,392,0.148,2.7,17.63,28,780,N/A
2011,6,27,17,0,244,135,304,0.148,2.6,19.990000000000002,28,780,N/A
2011,6,27,17,30,172,97,206,0.148,2.2,21.2,26,780,N/A
2011,6,27,18,0,113,83,134,0.148,1.8,25.13,25,780,N/A
2011,6,27,18,30,48,37,54,0.148,1.9000000000000001,28.34,23,790,N/A
2011,6,27,19,0,13,0,13,0.148,2.1,33.7,22,790,N/A
2011,6,27,19,30,0,0,0,0.148,2.6,35.83,21,790,N/A
2011,6,27,20,0,0,0,0,0.148,3.1,39.49,21,790,N/A
2011,6,27,20,30,0,0,0,0.148,3.3000000000000003,42.01,20,790,N/A
2011,6,27,21,0,0,0,0,0.148,3.6,44.84,20,790,N/A
2011,6,27,21,30,0,0,0,0.148,3.6,47.71,19,790,N/A
2011,6,27,22,0,0,0,0,0.148,3.6,50.14,19,790,N/A
2011,6,27,22,30,0,0,0,0.148,3.3000000000000003,53.370000000000005,18,790,N/A
2011,6,27,23,0,0,0,0,0.148,3.1,59.86,18,790,N/A
2011,6,27,23,30,0,0,0,0.148,2.8000000000000003,63.77,17,790,N/A
2011,6,28,0,0,0,0,0,0.148,2.5,67.42,16,790,N/A
2011,6,28,0,30,0,0,0,0.148,2.3000000000000003,71.86,15,790,N/A
2011,6,28,1,0,0,0,0,0.148,2.2,75.08,15,790,N/A
2011,6,28,1,30,0,0,0,0.148,2.1,80.07000000000001,14,790,N/A
2011,6,28,2,0,0,0,0,0.148,2,82.3,14,790,N/A
2011,6,28,2,30,0,0,0,0.148,2,82.3,14,790,N/A
2011,6,28,3,0,0,0,0,0.148,2,83.44,14,790,N/A
2011,6,28,3,30,0,0,0,0.148,1.8,89.05,14,790,N/A
2011,6,28,4,0,0,0,0,0.148,1.7000000000000002,90.02,14,790,N/A
2011,6,28,4,30,0,0,0,0.148,2,84.38,14,790,N/A
2011,6,28,5,0,0,0,0,0.148,2.3000000000000003,80.8,15,790,N/A
2011,6,28,5,30,42,160,60,0.148,2.6,75.81,16,790,N/A
2011,6,28,6,0,78,305,141,0.148,3,70.5,18,790,N/A
2011,6,28,6,30,106,422,235,0.148,3.2,62.2,20,790,N/A
2011,6,28,7,0,124,531,337,0.148,3.4000000000000004,44.46,22,790,N/A
2011,6,28,7,30,141,601,439,0.148,3.5,41.85,23,790,N/A
2011,6,28,8,0,259,291,429,0.148,3.6,32.05,25,790,N/A
2011,6,28,8,30,157,718,636,0.148,3.6,30.2,26,790,N/A
2011,6,28,9,0,187,710,714,0.148,3.7,24.45,28,790,N/A
2011,6,28,9,30,194,737,791,0.148,3.7,24.44,29,790,N/A
2011,6,28,10,0,441,101,529,0.148,3.7,21.56,30,790,N/A
2011,6,28,10,30,266,679,884,0.148,3.7,20.35,30,790,N/A
2011,6,28,11,0,277,681,921,0.148,3.8000000000000003,18.27,31,790,N/A
2011,6,28,11,30,280,689,946,0.148,3.8000000000000003,18.26,31,790,N/A
2011,6,28,12,0,394,526,908,0.148,3.9000000000000004,16.5,32,790,N/A
2011,6,28,12,30,394,525,905,0.148,3.8000000000000003,16.490000000000002,32,790,N/A
2011,6,28,13,0,473,391,847,0.148,3.8000000000000003,15.82,32,790,N/A
2011,6,28,13,30,463,381,818,0.148,3.7,15.81,32,790,N/A
2011,6,28,14,0,388,470,806,0.148,3.7,15.1,32,790,N/A
2011,6,28,14,30,371,450,747,0.148,3.6,15.97,32,780,N/A
2011,6,28,15,0,360,401,671,0.148,3.6,15.33,32,780,N/A
2011,6,28,15,30,360,110,438,0.148,3.6,15.32,31,780,N/A
2011,6,28,16,0,296,126,375,0.148,3.6,14.84,31,780,N/A
2011,6,28,16,30,187,18,197,0.148,3.6,15.71,30,780,N/A
2011,6,28,17,0,132,3,134,0.148,3.6,16.81,29,780,N/A
2011,6,28,17,30,93,0,93,0.148,4.1000000000000005,18.89,27,780,N/A
2011,6,28,18,0,54,0,54,0.148,4.7,23.51,26,790,N/A
2011,6,28,18,30,50,0,50,0.148,5.4,28.14,24,790,N/A
2011,6,28,19,0,9,12,9,0.148,6.2,38.61,22,790,N/A
2011,6,28,19,30,0,0,0,0.148,5.4,41.08,21,790,N/A
2011,6,28,20,0,0,0,0,0.148,4.6000000000000005,44.660000000000004,20,790,N/A
2011,6,28,20,30,0,0,0,0.148,3.8000000000000003,47.52,19,790,N/A
2011,6,28,21,0,0,0,0,0.148,3,48.11,19,790,N/A
2011,6,28,21,30,0,0,0,0.148,2.5,48.11,19,790,N/A
2011,6,28,22,0,0,0,0,0.148,2,47.13,19,790,N/A
2011,6,28,22,30,0,0,0,0.148,1.6,47.12,19,790,N/A
2011,6,28,23,0,0,0,0,0.148,1.3,45.980000000000004,19,790,N/A
2011,6,28,23,30,0,0,0,0.148,1.2000000000000002,48.92,19,790,N/A
2011,6,29,0,0,0,0,0,0.148,1.2000000000000002,46.97,19,790,N/A
2011,6,29,0,30,0,0,0,0.148,1.1,46.96,19,790,N/A
2011,6,29,1,0,0,0,0,0.148,1.1,43.33,19,790,N/A
2011,6,29,1,30,0,0,0,0.148,1,43.32,18,790,N/A
2011,6,29,2,0,0,0,0,0.148,1,40.53,18,790,N/A
2011,6,29,2,30,0,0,0,0.148,1.1,43.160000000000004,18,790,N/A
2011,6,29,3,0,0,0,0,0.148,1.2000000000000002,42.46,18,790,N/A
2011,6,29,3,30,0,0,0,0.148,1.3,42.46,17,790,N/A
2011,6,29,4,0,0,0,0,0.148,1.5,42.78,17,790,N/A
2011,6,29,4,30,0,0,0,0.148,1.4000000000000001,42.79,17,790,N/A
2011,6,29,5,0,0,0,0,0.148,1.4000000000000001,44.84,18,790,N/A
2011,6,29,5,30,39,143,55,0.148,2,42.11,19,790,N/A
2011,6,29,6,0,76,280,134,0.148,2.6,39.93,21,790,N/A
2011,6,29,6,30,107,395,227,0.148,3,35.33,22,790,N/A
2011,6,29,7,0,136,470,324,0.148,3.5,32.78,24,790,N/A
2011,6,29,7,30,157,541,424,0.148,3.3000000000000003,30.88,25,790,N/A
2011,6,29,8,0,160,634,530,0.148,3.2,28.57,27,790,N/A
2011,6,29,8,30,173,678,624,0.148,3.1,26.93,28,790,N/A
2011,6,29,9,0,202,674,702,0.148,3.1,24.68,29,790,N/A
2011,6,29,9,30,212,702,779,0.148,3.1,23.29,29,790,N/A
2011,6,29,10,0,278,625,818,0.148,3.2,21.3,30,790,N/A
2011,6,29,10,30,287,643,872,0.148,3.3000000000000003,20.11,31,790,N/A
2011,6,29,11,0,264,700,925,0.148,3.5,18.41,32,790,N/A
2011,6,29,11,30,267,707,951,0.148,3.7,18.41,32,790,N/A
2011,6,29,12,0,390,528,906,0.148,4,17.88,33,780,N/A
2011,6,29,12,30,390,526,903,0.148,4.2,17.87,33,780,N/A
2011,6,29,13,0,458,408,848,0.148,4.4,17.43,33,780,N/A
2011,6,29,13,30,450,397,819,0.148,4.5,17.43,32,780,N/A
2011,6,29,14,0,440,377,775,0.148,4.7,16.93,32,780,N/A
2011,6,29,14,30,421,357,720,0.148,4.800000000000001,16.92,32,780,N/A
2011,6,29,15,0,395,333,653,0.148,4.9,16.54,32,780,N/A
2011,6,29,15,30,364,296,573,0.148,4.9,17.5,31,780,N/A
2011,6,29,16,0,304,325,506,0.148,5,18.51,31,780,N/A
2011,6,29,16,30,263,282,415,0.148,4.9,19.6,30,780,N/A
2011,6,29,17,0,162,405,343,0.148,4.800000000000001,19.97,29,780,N/A
2011,6,29,17,30,158,256,247,0.148,4.3,21.16,28,780,N/A
2011,6,29,18,0,90,21,95,0.148,3.8000000000000003,22.67,27,780,N/A
2011,6,29,18,30,39,0,39,0.148,2.9000000000000004,25.51,25,780,N/A
2011,6,29,19,0,11,0,11,0.148,2.1,28.330000000000002,24,780,N/A
2011,6,29,19,30,0,0,0,0.148,1.9000000000000001,30.1,23,780,N/A
2011,6,29,20,0,0,0,0,0.148,1.7000000000000002,28.21,22,780,N/A
2011,6,29,20,30,0,0,0,0.148,1.6,29.990000000000002,21,780,N/A
2011,6,29,21,0,0,0,0,0.148,1.5,29.8,20,780,N/A
2011,6,29,21,30,0,0,0,0.148,1.5,31.7,19,780,N/A
2011,6,29,22,0,0,0,0,0.148,1.5,31.55,19,780,N/A
2011,6,29,22,30,0,0,0,0.148,1.6,33.6,18,780,N/A
2011,6,29,23,0,0,0,0,0.148,1.7000000000000002,31.86,18,780,N/A
2011,6,29,23,30,0,0,0,0.148,1.6,31.87,17,780,N/A
2011,6,30,0,0,0,0,0,0.148,1.6,31.6,17,780,N/A
2011,6,30,0,30,0,0,0,0.148,1.4000000000000001,33.67,16,780,N/A
2011,6,30,1,0,0,0,0,0.148,1.2000000000000002,37.550000000000004,16,780,N/A
2011,6,30,1,30,0,0,0,0.148,1.1,40.03,16,780,N/A
2011,6,30,2,0,0,0,0,0.148,1,46.19,16,780,N/A
2011,6,30,2,30,0,0,0,0.148,0.6000000000000001,46.19,15,780,N/A
2011,6,30,3,0,0,0,0,0.148,0.30000000000000004,50.68,15,780,N/A
2011,6,30,3,30,0,0,0,0.148,0.30000000000000004,50.69,15,780,N/A
2011,6,30,4,0,0,0,0,0.148,0.4,54.02,15,780,N/A
2011,6,30,4,30,0,0,0,0.148,0.5,54.02,15,780,N/A
2011,6,30,5,0,0,0,0,0.148,0.7000000000000001,52.75,16,790,N/A
2011,6,30,5,30,38,126,52,0.148,1.3,49.51,18,790,N/A
2011,6,30,6,0,77,275,134,0.148,2,42.84,20,790,N/A
2011,6,30,6,30,109,389,227,0.148,2.4000000000000004,37.87,21,790,N/A
2011,6,30,7,0,128,508,331,0.148,2.9000000000000004,31.75,23,790,N/A
2011,6,30,7,30,147,580,433,0.148,3.3000000000000003,29.900000000000002,24,790,N/A
2011,6,30,8,0,158,648,535,0.148,3.7,24.52,26,790,N/A
2011,6,30,8,30,170,691,630,0.148,4,23.12,27,780,N/A
2011,6,30,9,0,185,715,715,0.148,4.3,20.57,28,780,N/A
2011,6,30,9,30,194,742,792,0.148,4.5,19.41,29,780,N/A
2011,6,30,10,0,240,696,841,0.148,4.800000000000001,17.75,30,780,N/A
2011,6,30,10,30,246,712,895,0.148,5.1000000000000005,17.740000000000002,30,780,N/A
2011,6,30,11,0,285,673,921,0.148,5.4,16.45,31,780,N/A
2011,6,30,11,30,131,7,138,0.148,5.6000000000000005,16.45,31,780,N/A
2011,6,30,12,0,260,18,278,0.148,5.800000000000001,16.3,32,780,N/A
2011,6,30,12,30,338,21,359,0.148,5.9,16.29,32,780,N/A
2011,6,30,13,0,316,27,343,0.148,6,16.37,32,780,N/A
2011,6,30,13,30,483,363,820,0.148,6,16.36,31,780,N/A
2011,6,30,14,0,241,16,256,0.148,6,16.55,31,780,N/A
2011,6,30,14,30,222,17,237,0.148,6,17.51,30,780,N/A
2011,6,30,15,0,291,24,310,0.148,6,17.84,30,780,N/A
2011,6,30,15,30,259,21,274,0.148,5.800000000000001,18.900000000000002,29,780,N/A
2011,6,30,16,0,176,10,183,0.148,5.7,19.64,29,780,N/A
2011,6,30,16,30,244,108,302,0.148,5.4,20.81,28,780,N/A
2011,6,30,17,0,43,0,43,0.148,5.1000000000000005,21.69,28,780,N/A
2011,6,30,17,30,7,0,7,0.148,4.3,23,27,780,N/A
2011,6,30,18,0,8,0,8,0.148,3.6,25.96,26,780,N/A
2011,6,30,18,30,55,125,75,0.148,2.7,29.23,24,780,N/A
2011,6,30,19,0,19,27,21,0.148,1.8,35.79,22,780,N/A
2011,6,30,19,30,0,0,0,0.148,1.7000000000000002,38.06,21,780,N/A
2011,6,30,20,0,0,0,0,0.148,1.7000000000000002,38.95,21,780,N/A
2011,6,30,20,30,0,0,0,0.148,1.6,41.43,20,780,N/A
2011,6,30,21,0,0,0,0,0.148,1.5,44.4,20,780,N/A
2011,6,30,21,30,0,0,0,0.148,1.2000000000000002,47.26,19,780,N/A
2011,6,30,22,0,0,0,0,0.148,1,46.410000000000004,18,780,N/A
2011,6,30,22,30,0,0,0,0.148,0.9,49.43,17,780,N/A
2011,6,30,23,0,0,0,0,0.148,0.8,47.17,17,780,N/A
2011,6,30,23,30,0,0,0,0.148,0.7000000000000001,50.25,16,780,N/A
2011,7,1,0,0,0,0,0,0.148,0.6000000000000001,47.08,16,780,N/A
2011,7,1,0,30,0,0,0,0.148,0.6000000000000001,50.19,15,780,N/A
2011,7,1,1,0,0,0,0,0.148,0.6000000000000001,47.53,15,780,N/A
2011,7,1,1,30,0,0,0,0.148,0.6000000000000001,50.69,14,780,N/A
2011,7,1,2,0,0,0,0,0.148,0.6000000000000001,49.050000000000004,14,780,N/A
2011,7,1,2,30,0,0,0,0.148,0.6000000000000001,49.050000000000004,14,780,N/A
2011,7,1,3,0,0,0,0,0.148,0.7000000000000001,47.79,14,780,N/A
2011,7,1,3,30,0,0,0,0.148,0.7000000000000001,51,13,780,N/A
2011,7,1,4,0,0,0,0,0.148,0.8,49.59,13,780,N/A
2011,7,1,4,30,0,0,0,0.148,0.8,49.6,13,780,N/A
2011,7,1,5,0,0,0,0,0.148,0.9,45.42,14,780,N/A
2011,7,1,5,30,36,249,62,0.148,1.4000000000000001,39.96,16,780,N/A
2011,7,1,6,0,62,427,150,0.148,1.9000000000000001,32.660000000000004,18,780,N/A
2011,7,1,6,30,83,553,250,0.148,1.9000000000000001,28.85,20,780,N/A
2011,7,1,7,0,99,643,355,0.148,1.9000000000000001,18.400000000000002,23,780,N/A
2011,7,1,7,30,112,712,462,0.148,1.7000000000000002,17.32,24,780,N/A
2011,7,1,8,0,121,768,567,0.148,1.6,12.88,26,780,N/A
2011,7,1,8,30,130,807,666,0.148,1.7000000000000002,12.15,27,780,N/A
2011,7,1,9,0,155,800,747,0.148,1.8,10.48,28,780,N/A
2011,7,1,9,30,162,825,827,0.148,2,9.89,29,780,N/A
2011,7,1,10,0,211,767,873,0.148,2.2,8.83,30,780,N/A
2011,7,1,10,30,217,783,929,0.148,2.4000000000000004,8.83,30,780,N/A
2011,7,1,11,0,227,784,968,0.148,2.7,8.040000000000001,31,780,N/A
2011,7,1,11,30,230,791,994,0.148,2.8000000000000003,8.040000000000001,31,780,N/A
2011,7,1,12,0,307,675,966,0.148,3,7.45,32,780,N/A
2011,7,1,12,30,307,673,962,0.148,3,7.45,32,780,N/A
2011,7,1,13,0,368,563,907,0.148,3,7.41,32,780,N/A
2011,7,1,13,30,361,553,875,0.148,3,7.4,32,780,N/A
2011,7,1,14,0,188,819,916,0.148,3,7.37,33,780,N/A
2011,7,1,14,30,182,802,853,0.148,2.9000000000000004,7.37,32,780,N/A
2011,7,1,15,0,225,678,751,0.148,2.8000000000000003,7.24,32,780,N/A
2011,7,1,15,30,213,645,667,0.148,2.5,7.66,31,780,N/A
2011,7,1,16,0,216,555,563,0.148,2.4000000000000004,7.51,31,780,N/A
2011,7,1,16,30,194,505,466,0.148,2.1,7.95,30,780,N/A
2011,7,1,17,0,167,446,366,0.148,1.8,8.45,30,780,N/A
2011,7,1,17,30,135,370,265,0.148,1.3,9.49,27,780,N/A
2011,7,1,18,0,99,259,165,0.148,0.8,14.700000000000001,25,780,N/A
2011,7,1,18,30,54,157,78,0.148,0.8,16.580000000000002,23,780,N/A
2011,7,1,19,0,12,47,15,0.148,0.8,18.57,22,780,N/A
2011,7,1,19,30,0,0,0,0.148,0.5,19.740000000000002,21,780,N/A
2011,7,1,20,0,0,0,0,0.148,0.2,20.72,21,780,N/A
2011,7,1,20,30,0,0,0,0.148,0.6000000000000001,22.04,20,780,N/A
2011,7,1,21,0,0,0,0,0.148,1,25.18,20,780,N/A
2011,7,1,21,30,0,0,0,0.148,1.3,26.79,19,780,N/A
2011,7,1,22,0,0,0,0,0.148,1.7000000000000002,36.45,19,790,N/A
2011,7,1,22,30,0,0,0,0.148,1.7000000000000002,38.83,18,790,N/A
2011,7,1,23,0,0,0,0,0.148,1.7000000000000002,48.94,17,790,N/A
2011,7,1,23,30,0,0,0,0.148,1.4000000000000001,52.15,16,790,N/A
2011,7,2,0,0,0,0,0,0.148,1.1,61.31,16,790,N/A
2011,7,2,0,30,0,0,0,0.148,1,65.36,16,790,N/A
2011,7,2,1,0,0,0,0,0.148,0.9,71.52,16,790,N/A
2011,7,2,1,30,0,0,0,0.148,0.9,71.52,15,790,N/A
2011,7,2,2,0,0,0,0,0.148,1,74.31,15,790,N/A
2011,7,2,2,30,0,0,0,0.148,1,74.31,15,790,N/A
2011,7,2,3,0,0,0,0,0.148,1,75.28,15,790,N/A
2011,7,2,3,30,0,0,0,0.148,1,80.3,14,790,N/A
2011,7,2,4,0,0,0,0,0.148,1.1,80.54,14,790,N/A
2011,7,2,4,30,0,0,0,0.148,1.3,80.56,15,790,N/A
2011,7,2,5,0,0,0,0,0.148,1.5,75.42,16,790,N/A
2011,7,2,5,30,36,134,50,0.148,1.9000000000000001,66.42,17,790,N/A
2011,7,2,6,0,74,279,131,0.148,2.3000000000000003,58.120000000000005,19,790,N/A
2011,7,2,6,30,105,393,223,0.148,2.4000000000000004,54.64,21,790,N/A
2011,7,2,7,0,129,488,323,0.148,2.5,46.74,23,790,N/A
2011,7,2,7,30,149,559,423,0.148,2.6,44,24,790,N/A
2011,7,2,8,0,161,626,524,0.148,2.7,36.52,26,790,N/A
2011,7,2,8,30,174,669,618,0.148,2.8000000000000003,34.42,27,790,N/A
2011,7,2,9,0,201,673,698,0.148,3,30.5,28,790,N/A
2011,7,2,9,30,211,701,776,0.148,3.1,28.77,28,790,N/A
2011,7,2,10,0,273,634,820,0.148,3.3000000000000003,25.75,29,790,N/A
2011,7,2,10,30,283,651,875,0.148,3.3000000000000003,25.740000000000002,29,790,N/A
2011,7,2,11,0,427,465,866,0.148,3.4000000000000004,23.13,30,790,N/A
2011,7,2,11,30,437,473,894,0.148,3.4000000000000004,23.12,30,790,N/A
2011,7,2,12,0,523,362,877,0.148,3.4000000000000004,22.35,30,790,N/A
2011,7,2,12,30,524,361,875,0.148,3.4000000000000004,22.34,30,790,N/A
2011,7,2,13,0,564,281,834,0.148,3.5,21.92,30,790,N/A
2011,7,2,13,30,548,272,801,0.148,3.5,21.92,30,790,N/A
2011,7,2,14,0,511,198,687,0.148,3.6,21.68,30,790,N/A
2011,7,2,14,30,426,249,635,0.148,3.7,22.95,29,790,N/A
2011,7,2,15,0,372,310,612,0.148,3.8000000000000003,22.740000000000002,29,790,N/A
2011,7,2,15,30,343,117,426,0.148,3.8000000000000003,24.09,28,790,N/A
2011,7,2,16,0,224,21,237,0.148,3.9000000000000004,23.95,28,790,N/A
2011,7,2,16,30,222,46,247,0.148,3.9000000000000004,25.39,27,790,N/A
2011,7,2,17,0,25,0,25,0.148,3.9000000000000004,27.11,27,790,N/A
2011,7,2,17,30,98,0,98,0.148,3.6,28.76,25,790,N/A
2011,7,2,18,0,23,0,23,0.148,3.4000000000000004,31.45,24,790,N/A
2011,7,2,18,30,38,0,38,0.148,2.8000000000000003,35.49,22,790,N/A
2011,7,2,19,0,6,0,6,0.148,2.3000000000000003,38.87,21,790,N/A
2011,7,2,19,30,0,0,0,0.148,2.2,41.35,20,790,N/A
2011,7,2,20,0,0,0,0,0.148,2.2,42.300000000000004,20,790,N/A
2011,7,2,20,30,0,0,0,0.148,2.1,45.02,19,790,N/A
2011,7,2,21,0,0,0,0,0.148,2,47.26,19,790,N/A
2011,7,2,21,30,0,0,0,0.148,1.9000000000000001,50.300000000000004,18,790,N/A
2011,7,2,22,0,0,0,0,0.148,1.8,54.7,18,790,N/A
2011,7,2,22,30,0,0,0,0.148,1.7000000000000002,58.26,17,790,N/A
2011,7,2,23,0,0,0,0,0.148,1.6,61.34,17,790,N/A
2011,7,2,23,30,0,0,0,0.148,1.6,65.36,17,790,N/A
2011,7,3,0,0,0,0,0,0.148,1.6,67.56,17,790,N/A
2011,7,3,0,30,0,0,0,0.148,1.8,67.56,17,790,N/A
2011,7,3,1,0,0,0,0,0.148,2.1,68.87,17,790,N/A
2011,7,3,1,30,0,0,0,0.148,2.3000000000000003,68.86,16,790,N/A
2011,7,3,2,0,0,0,0,0.148,2.5,69.15,16,790,N/A
2011,7,3,2,30,0,0,0,0.148,2.3000000000000003,73.72,16,790,N/A
2011,7,3,3,0,0,0,0,0.148,2.2,73.25,16,790,N/A
2011,7,3,3,30,0,0,0,0.148,1.7000000000000002,73.25,15,790,N/A
2011,7,3,4,0,0,0,0,0.148,1.3,73.11,15,790,N/A
2011,7,3,4,30,0,0,0,0.148,1.3,73.11,15,790,N/A
2011,7,3,5,0,0,0,0,0.148,1.3,71.58,16,790,N/A
2011,7,3,5,30,37,194,58,0.148,1.8,67.18,17,790,N/A
2011,7,3,6,0,64,391,143,0.148,2.4000000000000004,64.76,19,790,N/A
2011,7,3,6,30,84,516,239,0.148,2.4000000000000004,57.18,20,790,N/A
2011,7,3,7,0,95,627,344,0.148,2.4000000000000004,48.03,22,790,N/A
2011,7,3,7,30,107,695,448,0.148,2.2,45.21,23,790,N/A
2011,7,3,8,0,112,759,551,0.148,2.1,40.34,25,790,N/A
2011,7,3,8,30,119,797,647,0.148,1.9000000000000001,38,26,790,N/A
2011,7,3,9,0,130,817,733,0.148,1.7000000000000002,32.01,27,790,N/A
2011,7,3,9,30,136,840,812,0.148,1.6,30.19,28,790,N/A
2011,7,3,10,0,162,820,869,0.148,1.6,26.810000000000002,29,790,N/A
2011,7,3,10,30,167,833,924,0.148,1.6,26.8,30,790,N/A
2011,7,3,11,0,204,792,951,0.148,1.6,24,31,790,N/A
2011,7,3,11,30,207,797,977,0.148,1.6,23.98,31,790,N/A
2011,7,3,12,0,280,699,962,0.148,1.7000000000000002,21.68,31,790,N/A
2011,7,3,12,30,530,412,931,0.148,1.6,21.67,31,780,N/A
2011,7,3,13,0,233,17,249,0.148,1.6,21,32,780,N/A
2011,7,3,13,30,230,16,245,0.148,1.3,21,31,780,N/A
2011,7,3,14,0,126,6,131,0.148,1.1,20.78,31,780,N/A
2011,7,3,14,30,359,37,391,0.148,0.7000000000000001,22,30,780,N/A
2011,7,3,15,0,29,0,29,0.148,0.30000000000000004,22.03,30,780,N/A
2011,7,3,15,30,29,0,29,0.148,0.7000000000000001,23.330000000000002,29,780,N/A
2011,7,3,16,0,242,29,261,0.148,1.1,24.88,29,780,N/A
2011,7,3,16,30,204,22,216,0.148,1.8,26.36,28,780,N/A
2011,7,3,17,0,183,286,311,0.153,2.5,29.29,27,780,N/A
2011,7,3,17,30,149,322,262,0.153,3.1,32.99,25,780,N/A
2011,7,3,18,0,109,225,167,0.153,3.7,40.27,24,780,N/A
2011,7,3,18,30,51,3,52,0.153,4.1000000000000005,45.49,22,780,N/A
2011,7,3,19,0,11,0,11,0.153,4.5,53.33,20,790,N/A
2011,7,3,19,30,0,0,0,0.153,4,56.77,19,790,N/A
2011,7,3,20,0,0,0,0,0.153,3.5,63.39,18,790,N/A
2011,7,3,20,30,0,0,0,0.153,2.6,67.52,17,790,N/A
2011,7,3,21,0,0,0,0,0.153,1.8,68.45,17,790,N/A
2011,7,3,21,30,0,0,0,0.153,1.1,72.93,16,790,N/A
2011,7,3,22,0,0,0,0,0.153,0.5,72.78,16,790,N/A
2011,7,3,22,30,0,0,0,0.153,0.5,77.57000000000001,16,790,N/A
2011,7,3,23,0,0,0,0,0.153,0.5,75.44,16,790,N/A
2011,7,3,23,30,0,0,0,0.153,0.5,75.43,15,790,N/A
2011,7,4,0,0,0,0,0,0.153,0.5,72.63,15,790,N/A
2011,7,4,0,30,0,0,0,0.153,0.4,72.61,15,790,N/A
2011,7,4,1,0,0,0,0,0.153,0.4,69.86,15,790,N/A
2011,7,4,1,30,0,0,0,0.153,0.4,69.85000000000001,15,790,N/A
2011,7,4,2,0,0,0,0,0.153,0.5,68.54,15,790,N/A
2011,7,4,2,30,0,0,0,0.153,0.6000000000000001,73.09,14,790,N/A
2011,7,4,3,0,0,0,0,0.153,0.8,73.21000000000001,14,790,N/A
2011,7,4,3,30,0,0,0,0.153,0.9,78.12,13,790,N/A
2011,7,4,4,0,0,0,0,0.153,1.1,78.69,13,790,N/A
2011,7,4,4,30,0,0,0,0.153,1.4000000000000001,78.7,13,790,N/A
2011,7,4,5,0,0,0,0,0.153,1.7000000000000002,76.71000000000001,14,790,N/A
2011,7,4,5,30,35,174,53,0.153,2.1,71.93,15,790,N/A
2011,7,4,6,0,70,315,133,0.153,2.6,68.65,17,790,N/A
2011,7,4,6,30,99,433,228,0.153,2.3000000000000003,60.51,19,790,N/A
2011,7,4,7,0,139,395,295,0.153,2.1,45.06,21,790,N/A
2011,7,4,7,30,144,583,428,0.153,1.8,39.9,23,790,N/A
2011,7,4,8,0,161,634,528,0.153,1.5,30.88,25,790,N/A
2011,7,4,8,30,174,679,623,0.153,1.2000000000000002,29.1,26,790,N/A
2011,7,4,9,0,192,699,707,0.153,0.9,24.67,28,790,N/A
2011,7,4,9,30,202,727,786,0.153,0.9,23.27,28,790,N/A
2011,7,4,10,0,234,706,843,0.153,1,20.240000000000002,29,790,N/A
2011,7,4,10,30,242,723,898,0.153,1.2000000000000002,19.1,30,790,N/A
2011,7,4,11,0,254,725,938,0.153,1.4000000000000001,16.86,31,780,N/A
2011,7,4,11,30,258,732,965,0.153,1.6,16.86,31,780,N/A
2011,7,4,12,0,329,635,948,0.153,1.9000000000000001,15.92,32,780,N/A
2011,7,4,12,30,329,633,945,0.153,2.1,15.92,32,780,N/A
2011,7,4,13,0,445,77,519,0.153,2.4000000000000004,14.41,32,780,N/A
2011,7,4,13,30,448,57,501,0.153,2.5,14.4,32,780,N/A
2011,7,4,14,0,248,17,263,0.153,2.8000000000000003,13.93,32,780,N/A
2011,7,4,14,30,141,8,148,0.153,3,14.74,32,780,N/A
2011,7,4,15,0,128,6,133,0.153,3.3000000000000003,14.5,32,780,N/A
2011,7,4,15,30,306,47,340,0.153,3.4000000000000004,15.35,31,780,N/A
2011,7,4,16,0,293,104,358,0.153,3.6,15.370000000000001,31,780,N/A
2011,7,4,16,30,254,78,296,0.153,3.6,16.28,30,780,N/A
2011,7,4,17,0,205,84,242,0.153,3.7,16.71,29,780,N/A
2011,7,4,17,30,143,92,176,0.153,3.2,18.77,27,780,N/A
2011,7,4,18,0,97,88,120,0.153,2.7,21.53,26,780,N/A
2011,7,4,18,30,55,139,76,0.153,2.3000000000000003,24.25,24,780,N/A
2011,7,4,19,0,18,0,18,0.153,1.9000000000000001,30.080000000000002,22,780,N/A
2011,7,4,19,30,0,0,0,0.153,2,31.990000000000002,21,780,N/A
2011,7,4,20,0,0,0,0,0.153,2.3000000000000003,32.4,21,790,N/A
2011,7,4,20,30,0,0,0,0.153,2.3000000000000003,34.47,20,790,N/A
2011,7,4,21,0,0,0,0,0.153,2.4000000000000004,38.19,20,790,N/A
2011,7,4,21,30,0,0,0,0.153,2.3000000000000003,40.660000000000004,19,790,N/A
2011,7,4,22,0,0,0,0,0.153,2.3000000000000003,41.93,18,790,N/A
2011,7,4,22,30,0,0,0,0.153,2,44.660000000000004,18,790,N/A
2011,7,4,23,0,0,0,0,0.153,1.7000000000000002,44.730000000000004,18,790,N/A
2011,7,4,23,30,0,0,0,0.153,1.5,47.65,17,790,N/A
2011,7,5,0,0,0,0,0,0.153,1.3,47.02,16,790,N/A
2011,7,5,0,30,0,0,0,0.153,1.2000000000000002,50.13,16,790,N/A
2011,7,5,1,0,0,0,0,0.153,1.1,49.11,16,790,N/A
2011,7,5,1,30,0,0,0,0.153,1,49.1,15,790,N/A
2011,7,5,2,0,0,0,0,0.153,1,48.11,15,790,N/A
2011,7,5,2,30,0,0,0,0.153,1,51.32,15,790,N/A
2011,7,5,3,0,0,0,0,0.153,1,50.54,15,790,N/A
2011,7,5,3,30,0,0,0,0.153,1,50.550000000000004,14,790,N/A
2011,7,5,4,0,0,0,0,0.153,1,50.13,14,790,N/A
2011,7,5,4,30,0,0,0,0.153,1,47.02,15,790,N/A
2011,7,5,5,0,0,0,0,0.153,1,46.84,16,790,N/A
2011,7,5,5,30,36,225,58,0.153,1.5,41.300000000000004,18,790,N/A
2011,7,5,6,0,61,414,144,0.153,2.1,35.46,20,790,N/A
2011,7,5,6,30,80,546,242,0.153,2.4000000000000004,31.37,22,790,N/A
2011,7,5,7,0,96,634,346,0.153,2.7,27.96,24,790,N/A
2011,7,5,7,30,108,703,451,0.153,2.6,26.34,25,790,N/A
2011,7,5,8,0,114,767,557,0.153,2.6,23.43,27,790,N/A
2011,7,5,8,30,122,807,654,0.153,2.5,22.09,27,790,N/A
2011,7,5,9,0,143,808,738,0.153,2.5,19.46,28,790,N/A
2011,7,5,9,30,149,833,818,0.153,2.5,18.36,29,790,N/A
2011,7,5,10,0,195,782,868,0.153,2.5,16.11,30,790,N/A
2011,7,5,10,30,200,798,923,0.153,2.5,16.1,30,790,N/A
2011,7,5,11,0,215,791,960,0.153,2.6,14.24,31,790,N/A
2011,7,5,11,30,217,799,988,0.153,2.7,14.23,31,790,N/A
2011,7,5,12,0,293,690,966,0.153,2.8000000000000003,13.61,32,790,N/A
2011,7,5,12,30,293,689,962,0.153,2.8000000000000003,13.61,32,790,N/A
2011,7,5,13,0,347,599,919,0.153,2.9000000000000004,12.69,32,780,N/A
2011,7,5,13,30,340,587,885,0.153,3,12.69,32,780,N/A
2011,7,5,14,0,421,356,737,0.153,3.2,12.86,32,780,N/A
2011,7,5,14,30,334,420,685,0.153,3.4000000000000004,13.61,32,780,N/A
2011,7,5,15,0,255,611,728,0.153,3.6,14.22,32,780,N/A
2011,7,5,15,30,242,575,646,0.153,3.7,15.05,31,780,N/A
2011,7,5,16,0,221,539,558,0.153,3.8000000000000003,16.080000000000002,30,780,N/A
2011,7,5,16,30,201,485,462,0.153,3.8000000000000003,17.03,29,780,N/A
2011,7,5,17,0,163,463,369,0.153,3.9000000000000004,18.37,29,780,N/A
2011,7,5,17,30,136,380,269,0.153,3.5,20.64,27,780,N/A
2011,7,5,18,0,93,346,181,0.153,3.2,23.900000000000002,26,780,N/A
2011,7,5,18,30,59,209,92,0.153,2.5,26.92,24,780,N/A
2011,7,5,19,0,21,82,26,0.153,1.8,33.26,22,790,N/A
2011,7,5,19,30,0,0,0,0.153,1.8,35.37,21,790,N/A
2011,7,5,20,0,0,0,0,0.153,1.9000000000000001,36.15,21,790,N/A
2011,7,5,20,30,0,0,0,0.153,1.9000000000000001,38.45,20,790,N/A
2011,7,5,21,0,0,0,0,0.153,1.9000000000000001,38.68,20,790,N/A
2011,7,5,21,30,0,0,0,0.153,1.8,41.15,19,790,N/A
2011,7,5,22,0,0,0,0,0.153,1.7000000000000002,41.17,19,790,N/A
2011,7,5,22,30,0,0,0,0.153,1.6,43.82,18,790,N/A
2011,7,5,23,0,0,0,0,0.153,1.5,43.7,18,790,N/A
2011,7,5,23,30,0,0,0,0.153,1.3,46.53,17,790,N/A
2011,7,6,0,0,0,0,0,0.153,1.2000000000000002,46.26,17,790,N/A
2011,7,6,0,30,0,0,0,0.153,1.1,49.29,16,790,N/A
2011,7,6,1,0,0,0,0,0.153,1.1,48.870000000000005,16,790,N/A
2011,7,6,1,30,0,0,0,0.153,1,52.09,16,790,N/A
2011,7,6,2,0,0,0,0,0.153,1,51.6,16,790,N/A
2011,7,6,2,30,0,0,0,0.153,1,51.6,15,790,N/A
2011,7,6,3,0,0,0,0,0.153,1,51.17,15,790,N/A
2011,7,6,3,30,0,0,0,0.153,1,51.18,15,790,N/A
2011,7,6,4,0,0,0,0,0.153,1,50.88,15,790,N/A
2011,7,6,4,30,0,0,0,0.153,0.8,50.88,15,790,N/A
2011,7,6,5,0,0,0,0,0.153,0.7000000000000001,49.27,16,790,N/A
2011,7,6,5,30,36,194,55,0.153,1,43.43,18,790,N/A
2011,7,6,6,0,66,362,137,0.153,1.3,38.06,20,790,N/A
2011,7,6,6,30,88,492,234,0.153,1.8,33.67,22,790,N/A
2011,7,6,7,0,108,575,334,0.153,2.3000000000000003,30.67,24,790,N/A
2011,7,6,7,30,123,646,437,0.153,2.4000000000000004,28.89,25,790,N/A
2011,7,6,8,0,133,706,539,0.153,2.6,26.580000000000002,26,790,N/A
2011,7,6,8,30,142,748,635,0.153,2.5,25.060000000000002,27,790,N/A
2011,7,6,9,0,161,758,719,0.153,2.5,22.95,28,790,N/A
2011,7,6,9,30,168,785,798,0.153,2.4000000000000004,21.66,29,790,N/A
2011,7,6,10,0,216,737,849,0.153,2.4000000000000004,20.04,30,790,N/A
2011,7,6,10,30,221,753,905,0.153,2.4000000000000004,20.03,30,790,N/A
2011,7,6,11,0,200,803,956,0.153,2.4000000000000004,18.43,31,790,N/A
2011,7,6,11,30,202,810,983,0.153,2.4000000000000004,18.43,31,790,N/A
2011,7,6,12,0,287,692,961,0.153,2.4000000000000004,17.93,32,790,N/A
2011,7,6,12,30,286,691,957,0.153,2.4000000000000004,17.92,32,790,N/A
2011,7,6,13,0,352,585,912,0.153,2.4000000000000004,16.51,32,790,N/A
2011,7,6,13,30,346,574,879,0.153,2.4000000000000004,16.5,32,790,N/A
2011,7,6,14,0,331,567,834,0.153,2.5,16.27,32,780,N/A
2011,7,6,14,30,319,544,775,0.153,2.5,17.2,31,780,N/A
2011,7,6,15,0,329,471,694,0.153,2.6,17.21,31,780,N/A
2011,7,6,15,30,308,436,615,0.153,2.6,18.21,30,780,N/A
2011,7,6,16,0,291,372,523,0.153,2.6,18.34,30,780,N/A
2011,7,6,16,30,258,322,432,0.153,2.6,19.43,29,780,N/A
2011,7,6,17,0,223,247,333,0.153,2.6,21.41,29,780,N/A
2011,7,6,17,30,173,184,238,0.153,2.2,22.7,27,780,N/A
2011,7,6,18,0,116,114,144,0.153,1.8,26.6,26,780,N/A
2011,7,6,18,30,54,52,63,0.153,1.5,29.96,24,780,N/A
2011,7,6,19,0,10,9,10,0.153,1.3,32.61,23,780,N/A
2011,7,6,19,30,0,0,0,0.153,1.4000000000000001,34.65,22,790,N/A
2011,7,6,20,0,0,0,0,0.153,1.5,35.44,22,790,N/A
2011,7,6,20,30,0,0,0,0.153,1.6,37.69,21,790,N/A
2011,7,6,21,0,0,0,0,0.153,1.7000000000000002,36.18,21,790,N/A
2011,7,6,21,30,0,0,0,0.153,1.7000000000000002,38.5,20,790,N/A
2011,7,6,22,0,0,0,0,0.153,1.7000000000000002,37.4,20,790,N/A
2011,7,6,22,30,0,0,0,0.153,1.6,37.4,19,790,N/A
2011,7,6,23,0,0,0,0,0.153,1.6,36.71,19,790,N/A
2011,7,6,23,30,0,0,0,0.153,1.4000000000000001,39.07,18,790,N/A
2011,7,7,0,0,0,0,0,0.153,1.3,39.07,18,790,N/A
2011,7,7,0,30,0,0,0,0.153,1.2000000000000002,41.6,18,790,N/A
2011,7,7,1,0,0,0,0,0.153,1.1,41.980000000000004,18,790,N/A
2011,7,7,1,30,0,0,0,0.153,1,41.980000000000004,17,790,N/A
2011,7,7,2,0,0,0,0,0.153,1,43.13,17,790,N/A
2011,7,7,2,30,0,0,0,0.153,0.9,45.95,16,790,N/A
2011,7,7,3,0,0,0,0,0.153,0.9,48.22,16,790,N/A
2011,7,7,3,30,0,0,0,0.153,0.8,51.4,15,790,N/A
2011,7,7,4,0,0,0,0,0.153,0.8,54.120000000000005,15,790,N/A
2011,7,7,4,30,0,0,0,0.153,0.8,54.13,15,790,N/A
2011,7,7,5,0,0,0,0,0.153,0.8,54.68,16,790,N/A
2011,7,7,5,30,34,221,56,0.153,1.1,48.19,18,790,N/A
2011,7,7,6,0,59,414,140,0.153,1.5,45.25,20,790,N/A
2011,7,7,6,30,78,542,237,0.153,1.4000000000000001,42.550000000000004,22,790,N/A
2011,7,7,7,0,91,640,341,0.153,1.4000000000000001,38.14,24,790,N/A
2011,7,7,7,30,102,706,445,0.153,1.5,35.910000000000004,25,790,N/A
2011,7,7,8,0,114,749,544,0.153,1.6,30.41,27,790,N/A
2011,7,7,8,30,122,787,640,0.153,1.7000000000000002,28.67,28,790,N/A
2011,7,7,9,0,132,812,728,0.153,1.8,24.85,29,790,N/A
2011,7,7,9,30,137,835,807,0.153,1.7000000000000002,24.84,30,790,N/A
2011,7,7,10,0,155,832,869,0.153,1.7000000000000002,22.91,31,790,N/A
2011,7,7,10,30,159,845,925,0.153,1.7000000000000002,21.63,31,790,N/A
2011,7,7,11,0,176,835,961,0.153,1.7000000000000002,19.76,32,790,N/A
2011,7,7,11,30,178,841,988,0.153,1.8,19.75,32,780,N/A
2011,7,7,12,0,205,805,989,0.153,1.9000000000000001,18.990000000000002,33,780,N/A
2011,7,7,12,30,205,804,986,0.153,2,18.98,33,780,N/A
2011,7,7,13,0,231,759,957,0.153,2.1,17.39,33,780,N/A
2011,7,7,13,30,228,750,924,0.153,2.2,17.38,33,780,N/A
2011,7,7,14,0,206,764,884,0.153,2.4000000000000004,17.06,33,780,N/A
2011,7,7,14,30,200,745,823,0.153,2.4000000000000004,18.04,32,780,N/A
2011,7,7,15,0,301,555,731,0.153,2.5,17.88,32,780,N/A
2011,7,7,15,30,316,351,563,0.153,2.4000000000000004,18.92,31,780,N/A
2011,7,7,16,0,264,377,498,0.153,2.3000000000000003,18.91,31,780,N/A
2011,7,7,16,30,230,305,394,0.153,2,20.02,30,780,N/A
2011,7,7,17,0,132,525,366,0.153,1.9000000000000001,21.39,29,780,N/A
2011,7,7,17,30,130,312,239,0.153,1.3,24.03,28,780,N/A
2011,7,7,18,0,108,180,154,0.153,0.8,29.59,27,780,N/A
2011,7,7,18,30,63,157,88,0.153,0.6000000000000001,33.32,25,780,N/A
2011,7,7,19,0,18,42,21,0.153,0.4,38.57,23,780,N/A
2011,7,7,19,30,0,0,0,0.153,0.6000000000000001,40.99,22,780,N/A
2011,7,7,20,0,0,0,0,0.153,0.8,45.31,22,780,N/A
2011,7,7,20,30,0,0,0,0.153,1,48.19,21,780,N/A
2011,7,7,21,0,0,0,0,0.153,1.3,51.800000000000004,20,780,N/A
2011,7,7,21,30,0,0,0,0.153,1.3,55.11,19,780,N/A
2011,7,7,22,0,0,0,0,0.153,1.4000000000000001,56.19,19,780,N/A
2011,7,7,22,30,0,0,0,0.153,1.4000000000000001,59.81,18,780,N/A
2011,7,7,23,0,0,0,0,0.153,1.4000000000000001,58.26,18,780,N/A
2011,7,7,23,30,0,0,0,0.153,1.2000000000000002,58.25,18,780,N/A
2011,7,8,0,0,0,0,0,0.153,1.2000000000000002,55.28,18,780,N/A
2011,7,8,0,30,0,0,0,0.153,1.1,58.86,17,780,N/A
2011,7,8,1,0,0,0,0,0.153,1,56.22,17,780,N/A
2011,7,8,1,30,0,0,0,0.153,0.9,59.89,17,780,N/A
2011,7,8,2,0,0,0,0,0.153,0.9,58.36,17,780,N/A
2011,7,8,2,30,0,0,0,0.153,0.9,58.36,16,780,N/A
2011,7,8,3,0,0,0,0,0.153,0.9,57.84,16,780,N/A
2011,7,8,3,30,0,0,0,0.153,1,61.660000000000004,15,780,N/A
2011,7,8,4,0,0,0,0,0.153,1.1,61.32,15,780,N/A
2011,7,8,4,30,0,0,0,0.153,1.3,61.33,15,780,N/A
2011,7,8,5,0,0,0,0,0.153,1.6,57.88,16,780,N/A
2011,7,8,5,30,34,220,55,0.153,1.8,54.34,17,780,N/A
2011,7,8,6,0,59,412,139,0.153,2,45.95,19,780,N/A
2011,7,8,6,30,78,542,237,0.153,1.4000000000000001,40.61,21,780,N/A
2011,7,8,7,0,92,638,340,0.153,0.8,32.43,23,780,N/A
2011,7,8,7,30,104,705,445,0.153,0.9,30.54,24,780,N/A
2011,7,8,8,0,112,760,547,0.153,1,24.95,26,780,N/A
2011,7,8,8,30,120,799,644,0.153,1.5,23.52,27,780,N/A
2011,7,8,9,0,131,820,732,0.153,2,20.490000000000002,29,780,N/A
2011,7,8,9,30,136,844,812,0.153,2.2,20.48,30,780,N/A
2011,7,8,10,0,149,847,876,0.153,2.4000000000000004,19.19,31,780,N/A
2011,7,8,10,30,153,861,932,0.153,2.5,18.12,31,780,N/A
2011,7,8,11,0,138,897,981,0.153,2.7,16.85,32,780,N/A
2011,7,8,11,30,139,903,1009,0.153,2.8000000000000003,16.84,32,780,N/A
2011,7,8,12,0,161,873,1011,0.153,3,15.49,33,780,N/A
2011,7,8,12,30,161,872,1007,0.153,3.1,15.48,33,780,N/A
2011,7,8,13,0,184,831,977,0.153,3.2,14.91,33,780,N/A
2011,7,8,13,30,181,822,944,0.153,3.3000000000000003,14.9,33,780,N/A
2011,7,8,14,0,112,918,926,0.153,3.4000000000000004,14.31,34,780,N/A
2011,7,8,14,30,109,905,865,0.153,3.4000000000000004,14.31,33,780,N/A
2011,7,8,15,0,329,488,707,0.153,3.5,13.68,33,780,N/A
2011,7,8,15,30,312,53,350,0.153,3.5,14.47,32,780,N/A
2011,7,8,16,0,294,226,435,0.153,3.5,14.05,32,780,N/A
2011,7,8,16,30,56,0,56,0.153,3.4000000000000004,14.870000000000001,31,780,N/A
2011,7,8,17,0,185,267,304,0.153,3.4000000000000004,15.63,30,780,N/A
2011,7,8,17,30,107,0,107,0.153,2.8000000000000003,17.54,29,780,N/A
2011,7,8,18,0,3,0,3,0.153,2.2,20.01,28,780,N/A
2011,7,8,18,30,1,0,1,0.153,1.7000000000000002,22.52,26,780,N/A
2011,7,8,19,0,0,0,0,0.153,1.3,27.44,24,780,N/A
2011,7,8,19,30,0,0,0,0.153,1.2000000000000002,29.16,23,780,N/A
2011,7,8,20,0,0,0,0,0.153,1.2000000000000002,29.61,22,780,N/A
2011,7,8,20,30,0,0,0,0.153,1.3,31.48,21,780,N/A
2011,7,8,21,0,0,0,0,0.153,1.5,32.28,21,780,N/A
2011,7,8,21,30,0,0,0,0.153,1.8,34.34,20,780,N/A
2011,7,8,22,0,0,0,0,0.153,2.1,35.22,20,780,N/A
2011,7,8,22,30,0,0,0,0.153,2.4000000000000004,35.230000000000004,20,780,N/A
2011,7,8,23,0,0,0,0,0.153,2.8000000000000003,37.17,20,780,N/A
2011,7,8,23,30,0,0,0,0.153,2.4000000000000004,39.550000000000004,19,780,N/A
2011,7,9,0,0,0,0,0,0.153,2,44.37,19,780,N/A
2011,7,9,0,30,0,0,0,0.153,1.7000000000000002,47.25,18,780,N/A
2011,7,9,1,0,0,0,0,0.153,1.5,48.620000000000005,18,780,N/A
2011,7,9,1,30,0,0,0,0.153,1.3,51.79,17,780,N/A
2011,7,9,2,0,0,0,0,0.153,1.1,52.7,17,780,N/A
2011,7,9,2,30,0,0,0,0.153,1,52.7,16,780,N/A
2011,7,9,3,0,0,0,0,0.153,0.9,53.56,16,780,N/A
2011,7,9,3,30,0,0,0,0.153,0.9,57.09,15,780,N/A
2011,7,9,4,0,0,0,0,0.153,0.9,57.47,15,780,N/A
2011,7,9,4,30,0,0,0,0.153,0.7000000000000001,57.47,16,780,N/A
2011,7,9,5,0,0,0,0,0.153,0.6000000000000001,54.67,17,780,N/A
2011,7,9,5,30,32,228,54,0.153,0.6000000000000001,48.2,18,780,N/A
2011,7,9,6,0,59,404,137,0.153,0.7000000000000001,42.06,20,780,N/A
2011,7,9,6,30,78,532,233,0.153,1.2000000000000002,37.21,22,780,N/A
2011,7,9,7,0,97,608,333,0.153,1.8,27.59,25,780,N/A
2011,7,9,7,30,110,677,437,0.153,2.2,26.01,26,780,N/A
2011,7,9,8,0,125,718,536,0.153,2.6,23.75,27,780,N/A
2011,7,9,8,30,134,759,632,0.153,2.6,22.400000000000002,28,780,N/A
2011,7,9,9,0,153,767,715,0.153,2.7,21.13,29,780,N/A
2011,7,9,9,30,160,792,794,0.153,2.7,21.13,29,780,N/A
2011,7,9,10,0,190,770,850,0.153,2.8000000000000003,20.1,30,780,N/A
2011,7,9,10,30,195,785,906,0.153,2.8000000000000003,20.09,31,780,N/A
2011,7,9,11,0,185,818,954,0.153,2.8000000000000003,18.96,32,780,N/A
2011,7,9,11,30,187,825,981,0.153,2.8000000000000003,18.95,32,780,N/A
2011,7,9,12,0,243,746,969,0.153,2.9000000000000004,17.8,32,780,N/A
2011,7,9,12,30,243,745,966,0.153,2.9000000000000004,17.8,32,780,N/A
2011,7,9,13,0,413,34,447,0.153,2.9000000000000004,17.59,33,780,N/A
2011,7,9,13,30,451,354,779,0.153,2.9000000000000004,17.59,33,780,N/A
2011,7,9,14,0,420,368,746,0.153,3,17.32,33,780,N/A
2011,7,9,14,30,234,684,806,0.153,2.9000000000000004,17.31,32,780,N/A
2011,7,9,15,0,231,645,730,0.153,2.9000000000000004,17.3,32,780,N/A
2011,7,9,15,30,218,611,648,0.153,2.8000000000000003,18.3,31,780,N/A
2011,7,9,16,0,263,45,291,0.153,2.7,18.68,31,780,N/A
2011,7,9,16,30,239,89,287,0.153,2.6,19.78,30,780,N/A
2011,7,9,17,0,152,448,352,0.153,2.5,21.62,29,780,N/A
2011,7,9,17,30,110,443,265,0.153,2.1,24.29,28,780,N/A
2011,7,9,18,0,75,0,75,0.153,1.7000000000000002,28.14,27,780,N/A
2011,7,9,18,30,16,0,16,0.153,1.3,31.7,25,780,N/A
2011,7,9,19,0,3,0,3,0.153,1,36.65,24,780,N/A
2011,7,9,19,30,0,0,0,0.153,1,38.96,23,780,N/A
2011,7,9,20,0,0,0,0,0.153,1.1,40.18,23,780,N/A
2011,7,9,20,30,0,0,0,0.153,1.4000000000000001,42.730000000000004,22,780,N/A
2011,7,9,21,0,0,0,0,0.153,1.7000000000000002,44.730000000000004,22,780,N/A
2011,7,9,21,30,0,0,0,0.153,2,47.58,21,790,N/A
2011,7,9,22,0,0,0,0,0.153,2.3000000000000003,50.72,20,790,N/A
2011,7,9,22,30,0,0,0,0.153,2.5,53.96,19,790,N/A
2011,7,9,23,0,0,0,0,0.153,2.9000000000000004,57.2,19,790,N/A
2011,7,9,23,30,0,0,0,0.153,3,60.870000000000005,18,790,N/A
2011,7,10,0,0,0,0,0,0.153,3.1,67.63,18,790,N/A
2011,7,10,0,30,0,0,0,0.153,2.7,67.61,17,780,N/A
2011,7,10,1,0,0,0,0,0.153,2.4000000000000004,69.38,17,780,N/A
2011,7,10,1,30,0,0,0,0.153,2,73.91,16,780,N/A
2011,7,10,2,0,0,0,0,0.153,1.7000000000000002,74.75,16,780,N/A
2011,7,10,2,30,0,0,0,0.153,1.5,79.68,15,780,N/A
2011,7,10,3,0,0,0,0,0.153,1.4000000000000001,79.8,15,780,N/A
2011,7,10,3,30,0,0,0,0.153,1.4000000000000001,79.8,15,780,N/A
2011,7,10,4,0,0,0,0,0.153,1.4000000000000001,79.61,15,780,N/A
2011,7,10,4,30,0,0,0,0.153,1.7000000000000002,79.61,16,780,N/A
2011,7,10,5,0,0,0,0,0.153,2,73.66,17,780,N/A
2011,7,10,5,30,32,224,53,0.153,1.9000000000000001,64.92,18,780,N/A
2011,7,10,6,0,57,415,136,0.153,1.8,53.620000000000005,20,780,N/A
2011,7,10,6,30,75,546,233,0.153,1.6,47.44,22,780,N/A
2011,7,10,7,0,91,633,335,0.153,1.5,31.92,25,780,N/A
2011,7,10,7,30,102,701,439,0.153,1.7000000000000002,30.080000000000002,26,780,N/A
2011,7,10,8,0,113,746,539,0.153,1.9000000000000001,26.47,28,780,N/A
2011,7,10,8,30,121,785,635,0.153,1.9000000000000001,24.97,28,780,N/A
2011,7,10,9,0,134,804,721,0.153,1.9000000000000001,23.07,29,780,N/A
2011,7,10,9,30,140,828,801,0.153,2,21.77,30,780,N/A
2011,7,10,10,0,157,825,864,0.153,2.1,20.21,31,780,N/A
2011,7,10,10,30,161,839,920,0.153,2.2,20.2,31,780,N/A
2011,7,10,11,0,165,848,962,0.153,2.3000000000000003,18.76,32,780,N/A
2011,7,10,11,30,167,854,989,0.153,2.4000000000000004,18.76,32,780,N/A
2011,7,10,12,0,188,828,993,0.153,2.6,18.55,32,780,N/A
2011,7,10,12,30,187,827,990,0.153,2.7,18.54,32,780,N/A
2011,7,10,13,0,520,400,903,0.153,2.9000000000000004,18.71,33,780,N/A
2011,7,10,13,30,193,798,933,0.153,3,18.7,32,780,N/A
2011,7,10,14,0,450,408,812,0.153,3.1,19.27,32,780,N/A
2011,7,10,14,30,396,428,753,0.153,3.2,20.39,31,780,N/A
2011,7,10,15,0,335,459,691,0.153,3.3000000000000003,21.04,31,780,N/A
2011,7,10,15,30,286,427,586,0.153,3.3000000000000003,22.27,30,780,N/A
2011,7,10,16,0,204,568,557,0.153,3.4000000000000004,24.21,30,780,N/A
2011,7,10,16,30,156,576,465,0.153,3.4000000000000004,25.66,29,780,N/A
2011,7,10,17,0,196,165,270,0.153,3.4000000000000004,26.21,28,780,N/A
2011,7,10,17,30,143,160,199,0.153,3.1,27.79,27,780,N/A
2011,7,10,18,0,85,8,87,0.153,2.9000000000000004,30.75,26,780,N/A
2011,7,10,18,30,16,0,16,0.153,2.4000000000000004,34.63,24,780,N/A
2011,7,10,19,0,4,0,4,0.153,1.9000000000000001,39.160000000000004,23,780,N/A
2011,7,10,19,30,0,0,0,0.153,2,41.61,22,780,N/A
2011,7,10,20,0,0,0,0,0.153,2.2,41.68,22,780,N/A
2011,7,10,20,30,0,0,0,0.153,2.3000000000000003,44.31,22,780,N/A
2011,7,10,21,0,0,0,0,0.153,2.4000000000000004,44.19,22,780,N/A
2011,7,10,21,30,0,0,0,0.153,2.1,44.2,21,780,N/A
2011,7,10,22,0,0,0,0,0.153,1.9000000000000001,44.7,21,780,N/A
2011,7,10,22,30,0,0,0,0.153,1.6,47.54,20,780,N/A
2011,7,10,23,0,0,0,0,0.153,1.3,49.02,20,780,N/A
2011,7,10,23,30,0,0,0,0.153,1.1,52.15,20,780,N/A
2011,7,11,0,0,0,0,0,0.153,0.9,54.57,20,790,N/A
2011,7,11,0,30,0,0,0,0.153,0.8,54.57,19,790,N/A
2011,7,11,1,0,0,0,0,0.153,0.7000000000000001,56.84,19,790,N/A
2011,7,11,1,30,0,0,0,0.153,0.6000000000000001,60.49,18,780,N/A
2011,7,11,2,0,0,0,0,0.153,0.5,61.83,18,780,N/A
2011,7,11,2,30,0,0,0,0.153,0.5,65.84,17,780,N/A
2011,7,11,3,0,0,0,0,0.153,0.5,66.53,17,780,N/A
2011,7,11,3,30,0,0,0,0.153,0.5,70.89,16,780,N/A
2011,7,11,4,0,0,0,0,0.153,0.6000000000000001,71.48,16,780,N/A
2011,7,11,4,30,0,0,0,0.153,0.7000000000000001,71.49,16,780,N/A
2011,7,11,5,0,0,0,0,0.153,0.9,67.73,17,780,N/A
2011,7,11,5,30,31,243,53,0.153,1.4000000000000001,63.61,18,780,N/A
2011,7,11,6,0,52,447,137,0.153,1.9000000000000001,59.27,20,790,N/A
2011,7,11,6,30,68,577,234,0.153,2.1,55.71,21,790,N/A
2011,7,11,7,0,79,673,338,0.153,2.4000000000000004,46.38,23,790,N/A
2011,7,11,7,30,89,737,442,0.153,2.4000000000000004,43.660000000000004,24,790,N/A
2011,7,11,8,0,98,781,543,0.153,2.5,35.64,25,790,N/A
2011,7,11,8,30,105,817,639,0.153,2.4000000000000004,33.59,26,790,N/A
2011,7,11,9,0,116,835,726,0.153,2.3000000000000003,29.830000000000002,27,780,N/A
2011,7,11,9,30,121,857,805,0.153,2.3000000000000003,29.830000000000002,27,780,N/A
2011,7,11,10,0,139,852,868,0.153,2.3000000000000003,27.310000000000002,28,780,N/A
2011,7,11,10,30,142,865,924,0.153,2.2,27.3,28,780,N/A
2011,7,11,11,0,149,869,964,0.153,2.2,27.04,28,780,N/A
2011,7,11,11,30,150,874,991,0.153,2.1,27.04,28,780,N/A
2011,7,11,12,0,167,854,997,0.153,2.1,27.13,28,780,N/A
2011,7,11,12,30,486,319,795,0.153,2,28.75,28,780,N/A
2011,7,11,13,0,128,6,135,0.153,2,29.03,28,780,N/A
2011,7,11,13,30,62,0,62,0.153,1.9000000000000001,29.02,27,780,N/A
2011,7,11,14,0,124,5,129,0.153,1.9000000000000001,29.59,27,780,N/A
2011,7,11,14,30,121,4,126,0.153,1.7000000000000002,31.38,26,780,N/A
2011,7,11,15,0,210,14,221,0.153,1.6,32.19,26,780,N/A
2011,7,11,15,30,199,12,208,0.153,1.4000000000000001,34.15,25,780,N/A
2011,7,11,16,0,110,0,110,0.153,1.3,35.06,25,780,N/A
2011,7,11,16,30,143,4,145,0.153,1,37.22,24,780,N/A
2011,7,11,17,0,141,7,144,0.153,0.8,39.24,24,780,N/A
2011,7,11,17,30,14,0,14,0.153,0.5,41.68,23,780,N/A
2011,7,11,18,0,77,0,77,0.153,0.30000000000000004,48.7,23,780,N/A
2011,7,11,18,30,48,0,48,0.153,0.4,51.77,22,780,N/A
2011,7,11,19,0,13,0,13,0.153,0.5,57.910000000000004,21,780,N/A
2011,7,11,19,30,0,0,0,0.153,0.6000000000000001,61.620000000000005,20,780,N/A
2011,7,11,20,0,0,0,0,0.153,0.8,60.120000000000005,20,790,N/A
2011,7,11,20,30,0,0,0,0.153,1,60.120000000000005,19,790,N/A
2011,7,11,21,0,0,0,0,0.153,1.2000000000000002,60.370000000000005,19,790,N/A
2011,7,11,21,30,0,0,0,0.153,1.2000000000000002,64.25,18,790,N/A
2011,7,11,22,0,0,0,0,0.153,1.4000000000000001,65.27,18,780,N/A
2011,7,11,22,30,0,0,0,0.153,1.5,69.49,18,780,N/A
2011,7,11,23,0,0,0,0,0.153,1.6,70,18,780,N/A
2011,7,11,23,30,0,0,0,0.153,1.6,69.99,17,780,N/A
2011,7,12,0,0,0,0,0,0.153,1.7000000000000002,70.56,17,780,N/A
2011,7,12,0,30,0,0,0,0.153,1.8,75.16,16,780,N/A
2011,7,12,1,0,0,0,0,0.153,1.9000000000000001,75.75,16,780,N/A
2011,7,12,1,30,0,0,0,0.153,1.9000000000000001,75.74,16,780,N/A
2011,7,12,2,0,0,0,0,0.153,1.9000000000000001,75.75,16,780,N/A
2011,7,12,2,30,0,0,0,0.153,1.8,80.75,15,780,N/A
2011,7,12,3,0,0,0,0,0.153,1.8,80.35000000000001,15,780,N/A
2011,7,12,3,30,0,0,0,0.153,1.7000000000000002,80.36,15,780,N/A
2011,7,12,4,0,0,0,0,0.153,1.7000000000000002,79.58,15,780,N/A
2011,7,12,4,30,0,0,0,0.153,1.7000000000000002,79.60000000000001,15,780,N/A
2011,7,12,5,0,0,0,0,0.153,1.8,78.75,15,780,N/A
2011,7,12,5,30,31,206,50,0.153,1.9000000000000001,73.89,16,780,N/A
2011,7,12,6,0,55,414,132,0.153,2,69.9,17,790,N/A
2011,7,12,6,30,72,547,228,0.153,2.2,65.63,18,790,N/A
2011,7,12,7,0,82,653,332,0.153,2.4000000000000004,58.67,20,790,N/A
2011,7,12,7,30,92,719,436,0.153,2.5,55.17,21,790,N/A
2011,7,12,8,0,99,771,537,0.153,2.7,50.89,22,790,N/A
2011,7,12,8,30,106,808,633,0.153,2.7,50.89,22,790,N/A
2011,7,12,9,0,115,832,721,0.153,2.7,46.89,23,790,N/A
2011,7,12,9,30,120,855,801,0.153,2.6,46.88,23,790,N/A
2011,7,12,10,0,126,867,868,0.153,2.5,45.9,24,790,N/A
2011,7,12,10,30,129,881,924,0.153,2.5,43.21,24,780,N/A
2011,7,12,11,0,122,905,970,0.153,2.6,39.49,25,780,N/A
2011,7,12,11,30,123,911,998,0.153,2.6,37.22,26,780,N/A
2011,7,12,12,0,126,909,1009,0.153,2.7,33.85,27,780,N/A
2011,7,12,12,30,126,908,1006,0.153,2.8000000000000003,33.84,27,780,N/A
2011,7,12,13,0,135,890,984,0.153,2.9000000000000004,32.96,28,780,N/A
2011,7,12,13,30,134,882,950,0.153,2.9000000000000004,32.95,28,780,N/A
2011,7,12,14,0,125,881,905,0.153,3,32.06,28,780,N/A
2011,7,12,14,30,381,395,710,0.153,3,32.05,27,780,N/A
2011,7,12,15,0,392,168,522,0.153,3,31.5,27,780,N/A
2011,7,12,15,30,157,8,164,0.153,2.9000000000000004,33.4,26,780,N/A
2011,7,12,16,0,84,0,84,0.153,2.9000000000000004,33.55,26,780,N/A
2011,7,12,16,30,11,0,11,0.153,2.7,35.59,25,780,N/A
2011,7,12,17,0,94,0,94,0.153,2.6,36.15,25,780,N/A
2011,7,12,17,30,70,0,70,0.153,2.1,38.38,24,780,N/A
2011,7,12,18,0,71,0,71,0.153,1.6,44.87,23,780,N/A
2011,7,12,18,30,37,0,37,0.153,1.2000000000000002,47.67,22,780,N/A
2011,7,12,19,0,10,0,10,0.153,0.8,54,21,780,N/A
2011,7,12,19,30,0,0,0,0.153,0.8,57.43,20,780,N/A
2011,7,12,20,0,0,0,0,0.153,0.8,56.64,20,780,N/A
2011,7,12,20,30,0,0,0,0.153,0.7000000000000001,60.26,19,780,N/A
2011,7,12,21,0,0,0,0,0.153,0.7000000000000001,59.050000000000004,19,780,N/A
2011,7,12,21,30,0,0,0,0.153,0.6000000000000001,62.85,19,780,N/A
2011,7,12,22,0,0,0,0,0.153,0.6000000000000001,61.56,19,780,N/A
2011,7,12,22,30,0,0,0,0.153,0.6000000000000001,61.550000000000004,18,780,N/A
2011,7,12,23,0,0,0,0,0.153,0.6000000000000001,60.43,18,780,N/A
2011,7,12,23,30,0,0,0,0.153,0.6000000000000001,64.35,17,780,N/A
2011,7,13,0,0,0,0,0,0.153,0.6000000000000001,63.4,17,780,N/A
2011,7,13,0,30,0,0,0,0.153,0.6000000000000001,67.54,17,780,N/A
2011,7,13,1,0,0,0,0,0.153,0.7000000000000001,67.32000000000001,17,780,N/A
2011,7,13,1,30,0,0,0,0.153,0.8,71.76,16,780,N/A
2011,7,13,2,0,0,0,0,0.153,0.9,72.55,16,780,N/A
2011,7,13,2,30,0,0,0,0.153,0.9,77.38,15,780,N/A
2011,7,13,3,0,0,0,0,0.153,1,78.52,15,780,N/A
2011,7,13,3,30,0,0,0,0.153,1,78.52,14,780,N/A
2011,7,13,4,0,0,0,0,0.153,1,79.57000000000001,14,780,N/A
2011,7,13,4,30,0,0,0,0.153,1.2000000000000002,79.58,14,780,N/A
2011,7,13,5,0,0,0,0,0.153,1.5,76.84,15,780,N/A
2011,7,13,5,30,27,310,54,0.153,1.7000000000000002,72.10000000000001,16,780,N/A
2011,7,13,6,0,44,520,140,0.153,2,64.34,18,780,N/A
2011,7,13,6,30,56,647,240,0.153,1.4000000000000001,56.82,20,780,N/A
2011,7,13,7,0,64,737,345,0.153,0.8,46.65,23,780,N/A
2011,7,13,7,30,71,796,450,0.153,1,43.910000000000004,24,780,N/A
2011,7,13,8,0,75,844,553,0.153,1.3,37.24,25,780,N/A
2011,7,13,8,30,80,876,650,0.153,1.6,35.1,26,780,N/A
2011,7,13,9,0,83,902,740,0.153,1.9000000000000001,32.29,27,780,N/A
2011,7,13,9,30,87,921,820,0.153,2,32.28,28,780,N/A
2011,7,13,10,0,90,934,888,0.153,2.3000000000000003,29.78,29,780,N/A
2011,7,13,10,30,92,945,944,0.153,2.4000000000000004,28.1,29,780,N/A
2011,7,13,11,0,98,945,984,0.153,2.5,26.09,30,780,N/A
2011,7,13,11,30,100,950,1011,0.153,2.6,26.080000000000002,30,780,N/A
2011,7,13,12,0,108,940,1020,0.153,2.7,25.7,31,780,N/A
2011,7,13,12,30,108,939,1017,0.153,2.8000000000000003,25.69,31,780,N/A
2011,7,13,13,0,120,917,993,0.153,2.9000000000000004,24.01,31,780,N/A
2011,7,13,13,30,118,909,959,0.153,2.9000000000000004,25.41,30,780,N/A
2011,7,13,14,0,117,897,911,0.153,2.9000000000000004,25.42,30,780,N/A
2011,7,13,14,30,114,883,850,0.153,2.9000000000000004,26.91,30,780,N/A
2011,7,13,15,0,334,433,668,0.153,3,27.17,30,780,N/A
2011,7,13,15,30,274,491,617,0.153,3,28.78,29,780,N/A
2011,7,13,16,0,283,287,461,0.153,3.1,29.04,28,780,N/A
2011,7,13,16,30,226,319,396,0.153,3.2,30.79,27,780,N/A
2011,7,13,17,0,166,376,332,0.153,3.3000000000000003,31.12,27,780,N/A
2011,7,13,17,30,74,642,296,0.153,3.4000000000000004,33.01,26,780,N/A
2011,7,13,18,0,90,229,147,0.153,3.5,36.59,25,780,N/A
2011,7,13,18,30,43,395,102,0.153,3.3000000000000003,41.25,24,780,N/A
2011,7,13,19,0,28,0,28,0.153,3.2,47.25,23,780,N/A
2011,7,13,19,30,0,0,0,0.153,3.1,50.24,22,780,N/A
2011,7,13,20,0,0,0,0,0.153,3,52.47,21,780,N/A
2011,7,13,20,30,0,0,0,0.153,2.9000000000000004,55.81,20,780,N/A
2011,7,13,21,0,0,0,0,0.153,2.8000000000000003,57.75,20,780,N/A
2011,7,13,21,30,0,0,0,0.153,2.4000000000000004,61.45,19,780,N/A
2011,7,13,22,0,0,0,0,0.153,2,67.07000000000001,19,780,N/A
2011,7,13,22,30,0,0,0,0.153,1.5,71.43,18,780,N/A
2011,7,13,23,0,0,0,0,0.153,1.1,72.59,18,780,N/A
2011,7,13,23,30,0,0,0,0.153,1,77.33,17,780,N/A
2011,7,14,0,0,0,0,0,0.153,0.9,78.47,17,780,N/A
2011,7,14,0,30,0,0,0,0.153,0.8,78.45,16,780,N/A
2011,7,14,1,0,0,0,0,0.153,0.7000000000000001,79.58,16,780,N/A
2011,7,14,1,30,0,0,0,0.153,0.6000000000000001,84.82000000000001,15,780,N/A
2011,7,14,2,0,0,0,0,0.153,0.6000000000000001,86.26,15,780,N/A
2011,7,14,2,30,0,0,0,0.153,0.5,92,15,780,N/A
2011,7,14,3,0,0,0,0,0.153,0.5,93.42,15,780,N/A
2011,7,14,3,30,0,0,0,0.153,0.4,93.42,14,780,N/A
2011,7,14,4,0,0,0,0,0.153,0.30000000000000004,94.42,14,780,N/A
2011,7,14,4,30,0,0,0,0.153,0.2,94.43,14,780,N/A
2011,7,14,5,0,0,0,0,0.153,0.1,89.19,15,780,N/A
2011,7,14,5,30,28,19,29,0.153,0.4,83.68,16,780,N/A
2011,7,14,6,0,67,62,78,0.153,0.8,71.91,18,780,N/A
2011,7,14,6,30,60,611,232,0.153,1,67.56,19,780,N/A
2011,7,14,7,0,69,702,336,0.153,1.3,55.14,21,780,N/A
2011,7,14,7,30,77,763,439,0.153,1.3,51.870000000000005,22,780,N/A
2011,7,14,8,0,84,807,540,0.153,1.4000000000000001,45.7,23,780,N/A
2011,7,14,8,30,89,841,636,0.153,1.3,43.04,24,780,N/A
2011,7,14,9,0,363,166,484,0.153,1.3,39.32,25,780,N/A
2011,7,14,9,30,99,885,803,0.153,1.3,39.32,26,780,N/A
2011,7,14,10,0,106,894,869,0.153,1.3,36.18,27,780,N/A
2011,7,14,10,30,109,906,924,0.153,1.3,36.17,27,780,N/A
2011,7,14,11,0,118,904,964,0.153,1.3,33.5,28,780,N/A
2011,7,14,11,30,119,910,992,0.153,1.2000000000000002,33.49,28,780,N/A
2011,7,14,12,0,128,901,1001,0.153,1.2000000000000002,33.230000000000004,28,780,N/A
2011,7,14,12,30,127,900,998,0.153,1.1,33.22,27,780,N/A
2011,7,14,13,0,131,890,979,0.153,1.1,33.04,27,780,N/A
2011,7,14,13,30,451,154,593,0.153,1.1,33.03,27,780,N/A
2011,7,14,14,0,462,121,569,0.153,1.2000000000000002,32.36,27,780,N/A
2011,7,14,14,30,384,365,688,0.153,1.4000000000000001,32.35,27,780,N/A
2011,7,14,15,0,392,169,523,0.153,1.6,31.080000000000002,27,780,N/A
2011,7,14,15,30,346,152,452,0.153,1.9000000000000001,32.96,27,780,N/A
2011,7,14,16,0,232,459,516,0.153,2.3000000000000003,31.7,27,780,N/A
2011,7,14,16,30,160,8,165,0.153,2.5,31.7,26,780,N/A
2011,7,14,17,0,156,424,343,0.153,2.8000000000000003,30.970000000000002,26,780,N/A
2011,7,14,17,30,72,637,291,0.153,2.7,32.86,25,780,N/A
2011,7,14,18,0,89,236,148,0.153,2.7,37.81,24,780,N/A
2011,7,14,18,30,39,0,39,0.153,2.4000000000000004,42.660000000000004,22,780,N/A
2011,7,14,19,0,10,0,10,0.153,2.2,49.72,21,780,N/A
2011,7,14,19,30,0,0,0,0.153,2,52.910000000000004,20,780,N/A
2011,7,14,20,0,0,0,0,0.153,1.8,53.54,20,780,N/A
2011,7,14,20,30,0,0,0,0.153,1.5,53.54,19,780,N/A
2011,7,14,21,0,0,0,0,0.153,1.2000000000000002,54.620000000000005,19,780,N/A
2011,7,14,21,30,0,0,0,0.153,1.1,58.14,18,780,N/A
2011,7,14,22,0,0,0,0,0.153,1,58.64,18,780,N/A
2011,7,14,22,30,0,0,0,0.153,0.9,62.440000000000005,17,780,N/A
2011,7,14,23,0,0,0,0,0.153,0.9,62.58,17,780,N/A
2011,7,14,23,30,0,0,0,0.153,0.9,62.58,17,780,N/A
2011,7,15,0,0,0,0,0,0.153,1,62.21,17,780,N/A
2011,7,15,0,30,0,0,0,0.153,0.9,62.2,17,780,N/A
2011,7,15,1,0,0,0,0,0.153,0.9,61.44,17,780,N/A
2011,7,15,1,30,0,0,0,0.153,0.8,61.44,17,780,N/A
2011,7,15,2,0,0,0,0,0.153,0.8,60.480000000000004,17,780,N/A
2011,7,15,2,30,0,0,0,0.153,0.8,64.44,16,780,N/A
2011,7,15,3,0,0,0,0,0.153,0.9,63.42,16,780,N/A
2011,7,15,3,30,0,0,0,0.153,0.9,63.43,16,780,N/A
2011,7,15,4,0,0,0,0,0.153,0.9,62.33,16,780,N/A
2011,7,15,4,30,0,0,0,0.153,0.8,62.34,16,780,N/A
2011,7,15,5,0,0,0,0,0.153,0.8,61.99,16,780,N/A
2011,7,15,5,30,28,243,48,0.153,1.2000000000000002,54.65,18,780,N/A
2011,7,15,6,0,50,448,131,0.153,1.6,45.94,20,780,N/A
2011,7,15,6,30,66,581,229,0.153,1.9000000000000001,43.21,22,780,N/A
2011,7,15,7,0,77,677,333,0.153,2.2,33.36,24,780,N/A
2011,7,15,7,30,87,742,438,0.153,2.4000000000000004,31.42,25,780,N/A
2011,7,15,8,0,93,795,541,0.153,2.7,26.84,26,780,N/A
2011,7,15,8,30,99,831,639,0.153,2.8000000000000003,25.310000000000002,27,780,N/A
2011,7,15,9,0,110,848,726,0.153,2.9000000000000004,23.61,28,780,N/A
2011,7,15,9,30,115,871,806,0.153,3,23.6,29,780,N/A
2011,7,15,10,0,132,865,869,0.153,3.1,21.990000000000002,30,780,N/A
2011,7,15,10,30,135,878,925,0.153,3.2,20.75,30,780,N/A
2011,7,15,11,0,128,903,972,0.153,3.3000000000000003,19.3,31,780,N/A
2011,7,15,11,30,129,908,1000,0.153,3.3000000000000003,19.29,31,780,N/A
2011,7,15,12,0,159,868,1000,0.153,3.4000000000000004,19.01,32,780,N/A
2011,7,15,12,30,158,867,997,0.153,3.4000000000000004,19,32,780,N/A
2011,7,15,13,0,185,820,966,0.153,3.4000000000000004,17.77,32,780,N/A
2011,7,15,13,30,183,812,933,0.153,3.3000000000000003,17.76,32,780,N/A
2011,7,15,14,0,144,857,901,0.153,3.3000000000000003,17.61,32,780,N/A
2011,7,15,14,30,140,841,840,0.153,3.2,18.63,32,780,N/A
2011,7,15,15,0,142,807,764,0.153,3.2,18.51,32,780,N/A
2011,7,15,15,30,135,780,680,0.153,3,19.59,31,780,N/A
2011,7,15,16,0,124,751,589,0.153,2.9000000000000004,19.6,31,780,N/A
2011,7,15,16,30,115,706,491,0.153,2.8000000000000003,20.75,30,780,N/A
2011,7,15,17,0,92,686,394,0.153,2.7,20.88,29,780,N/A
2011,7,15,17,30,80,610,290,0.153,2.1,23.45,28,780,N/A
2011,7,15,18,0,62,523,191,0.153,1.5,27.71,27,780,N/A
2011,7,15,18,30,42,349,93,0.153,1.2000000000000002,31.21,25,780,N/A
2011,7,15,19,0,17,160,25,0.153,1,38.36,23,780,N/A
2011,7,15,19,30,0,0,0,0.153,1.1,40.79,22,780,N/A
2011,7,15,20,0,0,0,0,0.153,1.2000000000000002,40.75,22,780,N/A
2011,7,15,20,30,0,0,0,0.153,1.3,43.35,21,780,N/A
2011,7,15,21,0,0,0,0,0.153,1.5,43.96,21,780,N/A
2011,7,15,21,30,0,0,0,0.153,1.6,43.96,20,780,N/A
2011,7,15,22,0,0,0,0,0.153,1.7000000000000002,44.96,20,780,N/A
2011,7,15,22,30,0,0,0,0.153,1.7000000000000002,47.83,19,780,N/A
2011,7,15,23,0,0,0,0,0.153,1.7000000000000002,49.1,19,780,N/A
2011,7,15,23,30,0,0,0,0.153,1.6,52.26,18,780,N/A
2011,7,16,0,0,0,0,0,0.153,1.6,53.550000000000004,18,780,N/A
2011,7,16,0,30,0,0,0,0.153,1.5,57.02,17,780,N/A
2011,7,16,1,0,0,0,0,0.153,1.5,58.01,17,780,N/A
2011,7,16,1,30,0,0,0,0.153,1.4000000000000001,61.800000000000004,17,780,N/A
2011,7,16,2,0,0,0,0,0.153,1.3,61.44,17,780,N/A
2011,7,16,2,30,0,0,0,0.153,1.2000000000000002,61.45,16,780,N/A
2011,7,16,3,0,0,0,0,0.153,1.2000000000000002,59.86,16,780,N/A
2011,7,16,3,30,0,0,0,0.153,1.2000000000000002,59.870000000000005,16,780,N/A
2011,7,16,4,0,0,0,0,0.153,1.2000000000000002,57.64,16,780,N/A
2011,7,16,4,30,0,0,0,0.153,1.1,57.660000000000004,16,780,N/A
2011,7,16,5,0,0,0,0,0.153,1.1,53.46,17,780,N/A
2011,7,16,5,30,27,259,48,0.153,1.6,47.17,19,780,N/A
2011,7,16,6,0,48,461,131,0.153,2.2,40.45,21,780,N/A
2011,7,16,6,30,63,595,229,0.153,2.6,35.83,23,790,N/A
2011,7,16,7,0,74,685,332,0.153,3.1,31.57,25,790,N/A
2011,7,16,7,30,83,751,438,0.153,3,29.76,26,790,N/A
2011,7,16,8,0,89,804,542,0.153,2.9000000000000004,28.060000000000002,27,790,N/A
2011,7,16,8,30,95,842,640,0.153,2.9000000000000004,26.47,28,790,N/A
2011,7,16,9,0,104,864,729,0.153,2.9000000000000004,24.54,29,780,N/A
2011,7,16,9,30,108,886,811,0.153,3.1,23.16,30,780,N/A
2011,7,16,10,0,123,885,876,0.153,3.4000000000000004,21.07,31,780,N/A
2011,7,16,10,30,126,898,933,0.153,3.7,21.06,31,780,N/A
2011,7,16,11,0,130,905,975,0.153,4,19.05,32,780,N/A
2011,7,16,11,30,131,910,1003,0.153,4.2,19.05,32,780,N/A
2011,7,16,12,0,154,881,1007,0.153,4.5,18.55,33,780,N/A
2011,7,16,12,30,153,879,1003,0.153,4.6000000000000005,18.55,33,780,N/A
2011,7,16,13,0,168,851,978,0.153,4.800000000000001,18.6,33,780,N/A
2011,7,16,13,30,166,842,944,0.153,4.800000000000001,18.6,32,780,N/A
2011,7,16,14,0,182,800,888,0.153,4.9,18.88,32,780,N/A
2011,7,16,14,30,203,14,215,0.153,4.9,19.98,32,780,N/A
2011,7,16,15,0,80,0,80,0.153,4.9,20.36,32,780,N/A
2011,7,16,15,30,330,288,531,0.153,4.800000000000001,21.55,31,780,N/A
2011,7,16,16,0,269,313,463,0.153,4.800000000000001,22.14,31,780,N/A
2011,7,16,16,30,119,696,490,0.153,4.800000000000001,23.45,30,780,N/A
2011,7,16,17,0,95,678,393,0.153,4.800000000000001,24.25,29,780,N/A
2011,7,16,17,30,83,600,289,0.153,4.5,25.7,28,780,N/A
2011,7,16,18,0,61,533,191,0.153,4.3,28.48,27,780,N/A
2011,7,16,18,30,43,375,98,0.153,3.7,32.06,25,780,N/A
2011,7,16,19,0,18,154,25,0.153,3.2,35.99,24,780,N/A
2011,7,16,19,30,0,0,0,0.153,3.1,38.230000000000004,23,790,N/A
2011,7,16,20,0,0,0,0,0.153,3,39.96,23,790,N/A
2011,7,16,20,30,0,0,0,0.153,2.8000000000000003,42.46,22,790,N/A
2011,7,16,21,0,0,0,0,0.153,2.7,46.96,22,790,N/A
2011,7,16,21,30,0,0,0,0.153,2.5,46.96,21,790,N/A
2011,7,16,22,0,0,0,0,0.153,2.3000000000000003,48.26,21,790,N/A
2011,7,16,22,30,0,0,0,0.153,2,51.32,20,790,N/A
2011,7,16,23,0,0,0,0,0.153,1.9000000000000001,52.34,20,790,N/A
2011,7,16,23,30,0,0,0,0.153,1.8,55.68,19,790,N/A
2011,7,17,0,0,0,0,0,0.153,1.7000000000000002,56.43,19,790,N/A
2011,7,17,0,30,0,0,0,0.153,1.6,60.06,18,790,N/A
2011,7,17,1,0,0,0,0,0.153,1.6,60.85,18,790,N/A
2011,7,17,1,30,0,0,0,0.153,1.4000000000000001,64.8,18,790,N/A
2011,7,17,2,0,0,0,0,0.153,1.3,65.64,18,790,N/A
2011,7,17,2,30,0,0,0,0.153,1.2000000000000002,65.64,17,790,N/A
2011,7,17,3,0,0,0,0,0.153,1.1,66.57000000000001,17,790,N/A
2011,7,17,3,30,0,0,0,0.153,1,70.93,16,790,N/A
2011,7,17,4,0,0,0,0,0.153,0.9,71.83,16,790,N/A
2011,7,17,4,30,0,0,0,0.153,1,71.85000000000001,16,790,N/A
2011,7,17,5,0,0,0,0,0.153,1.1,68.43,17,790,N/A
2011,7,17,5,30,29,173,43,0.153,1.6,60.39,19,790,N/A
2011,7,17,6,0,49,400,120,0.153,2.1,54.51,21,790,N/A
2011,7,17,6,30,73,541,223,0.153,2.4000000000000004,51.300000000000004,22,790,N/A
2011,7,17,7,0,87,636,326,0.153,2.7,43.63,24,790,N/A
2011,7,17,7,30,98,706,431,0.153,3,41.1,25,790,N/A
2011,7,17,8,0,109,755,532,0.153,3.4000000000000004,34.88,27,790,N/A
2011,7,17,8,30,116,795,629,0.153,3.6,32.89,27,790,N/A
2011,7,17,9,0,124,821,718,0.153,3.9000000000000004,29.02,28,790,N/A
2011,7,17,9,30,350,446,703,0.153,4.1000000000000005,27.39,29,790,N/A
2011,7,17,10,0,408,419,764,0.153,4.3,24.75,30,790,N/A
2011,7,17,10,30,464,259,697,0.153,4.5,24.75,30,790,N/A
2011,7,17,11,0,142,881,965,0.153,4.7,22.78,31,790,N/A
2011,7,17,11,30,144,887,992,0.153,4.800000000000001,22.77,31,790,N/A
2011,7,17,12,0,151,879,1002,0.153,4.9,22.23,31,790,N/A
2011,7,17,12,30,151,878,999,0.153,5,22.23,31,790,N/A
2011,7,17,13,0,156,865,978,0.153,5.1000000000000005,21.88,32,790,N/A
2011,7,17,13,30,154,858,945,0.153,5.1000000000000005,21.88,31,790,N/A
2011,7,17,14,0,137,868,903,0.153,5.1000000000000005,21.51,31,790,N/A
2011,7,17,14,30,133,853,842,0.153,5,21.51,31,790,N/A
2011,7,17,15,0,128,835,770,0.153,5,21.04,31,790,N/A
2011,7,17,15,30,122,809,686,0.153,4.9,22.27,30,790,N/A
2011,7,17,16,0,113,780,595,0.153,4.9,23.17,30,790,N/A
2011,7,17,16,30,105,737,496,0.153,4.7,24.55,29,790,N/A
2011,7,17,17,0,93,687,394,0.153,4.6000000000000005,24.26,28,790,N/A
2011,7,17,17,30,81,610,290,0.153,4.1000000000000005,25.73,27,790,N/A
2011,7,17,18,0,66,504,189,0.153,3.8000000000000003,27.29,26,790,N/A
2011,7,17,18,30,46,345,96,0.153,2.9000000000000004,30.75,24,790,N/A
2011,7,17,19,0,18,116,23,0.153,2.1,33.69,23,790,N/A
2011,7,17,19,30,0,0,0,0.153,1.9000000000000001,35.81,22,790,N/A
2011,7,17,20,0,0,0,0,0.153,1.8,39.35,22,790,N/A
2011,7,17,20,30,0,0,0,0.153,1.7000000000000002,41.86,21,790,N/A
2011,7,17,21,0,0,0,0,0.153,1.7000000000000002,43.96,21,790,N/A
2011,7,17,21,30,0,0,0,0.153,1.6,46.78,20,790,N/A
2011,7,17,22,0,0,0,0,0.153,1.6,49.72,19,790,N/A
2011,7,17,22,30,0,0,0,0.153,1.5,52.93,18,790,N/A
2011,7,17,23,0,0,0,0,0.153,1.5,56.46,18,790,N/A
2011,7,17,23,30,0,0,0,0.153,1.4000000000000001,60.13,18,790,N/A
2011,7,18,0,0,0,0,0,0.153,1.3,63.88,18,790,N/A
2011,7,18,0,30,0,0,0,0.153,1.1,68.06,17,790,N/A
2011,7,18,1,0,0,0,0,0.153,1,71.14,17,790,N/A
2011,7,18,1,30,0,0,0,0.153,0.9,71.13,16,790,N/A
2011,7,18,2,0,0,0,0,0.153,0.9,73.16,16,790,N/A
2011,7,18,2,30,0,0,0,0.153,0.8,73.16,16,790,N/A
2011,7,18,3,0,0,0,0,0.153,0.8,74.31,16,790,N/A
2011,7,18,3,30,0,0,0,0.153,0.8,74.31,16,790,N/A
2011,7,18,4,0,0,0,0,0.153,0.9,75.03,16,790,N/A
2011,7,18,4,30,0,0,0,0.153,1,75.04,16,790,N/A
2011,7,18,5,0,0,0,0,0.153,1.1,75.57000000000001,17,790,N/A
2011,7,18,5,30,28,188,43,0.153,1.3,66.61,18,790,N/A
2011,7,18,6,0,53,400,123,0.153,1.5,57.88,20,790,N/A
2011,7,18,6,30,70,539,219,0.153,1.5,54.43,22,790,N/A
2011,7,18,7,0,81,649,323,0.153,1.5,45.980000000000004,24,790,N/A
2011,7,18,7,30,91,717,427,0.153,1.6,43.29,25,790,N/A
2011,7,18,8,0,98,770,529,0.153,1.7000000000000002,38.88,26,790,N/A
2011,7,18,8,30,105,808,626,0.153,1.8,36.64,26,790,N/A
2011,7,18,9,0,115,829,713,0.153,2,33.160000000000004,27,790,N/A
2011,7,18,9,30,120,852,793,0.153,2.1,33.160000000000004,28,790,N/A
2011,7,18,10,0,135,851,857,0.153,2.3000000000000003,30.63,29,790,N/A
2011,7,18,10,30,449,78,519,0.153,2.3000000000000003,30.62,29,790,N/A
2011,7,18,11,0,147,864,953,0.153,2.4000000000000004,28.6,30,790,N/A
2011,7,18,11,30,149,870,981,0.153,2.5,28.59,30,790,N/A
2011,7,18,12,0,174,839,985,0.153,2.6,26.62,30,790,N/A
2011,7,18,12,30,173,838,982,0.153,2.6,26.61,30,790,N/A
2011,7,18,13,0,190,809,958,0.153,2.6,26.29,30,790,N/A
2011,7,18,13,30,187,801,925,0.153,2.6,26.28,30,790,N/A
2011,7,18,14,0,184,787,878,0.153,2.7,25.900000000000002,30,790,N/A
2011,7,18,14,30,179,769,818,0.153,2.7,25.89,30,790,N/A
2011,7,18,15,0,217,14,228,0.153,2.8000000000000003,25.2,30,790,N/A
2011,7,18,15,30,193,13,203,0.153,2.8000000000000003,26.68,30,790,N/A
2011,7,18,16,0,261,368,488,0.153,2.8000000000000003,25.900000000000002,30,790,N/A
2011,7,18,16,30,213,363,406,0.153,2.8000000000000003,27.44,29,790,N/A
2011,7,18,17,0,167,373,330,0.153,2.8000000000000003,26.740000000000002,29,790,N/A
2011,7,18,17,30,119,359,241,0.153,2.3000000000000003,28.35,28,790,N/A
2011,7,18,18,0,86,299,158,0.153,1.9000000000000001,30.87,27,790,N/A
2011,7,18,18,30,47,317,92,0.153,1.6,34.76,25,790,N/A
2011,7,18,19,0,17,112,22,0.153,1.3,37.93,24,790,N/A
2011,7,18,19,30,0,0,0,0.153,1.5,40.31,23,790,N/A
2011,7,18,20,0,0,0,0,0.153,1.7000000000000002,39.7,23,790,N/A
2011,7,18,20,30,0,0,0,0.153,1.9000000000000001,39.7,22,790,N/A
2011,7,18,21,0,0,0,0,0.153,2.2,39.61,22,790,N/A
2011,7,18,21,30,0,0,0,0.153,2.3000000000000003,42.1,21,790,N/A
2011,7,18,22,0,0,0,0,0.153,2.5,41.96,21,790,N/A
2011,7,18,22,30,0,0,0,0.153,2.3000000000000003,44.62,20,790,N/A
2011,7,18,23,0,0,0,0,0.153,2.1,44.67,20,790,N/A
2011,7,18,23,30,0,0,0,0.153,1.8,47.52,19,790,N/A
2011,7,19,0,0,0,0,0,0.153,1.5,47.77,19,790,N/A
2011,7,19,0,30,0,0,0,0.153,1.3,50.84,18,790,N/A
2011,7,19,1,0,0,0,0,0.153,1.2000000000000002,50.86,18,790,N/A
2011,7,19,1,30,0,0,0,0.153,1.1,50.85,18,790,N/A
2011,7,19,2,0,0,0,0,0.153,1,50.78,18,790,N/A
2011,7,19,2,30,0,0,0,0.153,0.8,54.07,18,790,N/A
2011,7,19,3,0,0,0,0,0.153,0.7000000000000001,54.13,18,790,N/A
2011,7,19,3,30,0,0,0,0.153,0.5,54.13,17,790,N/A
2011,7,19,4,0,0,0,0,0.153,0.4,54.44,17,790,N/A
2011,7,19,4,30,0,0,0,0.153,0.2,54.44,17,790,N/A
2011,7,19,5,0,0,0,0,0.153,0.1,52.03,18,790,N/A
2011,7,19,5,30,25,270,45,0.153,0.2,48.88,19,790,N/A
2011,7,19,6,0,43,498,130,0.153,0.30000000000000004,43.59,21,790,N/A
2011,7,19,6,30,56,632,229,0.153,0.5,38.6,23,790,N/A
2011,7,19,7,0,64,727,335,0.153,0.8,33.39,25,790,N/A
2011,7,19,7,30,72,789,440,0.153,0.8,31.470000000000002,26,790,N/A
2011,7,19,8,0,75,842,545,0.153,0.8,27.990000000000002,28,790,N/A
2011,7,19,8,30,80,875,643,0.153,0.9,26.400000000000002,29,790,N/A
2011,7,19,9,0,84,902,734,0.153,1,24.02,30,790,N/A
2011,7,19,9,30,88,921,815,0.153,1.3,22.68,30,790,N/A
2011,7,19,10,0,91,936,884,0.153,1.6,20.94,31,790,N/A
2011,7,19,10,30,93,947,941,0.153,1.9000000000000001,20.94,32,790,N/A
2011,7,19,11,0,103,942,981,0.153,2.2,19.37,33,790,N/A
2011,7,19,11,30,104,947,1008,0.153,2.5,19.36,33,790,N/A
2011,7,19,12,0,110,941,1019,0.153,2.8000000000000003,18,33,780,N/A
2011,7,19,12,30,110,940,1016,0.153,3,17.990000000000002,33,780,N/A
2011,7,19,13,0,115,928,995,0.153,3.2,17.89,34,780,N/A
2011,7,19,13,30,113,921,961,0.153,3.3000000000000003,17.88,34,780,N/A
2011,7,19,14,0,99,928,917,0.153,3.5,17.95,34,780,N/A
2011,7,19,14,30,97,915,856,0.153,3.6,18.98,33,780,N/A
2011,7,19,15,0,96,893,781,0.153,3.7,19.31,33,780,N/A
2011,7,19,15,30,92,869,697,0.153,3.6,20.43,32,780,N/A
2011,7,19,16,0,90,833,602,0.153,3.6,20.88,31,780,N/A
2011,7,19,16,30,83,793,503,0.153,3.4000000000000004,22.11,30,780,N/A
2011,7,19,17,0,78,732,398,0.155,3.3000000000000003,23.85,30,780,N/A
2011,7,19,17,30,69,659,292,0.155,2.7,25.28,28,780,N/A
2011,7,19,18,0,57,554,190,0.155,2.2,27.830000000000002,27,780,N/A
2011,7,19,18,30,3,0,3,0.155,1.5,31.32,25,780,N/A
2011,7,19,19,0,0,0,0,0.155,0.9,36.730000000000004,24,780,N/A
2011,7,19,19,30,0,0,0,0.155,0.9,39.01,23,780,N/A
2011,7,19,20,0,0,0,0,0.155,0.9,42.99,22,780,N/A
2011,7,19,20,30,0,0,0,0.155,0.9,45.7,21,790,N/A
2011,7,19,21,0,0,0,0,0.155,0.9,46.53,21,790,N/A
2011,7,19,21,30,0,0,0,0.155,0.9,49.480000000000004,20,790,N/A
2011,7,19,22,0,0,0,0,0.155,1,49.78,20,790,N/A
2011,7,19,22,30,0,0,0,0.155,1,52.95,19,790,N/A
2011,7,19,23,0,0,0,0,0.155,1,53.79,19,780,N/A
2011,7,19,23,30,0,0,0,0.155,1,57.24,18,780,N/A
2011,7,20,0,0,0,0,0,0.155,1.1,58.02,18,780,N/A
2011,7,20,0,30,0,0,0,0.155,1.1,61.77,17,780,N/A
2011,7,20,1,0,0,0,0,0.155,1.2000000000000002,62.27,17,780,N/A
2011,7,20,1,30,0,0,0,0.155,1.2000000000000002,62.27,17,780,N/A
2011,7,20,2,0,0,0,0,0.155,1.2000000000000002,62.4,17,780,N/A
2011,7,20,2,30,0,0,0,0.155,1.1,66.48,16,780,N/A
2011,7,20,3,0,0,0,0,0.155,1.1,66.26,16,780,N/A
2011,7,20,3,30,0,0,0,0.155,1.1,70.64,16,780,N/A
2011,7,20,4,0,0,0,0,0.155,1.1,70.41,16,780,N/A
2011,7,20,4,30,0,0,0,0.155,1.4000000000000001,66.07000000000001,16,780,N/A
2011,7,20,5,0,0,0,0,0.155,1.7000000000000002,62.18,17,780,N/A
2011,7,20,5,30,22,322,46,0.155,2,58.4,18,780,N/A
2011,7,20,6,0,38,541,131,0.155,2.4000000000000004,51.69,20,790,N/A
2011,7,20,6,30,49,671,231,0.155,2.5,45.74,22,790,N/A
2011,7,20,7,0,57,756,337,0.155,2.8000000000000003,39.12,25,790,N/A
2011,7,20,7,30,64,814,443,0.155,2.7,36.85,26,790,N/A
2011,7,20,8,0,68,860,547,0.155,2.6,31.23,27,790,N/A
2011,7,20,8,30,72,891,644,0.155,2.3000000000000003,29.45,28,780,N/A
2011,7,20,9,0,76,917,735,0.155,2.1,26.76,29,780,N/A
2011,7,20,9,30,79,935,815,0.155,1.8,25.26,30,780,N/A
2011,7,20,10,0,81,948,884,0.155,1.5,23.11,31,780,N/A
2011,7,20,10,30,83,958,941,0.155,1.3,23.1,32,780,N/A
2011,7,20,11,0,82,969,984,0.155,1.1,21.19,33,780,N/A
2011,7,20,11,30,83,972,1011,0.155,1.3,21.19,33,780,N/A
2011,7,20,12,0,86,971,1023,0.155,1.5,19.53,34,780,N/A
2011,7,20,12,30,86,970,1020,0.155,1.8,19.52,34,780,N/A
2011,7,20,13,0,88,962,1000,0.155,2.2,18.150000000000002,34,780,N/A
2011,7,20,13,30,86,956,966,0.155,2.5,19.18,34,780,N/A
2011,7,20,14,0,86,944,918,0.155,2.8000000000000003,19.1,34,780,N/A
2011,7,20,14,30,84,931,856,0.155,3,20.21,33,780,N/A
2011,7,20,15,0,26,0,26,0.155,3.3000000000000003,20.740000000000002,33,780,N/A
2011,7,20,15,30,23,0,23,0.155,3.3000000000000003,21.95,32,780,N/A
2011,7,20,16,0,192,13,200,0.155,3.4000000000000004,22.900000000000002,31,780,N/A
2011,7,20,16,30,40,0,40,0.155,3.2,24.240000000000002,30,780,N/A
2011,7,20,17,0,126,1,126,0.155,3.1,27.05,29,780,N/A
2011,7,20,17,30,77,0,77,0.155,2.5,28.67,28,780,N/A
2011,7,20,18,0,80,5,81,0.155,1.9000000000000001,34.730000000000004,27,780,N/A
2011,7,20,18,30,8,0,8,0.155,1.3,36.84,26,780,N/A
2011,7,20,19,0,2,0,2,0.155,0.8,44.28,25,780,N/A
2011,7,20,19,30,0,0,0,0.155,0.7000000000000001,47.02,24,780,N/A
2011,7,20,20,0,0,0,0,0.155,0.6000000000000001,52.08,24,780,N/A
2011,7,20,20,30,0,0,0,0.155,0.6000000000000001,55.35,23,780,N/A
2011,7,20,21,0,0,0,0,0.155,0.7000000000000001,57.99,22,780,N/A
2011,7,20,21,30,0,0,0,0.155,0.7000000000000001,61.64,21,780,N/A
2011,7,20,22,0,0,0,0,0.155,0.8,62.67,21,780,N/A
2011,7,20,22,30,0,0,0,0.155,0.9,66.65,20,780,N/A
2011,7,20,23,0,0,0,0,0.155,1,70.5,20,780,N/A
2011,7,20,23,30,0,0,0,0.155,1,70.5,19,780,N/A
2011,7,21,0,0,0,0,0,0.155,1,70.52,19,780,N/A
2011,7,21,0,30,0,0,0,0.155,0.9,75.07000000000001,18,780,N/A
2011,7,21,1,0,0,0,0,0.155,0.8,75.53,18,780,N/A
2011,7,21,1,30,0,0,0,0.155,0.7000000000000001,80.42,17,780,N/A
2011,7,21,2,0,0,0,0,0.155,0.6000000000000001,81.21000000000001,17,780,N/A
2011,7,21,2,30,0,0,0,0.155,0.5,86.51,17,780,N/A
2011,7,21,3,0,0,0,0,0.155,0.4,85.9,17,780,N/A
2011,7,21,3,30,0,0,0,0.155,0.4,85.89,16,780,N/A
2011,7,21,4,0,0,0,0,0.155,0.4,84.4,16,780,N/A
2011,7,21,4,30,0,0,0,0.155,0.30000000000000004,84.4,16,780,N/A
2011,7,21,5,0,0,0,0,0.155,0.30000000000000004,78.24,17,780,N/A
2011,7,21,5,30,19,0,19,0.155,0.5,73.48,18,780,N/A
2011,7,21,6,0,57,6,58,0.155,0.7000000000000001,66.2,19,780,N/A
2011,7,21,6,30,92,9,95,0.155,0.9,58.51,21,780,N/A
2011,7,21,7,0,144,274,245,0.155,1.1,46.45,23,780,N/A
2011,7,21,7,30,98,688,417,0.155,1.1,43.74,24,780,N/A
2011,7,21,8,0,211,428,448,0.155,1.1,36.44,26,780,N/A
2011,7,21,8,30,79,862,632,0.155,1.1,36.44,27,780,N/A
2011,7,21,9,0,83,888,721,0.155,1.1,33.34,28,780,N/A
2011,7,21,9,30,87,907,801,0.155,1.1,31.45,28,780,N/A
2011,7,21,10,0,379,499,802,0.155,1.1,28.92,29,780,N/A
2011,7,21,10,30,440,379,778,0.155,1.1,28.91,29,780,N/A
2011,7,21,11,0,460,67,522,0.155,1.1,26.84,30,780,N/A
2011,7,21,11,30,358,24,381,0.155,1.2000000000000002,26.830000000000002,30,780,N/A
2011,7,21,12,0,512,254,758,0.155,1.3,26.740000000000002,30,780,N/A
2011,7,21,12,30,422,346,756,0.155,1.3,26.740000000000002,30,780,N/A
2011,7,21,13,0,394,518,885,0.155,1.4000000000000001,26.990000000000002,30,780,N/A
2011,7,21,13,30,487,401,855,0.155,1.4000000000000001,28.580000000000002,30,780,N/A
2011,7,21,14,0,83,940,910,0.155,1.5,28.48,30,780,N/A
2011,7,21,14,30,81,929,850,0.155,1.6,28.48,29,780,N/A
2011,7,21,15,0,385,220,553,0.155,1.7000000000000002,27.98,29,780,N/A
2011,7,21,15,30,316,256,494,0.155,1.8,29.64,28,780,N/A
2011,7,21,16,0,177,584,536,0.155,1.9000000000000001,29.09,28,780,N/A
2011,7,21,16,30,161,545,448,0.155,1.9000000000000001,30.830000000000002,27,780,N/A
2011,7,21,17,0,115,0,115,0.155,1.9000000000000001,30.86,27,780,N/A
2011,7,21,17,30,55,715,295,0.155,1.4000000000000001,32.730000000000004,26,780,N/A
2011,7,21,18,0,86,224,139,0.155,0.9,41.47,25,780,N/A
2011,7,21,18,30,47,166,70,0.155,0.8,44.03,24,780,N/A
2011,7,21,19,0,16,0,16,0.155,0.7000000000000001,48.94,23,780,N/A
2011,7,21,19,30,0,0,0,0.155,0.6000000000000001,52.02,22,780,N/A
2011,7,21,20,0,0,0,0,0.155,0.5,56.26,22,780,N/A
2011,7,21,20,30,0,0,0,0.155,0.4,56.28,21,780,N/A
2011,7,21,21,0,0,0,0,0.155,0.4,56.050000000000004,21,780,N/A
2011,7,21,21,30,0,0,0,0.155,0.7000000000000001,59.61,20,780,N/A
2011,7,21,22,0,0,0,0,0.155,1.1,66.75,19,780,N/A
2011,7,21,22,30,0,0,0,0.155,1.2000000000000002,71.06,18,780,N/A
2011,7,21,23,0,0,0,0,0.155,1.3,73.55,18,780,N/A
2011,7,21,23,30,0,0,0,0.155,1.3,73.55,18,780,N/A
2011,7,22,0,0,0,0,0,0.155,1.4000000000000001,75.49,18,780,N/A
2011,7,22,0,30,0,0,0,0.155,1.2000000000000002,80.38,17,780,N/A
2011,7,22,1,0,0,0,0,0.155,1,81.44,17,780,N/A
2011,7,22,1,30,0,0,0,0.155,0.9,86.76,17,780,N/A
2011,7,22,2,0,0,0,0,0.155,0.8,86.82000000000001,17,780,N/A
2011,7,22,2,30,0,0,0,0.155,0.7000000000000001,86.82000000000001,16,780,N/A
2011,7,22,3,0,0,0,0,0.155,0.6000000000000001,86.36,16,780,N/A
2011,7,22,3,30,0,0,0,0.155,0.6000000000000001,86.36,16,780,N/A
2011,7,22,4,0,0,0,0,0.155,0.6000000000000001,85.03,16,780,N/A
2011,7,22,4,30,0,0,0,0.155,0.6000000000000001,85.05,16,780,N/A
2011,7,22,5,0,0,0,0,0.155,0.7000000000000001,79.55,17,780,N/A
2011,7,22,5,30,24,115,32,0.155,0.9,74.7,18,780,N/A
2011,7,22,6,0,55,250,98,0.155,1.2000000000000002,62.52,20,780,N/A
2011,7,22,6,30,104,164,148,0.155,1.3,58.79,21,780,N/A
2011,7,22,7,0,123,10,127,0.155,1.5,46.38,23,780,N/A
2011,7,22,7,30,140,5,142,0.155,1.5,43.67,24,780,N/A
2011,7,22,8,0,237,58,269,0.155,1.6,38.78,26,780,N/A
2011,7,22,8,30,152,7,157,0.155,1.6,36.550000000000004,26,780,N/A
2011,7,22,9,0,323,56,364,0.155,1.7000000000000002,33.63,27,780,N/A
2011,7,22,9,30,342,42,375,0.155,1.7000000000000002,33.62,27,780,N/A
2011,7,22,10,0,388,380,709,0.155,1.8,31.34,28,780,N/A
2011,7,22,10,30,119,889,912,0.155,1.8,31.34,28,780,N/A
2011,7,22,11,0,108,916,959,0.155,1.9000000000000001,31.14,29,780,N/A
2011,7,22,11,30,110,921,987,0.155,1.8,31.13,29,780,N/A
2011,7,22,12,0,113,919,998,0.155,1.8,31.34,29,780,N/A
2011,7,22,12,30,113,918,996,0.155,1.7000000000000002,31.330000000000002,29,780,N/A
2011,7,22,13,0,112,915,978,0.155,1.7000000000000002,31.75,29,780,N/A
2011,7,22,13,30,110,909,945,0.155,1.6,31.740000000000002,29,780,N/A
2011,7,22,14,0,327,498,764,0.155,1.6,32.09,29,780,N/A
2011,7,22,14,30,378,405,713,0.155,1.5,32.08,28,780,N/A
2011,7,22,15,0,327,429,655,0.155,1.5,32.17,28,780,N/A
2011,7,22,15,30,277,441,582,0.155,1.4000000000000001,32.160000000000004,28,780,N/A
2011,7,22,16,0,225,23,240,0.155,1.4000000000000001,32.08,28,780,N/A
2011,7,22,16,30,188,22,200,0.155,1.3,34,27,780,N/A
2011,7,22,17,0,40,0,40,0.155,1.3,36.31,27,780,N/A
2011,7,22,17,30,132,226,208,0.155,1.1,38.53,26,780,N/A
2011,7,22,18,0,3,0,3,0.155,1,42.92,25,780,N/A
2011,7,22,18,30,1,0,1,0.155,0.9,48.38,23,780,N/A
2011,7,22,19,0,0,0,0,0.155,0.8,55.67,22,780,N/A
2011,7,22,19,30,0,0,0,0.155,0.9,59.19,21,780,N/A
2011,7,22,20,0,0,0,0,0.155,1,59.21,21,780,N/A
2011,7,22,20,30,0,0,0,0.155,1,62.980000000000004,21,780,N/A
2011,7,22,21,0,0,0,0,0.155,1.1,63.31,21,780,N/A
2011,7,22,21,30,0,0,0,0.155,1.1,63.32,20,780,N/A
2011,7,22,22,0,0,0,0,0.155,1.2000000000000002,63.6,20,780,N/A
2011,7,22,22,30,0,0,0,0.155,1.2000000000000002,67.67,20,780,N/A
2011,7,22,23,0,0,0,0,0.155,1.4000000000000001,68.05,20,780,N/A
2011,7,22,23,30,0,0,0,0.155,1.5,68.06,19,780,N/A
2011,7,23,0,0,0,0,0,0.155,1.6,68.54,19,780,N/A
2011,7,23,0,30,0,0,0,0.155,1.5,72.96000000000001,18,780,N/A
2011,7,23,1,0,0,0,0,0.155,1.5,73.56,18,780,N/A
2011,7,23,1,30,0,0,0,0.155,1.2000000000000002,78.33,18,780,N/A
2011,7,23,2,0,0,0,0,0.155,0.9,78.55,18,780,N/A
2011,7,23,2,30,0,0,0,0.155,0.7000000000000001,83.69,17,780,N/A
2011,7,23,3,0,0,0,0,0.155,0.6000000000000001,83.23,17,780,N/A
2011,7,23,3,30,0,0,0,0.155,0.6000000000000001,83.23,16,780,N/A
2011,7,23,4,0,0,0,0,0.155,0.6000000000000001,82.89,16,780,N/A
2011,7,23,4,30,0,0,0,0.155,0.7000000000000001,82.9,16,780,N/A
2011,7,23,5,0,0,0,0,0.155,0.8,77.77,17,780,N/A
2011,7,23,5,30,23,207,37,0.155,0.8,73.04,18,780,N/A
2011,7,23,6,0,41,453,117,0.155,0.9,62.99,20,780,N/A
2011,7,23,6,30,74,461,197,0.155,1,59.25,21,780,N/A
2011,7,23,7,0,69,688,320,0.155,1.1,50.660000000000004,23,780,N/A
2011,7,23,7,30,78,754,425,0.155,1.1,47.7,24,780,N/A
2011,7,23,8,0,83,807,528,0.155,1.1,42.58,25,790,N/A
2011,7,23,8,30,89,843,626,0.155,1,40.13,26,780,N/A
2011,7,23,9,0,93,872,716,0.155,0.9,35.01,27,780,N/A
2011,7,23,9,30,97,892,797,0.155,0.8,33.02,28,780,N/A
2011,7,23,10,0,101,906,866,0.155,0.8,28.87,29,780,N/A
2011,7,23,10,30,103,918,922,0.155,0.8,27.25,30,780,N/A
2011,7,23,11,0,104,928,965,0.155,0.9,24.37,31,780,N/A
2011,7,23,11,30,105,933,993,0.155,1,24.36,31,780,N/A
2011,7,23,12,0,112,927,1004,0.155,1.2000000000000002,22.26,32,780,N/A
2011,7,23,12,30,112,925,1001,0.155,1.4000000000000001,22.25,32,780,N/A
2011,7,23,13,0,115,915,980,0.155,1.7000000000000002,22.06,32,780,N/A
2011,7,23,13,30,114,908,947,0.155,1.7000000000000002,23.34,31,780,N/A
2011,7,23,14,0,313,21,332,0.155,1.7000000000000002,23.89,31,780,N/A
2011,7,23,14,30,191,13,202,0.155,1.7000000000000002,25.3,30,780,N/A
2011,7,23,15,0,50,0,50,0.155,1.7000000000000002,26.330000000000002,30,780,N/A
2011,7,23,15,30,23,0,23,0.155,1.5,27.89,29,780,N/A
2011,7,23,16,0,14,0,14,0.155,1.4000000000000001,31.52,28,780,N/A
2011,7,23,16,30,23,0,23,0.155,1.1,33.42,27,780,N/A
2011,7,23,17,0,116,0,116,0.155,0.9,40.4,26,780,N/A
2011,7,23,17,30,127,42,141,0.155,0.9,42.88,25,780,N/A
2011,7,23,18,0,3,0,3,0.155,1,51.800000000000004,24,790,N/A
2011,7,23,18,30,1,0,1,0.155,1.1,55.02,23,790,N/A
2011,7,23,19,0,0,0,0,0.155,1.2000000000000002,61.76,22,790,N/A
2011,7,23,19,30,0,0,0,0.155,1.5,65.67,21,790,N/A
2011,7,23,20,0,0,0,0,0.155,1.8,69.03,20,790,N/A
2011,7,23,20,30,0,0,0,0.155,2.2,73.46000000000001,19,790,N/A
2011,7,23,21,0,0,0,0,0.155,2.6,74.09,19,790,N/A
2011,7,23,21,30,0,0,0,0.155,2.9000000000000004,78.88,18,790,N/A
2011,7,23,22,0,0,0,0,0.155,3.3000000000000003,80.21000000000001,18,790,N/A
2011,7,23,22,30,0,0,0,0.155,3.3000000000000003,85.42,17,790,N/A
2011,7,23,23,0,0,0,0,0.155,3.3000000000000003,86.21000000000001,17,790,N/A
2011,7,23,23,30,0,0,0,0.155,3,86.21000000000001,17,790,N/A
2011,7,24,0,0,0,0,0,0.155,2.8000000000000003,85.63,17,790,N/A
2011,7,24,0,30,0,0,0,0.155,2.4000000000000004,91.22,17,790,N/A
2011,7,24,1,0,0,0,0,0.155,2.1,89.56,17,790,N/A
2011,7,24,1,30,0,0,0,0.155,1.7000000000000002,89.55,16,790,N/A
2011,7,24,2,0,0,0,0,0.155,1.3,87.84,16,790,N/A
2011,7,24,2,30,0,0,0,0.155,1.1,87.84,16,790,N/A
2011,7,24,3,0,0,0,0,0.155,1,86.12,16,790,N/A
2011,7,24,3,30,0,0,0,0.155,1,91.81,15,790,N/A
2011,7,24,4,0,0,0,0,0.155,1,89.35000000000001,15,790,N/A
2011,7,24,4,30,0,0,0,0.155,1.2000000000000002,89.36,15,790,N/A
2011,7,24,5,0,0,0,0,0.155,1.4000000000000001,81.25,16,790,N/A
2011,7,24,5,30,20,3,21,0.155,1.7000000000000002,76.27,17,790,N/A
2011,7,24,6,0,58,55,67,0.155,2,63.43,19,790,N/A
2011,7,24,6,30,90,8,92,0.155,1.6,59.620000000000005,21,790,N/A
2011,7,24,7,0,140,42,156,0.155,1.3,48.19,23,790,N/A
2011,7,24,7,30,120,591,392,0.155,1.2000000000000002,45.36,24,790,N/A
2011,7,24,8,0,221,385,433,0.155,1.1,37.43,26,790,N/A
2011,7,24,8,30,302,225,445,0.155,1.3,35.28,27,790,N/A
2011,7,24,9,0,96,862,712,0.155,1.5,32.62,28,790,N/A
2011,7,24,9,30,101,884,793,0.155,1.7000000000000002,30.78,28,790,N/A
2011,7,24,10,0,106,897,861,0.155,2,29.03,29,790,N/A
2011,7,24,10,30,108,909,918,0.155,2.2,29.03,29,790,N/A
2011,7,24,11,0,488,371,833,0.155,2.4000000000000004,28.98,30,790,N/A
2011,7,24,11,30,216,16,232,0.155,2.5,28.98,30,790,N/A
2011,7,24,12,0,194,15,209,0.155,2.6,27.42,30,790,N/A
2011,7,24,12,30,501,96,594,0.155,2.6,27.42,30,790,N/A
2011,7,24,13,0,508,166,665,0.155,2.7,27.62,30,790,N/A
2011,7,24,13,30,86,0,86,0.155,2.7,29.25,29,790,N/A
2011,7,24,14,0,80,0,80,0.155,2.8000000000000003,29.650000000000002,29,790,N/A
2011,7,24,14,30,52,0,52,0.155,2.9000000000000004,31.41,28,790,N/A
2011,7,24,15,0,81,0,81,0.155,3,31.7,28,790,N/A
2011,7,24,15,30,85,0,85,0.155,3,33.61,27,790,N/A
2011,7,24,16,0,79,0,79,0.155,3.1,34.11,27,790,N/A
2011,7,24,16,30,179,16,188,0.155,3,36.18,26,790,N/A
2011,7,24,17,0,181,82,216,0.155,2.9000000000000004,37.37,26,790,N/A
2011,7,24,17,30,135,114,173,0.155,2.3000000000000003,42.09,25,790,N/A
2011,7,24,18,0,81,20,86,0.155,1.7000000000000002,51.57,24,790,N/A
2011,7,24,18,30,41,0,41,0.155,1.4000000000000001,54.79,22,790,N/A
2011,7,24,19,0,8,0,8,0.155,1.2000000000000002,62.730000000000004,21,790,N/A
2011,7,24,19,30,0,0,0,0.155,1.1,62.75,21,790,N/A
2011,7,24,20,0,0,0,0,0.155,1,63.25,21,790,N/A
2011,7,24,20,30,0,0,0,0.155,0.8,67.27,20,790,N/A
2011,7,24,21,0,0,0,0,0.155,0.6000000000000001,67.24,20,790,N/A
2011,7,24,21,30,0,0,0,0.155,0.6000000000000001,71.54,19,790,N/A
2011,7,24,22,0,0,0,0,0.155,0.7000000000000001,70.38,19,790,N/A
2011,7,24,22,30,0,0,0,0.155,0.9,74.92,18,790,N/A
2011,7,24,23,0,0,0,0,0.155,1.1,75.12,18,790,N/A
2011,7,24,23,30,0,0,0,0.155,1.2000000000000002,79.99,18,790,N/A
2011,7,25,0,0,0,0,0,0.155,1.3,79.8,18,790,N/A
2011,7,25,0,30,0,0,0,0.155,1.4000000000000001,79.78,17,790,N/A
2011,7,25,1,0,0,0,0,0.155,1.5,80.27,17,790,N/A
2011,7,25,1,30,0,0,0,0.155,1.5,85.51,16,790,N/A
2011,7,25,2,0,0,0,0,0.155,1.5,86.02,16,790,N/A
2011,7,25,2,30,0,0,0,0.155,1.5,86,16,790,N/A
2011,7,25,3,0,0,0,0,0.155,1.5,85.69,16,790,N/A
2011,7,25,3,30,0,0,0,0.155,1.5,91.33,15,790,N/A
2011,7,25,4,0,0,0,0,0.155,1.5,90.47,15,790,N/A
2011,7,25,4,30,0,0,0,0.155,1.7000000000000002,90.47,15,790,N/A
2011,7,25,5,0,0,0,0,0.155,1.9000000000000001,83.89,16,790,N/A
2011,7,25,5,30,20,1,20,0.155,2,78.75,17,790,N/A
2011,7,25,6,0,57,50,66,0.155,2.3000000000000003,72.75,19,790,N/A
2011,7,25,6,30,95,252,161,0.155,2.3000000000000003,64.24,20,790,N/A
2011,7,25,7,0,67,690,316,0.155,2.4000000000000004,54.65,22,790,N/A
2011,7,25,7,30,75,756,421,0.155,2.4000000000000004,51.43,23,790,N/A
2011,7,25,8,0,82,805,523,0.155,2.5,47.75,25,790,N/A
2011,7,25,8,30,88,840,621,0.155,2.6,44.980000000000004,25,790,N/A
2011,7,25,9,0,93,867,710,0.155,2.7,41.89,26,790,N/A
2011,7,25,9,30,97,887,790,0.155,2.7,41.89,27,790,N/A
2011,7,25,10,0,103,897,858,0.155,2.8000000000000003,38.93,28,790,N/A
2011,7,25,10,30,106,909,914,0.155,2.8000000000000003,38.92,28,790,N/A
2011,7,25,11,0,458,322,756,0.155,2.9000000000000004,36.06,28,790,N/A
2011,7,25,11,30,496,98,590,0.155,2.8000000000000003,36.050000000000004,28,790,N/A
2011,7,25,12,0,228,17,245,0.155,2.8000000000000003,35.45,28,790,N/A
2011,7,25,12,30,218,16,234,0.155,2.6,37.56,28,790,N/A
2011,7,25,13,0,52,0,52,0.155,2.5,37.52,28,790,N/A
2011,7,25,13,30,92,0,92,0.155,2.4000000000000004,37.51,27,790,N/A
2011,7,25,14,0,118,4,121,0.155,2.3000000000000003,37.61,27,790,N/A
2011,7,25,14,30,240,16,253,0.155,2.1,39.88,26,790,N/A
2011,7,25,15,0,312,33,337,0.155,2,39.52,26,790,N/A
2011,7,25,15,30,245,20,259,0.155,1.9000000000000001,39.51,26,790,N/A
2011,7,25,16,0,278,85,330,0.155,1.8,39.32,26,790,N/A
2011,7,25,16,30,223,292,375,0.155,1.5,41.71,25,790,N/A
2011,7,25,17,0,126,522,349,0.155,1.3,42.88,25,790,N/A
2011,7,25,17,30,103,435,246,0.155,1,45.51,24,790,N/A
2011,7,25,18,0,73,347,152,0.155,0.7000000000000001,58.42,23,790,N/A
2011,7,25,18,30,43,230,73,0.155,0.7000000000000001,62.06,22,790,N/A
2011,7,25,19,0,14,0,14,0.155,0.8,60.93,21,790,N/A
2011,7,25,19,30,0,0,0,0.155,0.8,64.8,21,790,N/A
2011,7,25,20,0,0,0,0,0.155,0.8,61.47,21,790,N/A
2011,7,25,20,30,0,0,0,0.155,0.8,61.47,20,790,N/A
2011,7,25,21,0,0,0,0,0.155,0.9,60.46,20,790,N/A
2011,7,25,21,30,0,0,0,0.155,0.9,64.32000000000001,19,790,N/A
2011,7,25,22,0,0,0,0,0.155,0.9,63.67,19,790,N/A
2011,7,25,22,30,0,0,0,0.155,0.9,63.660000000000004,19,790,N/A
2011,7,25,23,0,0,0,0,0.155,0.9,62.410000000000004,19,790,N/A
2011,7,25,23,30,0,0,0,0.155,0.8,62.39,19,780,N/A
2011,7,26,0,0,0,0,0,0.155,0.8,61.59,19,780,N/A
2011,7,26,0,30,0,0,0,0.155,0.7000000000000001,61.58,19,780,N/A
2011,7,26,1,0,0,0,0,0.155,0.6000000000000001,60.620000000000005,19,780,N/A
2011,7,26,1,30,0,0,0,0.155,0.5,60.6,19,780,N/A
2011,7,26,2,0,0,0,0,0.155,0.4,59.74,19,780,N/A
2011,7,26,2,30,0,0,0,0.155,0.30000000000000004,63.58,18,780,N/A
2011,7,26,3,0,0,0,0,0.155,0.30000000000000004,63.300000000000004,18,780,N/A
2011,7,26,3,30,0,0,0,0.155,0.4,67.4,17,780,N/A
2011,7,26,4,0,0,0,0,0.155,0.5,67.24,17,780,N/A
2011,7,26,4,30,0,0,0,0.155,0.5,67.25,17,780,N/A
2011,7,26,5,0,0,0,0,0.155,0.5,70.48,17,780,N/A
2011,7,26,5,30,21,200,34,0.155,0.7000000000000001,66.19,18,780,N/A
2011,7,26,6,0,43,440,113,0.155,1,60.22,20,780,N/A
2011,7,26,6,30,58,586,211,0.155,1,53.230000000000004,21,780,N/A
2011,7,26,7,0,69,687,315,0.155,1.1,44.07,23,780,N/A
2011,7,26,7,30,77,754,421,0.155,1.5,41.5,24,780,N/A
2011,7,26,8,0,84,806,525,0.155,1.9000000000000001,38.800000000000004,26,780,N/A
2011,7,26,8,30,89,843,623,0.155,2.2,36.57,26,780,N/A
2011,7,26,9,0,94,871,713,0.155,2.5,34.49,27,780,N/A
2011,7,26,9,30,98,892,794,0.155,2.6,34.480000000000004,28,780,N/A
2011,7,26,10,0,103,906,863,0.155,2.7,32.33,29,780,N/A
2011,7,26,10,30,105,918,920,0.155,2.8000000000000003,32.32,29,780,N/A
2011,7,26,11,0,108,925,963,0.155,2.9000000000000004,30.35,30,780,N/A
2011,7,26,11,30,109,930,991,0.155,3,30.34,30,780,N/A
2011,7,26,12,0,114,926,1002,0.155,3.2,28.490000000000002,30,780,N/A
2011,7,26,12,30,113,925,999,0.155,3.2,28.48,30,780,N/A
2011,7,26,13,0,118,913,978,0.155,3.3000000000000003,28.38,30,780,N/A
2011,7,26,13,30,116,905,944,0.155,3.4000000000000004,30.05,30,780,N/A
2011,7,26,14,0,106,907,899,0.155,3.5,29.91,30,780,N/A
2011,7,26,14,30,103,893,837,0.155,3.5,29.91,29,780,N/A
2011,7,26,15,0,103,868,762,0.155,3.6,29.810000000000002,29,780,N/A
2011,7,26,15,30,98,844,678,0.155,3.5,31.580000000000002,28,780,N/A
2011,7,26,16,0,15,0,15,0.155,3.5,31.95,28,780,N/A
2011,7,26,16,30,12,0,12,0.155,3.4000000000000004,33.87,27,780,N/A
2011,7,26,17,0,177,243,281,0.155,3.3000000000000003,36.44,27,780,N/A
2011,7,26,17,30,54,0,54,0.155,2.7,38.67,25,780,N/A
2011,7,26,18,0,81,26,87,0.155,2.2,43.79,24,780,N/A
2011,7,26,18,30,41,1,41,0.155,2,49.4,22,780,N/A
2011,7,26,19,0,7,0,7,0.155,1.9000000000000001,55.620000000000005,21,780,N/A
2011,7,26,19,30,0,0,0,0.155,1.9000000000000001,59.160000000000004,20,780,N/A
2011,7,26,20,0,0,0,0,0.155,1.9000000000000001,59.28,20,780,N/A
2011,7,26,20,30,0,0,0,0.155,1.9000000000000001,63.08,19,780,N/A
2011,7,26,21,0,0,0,0,0.155,1.9000000000000001,63.92,19,780,N/A
2011,7,26,21,30,0,0,0,0.155,1.8,68.03,18,780,N/A
2011,7,26,22,0,0,0,0,0.155,1.7000000000000002,69.42,18,780,N/A
2011,7,26,22,30,0,0,0,0.155,1.6,73.93,17,780,N/A
2011,7,26,23,0,0,0,0,0.155,1.5,75.91,17,780,N/A
2011,7,26,23,30,0,0,0,0.155,1.5,80.87,16,780,N/A
2011,7,27,0,0,0,0,0,0.155,1.5,82.98,16,780,N/A
2011,7,27,0,30,0,0,0,0.155,1.5,88.45,15,780,N/A
2011,7,27,1,0,0,0,0,0.155,1.5,90.60000000000001,15,780,N/A
2011,7,27,1,30,0,0,0,0.155,1.4000000000000001,90.58,15,780,N/A
2011,7,27,2,0,0,0,0,0.155,1.4000000000000001,91.67,15,780,N/A
2011,7,27,2,30,0,0,0,0.155,1.2000000000000002,97.77,15,780,N/A
2011,7,27,3,0,0,0,0,0.155,1.2000000000000002,97.71000000000001,15,780,N/A
2011,7,27,3,30,0,0,0,0.155,1.1,97.71000000000001,14,780,N/A
2011,7,27,4,0,0,0,0,0.155,1,97.27,14,780,N/A
2011,7,27,4,30,0,0,0,0.155,1.2000000000000002,97.3,14,780,N/A
2011,7,27,5,0,0,0,0,0.155,1.4000000000000001,90.72,15,780,N/A
2011,7,27,5,30,20,194,32,0.155,1.9000000000000001,85.11,16,780,N/A
2011,7,27,6,0,42,437,111,0.155,2.5,77.02,18,780,N/A
2011,7,27,6,30,56,584,207,0.155,2.6,72.32000000000001,19,780,N/A
2011,7,27,7,0,100,521,286,0.155,2.7,58.36,21,780,N/A
2011,7,27,7,30,74,753,416,0.155,2.5,54.88,22,780,N/A
2011,7,27,8,0,79,806,519,0.155,2.4000000000000004,45.47,24,780,N/A
2011,7,27,8,30,85,842,617,0.155,2.3000000000000003,42.81,25,780,N/A
2011,7,27,9,0,87,874,707,0.155,2.2,36.47,26,780,N/A
2011,7,27,9,30,91,895,788,0.155,2.2,34.39,27,780,N/A
2011,7,27,10,0,93,913,858,0.155,2.2,31.560000000000002,28,780,N/A
2011,7,27,10,30,95,925,916,0.155,2.3000000000000003,31.55,28,780,N/A
2011,7,27,11,0,85,950,963,0.155,2.4000000000000004,29.35,29,780,N/A
2011,7,27,11,30,86,955,992,0.155,2.4000000000000004,29.330000000000002,29,780,N/A
2011,7,27,12,0,89,955,1004,0.155,2.5,27.41,30,780,N/A
2011,7,27,12,30,89,955,1002,0.155,2.5,27.400000000000002,30,780,N/A
2011,7,27,13,0,91,948,984,0.155,2.6,27.05,30,780,N/A
2011,7,27,13,30,90,943,951,0.155,2.6,27.05,30,780,N/A
2011,7,27,14,0,92,929,903,0.155,2.7,26.6,31,780,N/A
2011,7,27,14,30,322,35,350,0.155,2.7,26.6,30,780,N/A
2011,7,27,15,0,298,28,319,0.155,2.7,26.09,30,780,N/A
2011,7,27,15,30,30,0,30,0.155,2.7,27.63,29,780,N/A
2011,7,27,16,0,287,160,384,0.155,2.7,27.18,29,780,N/A
2011,7,27,16,30,222,66,257,0.155,2.6,28.8,28,780,N/A
2011,7,27,17,0,71,743,385,0.153,2.6,28.830000000000002,28,780,N/A
2011,7,27,17,30,62,669,279,0.153,2.1,32.410000000000004,27,780,N/A
2011,7,27,18,0,51,556,176,0.153,1.7000000000000002,40.6,26,780,N/A
2011,7,27,18,30,35,386,83,0.153,1.5,43.11,24,780,N/A
2011,7,27,19,0,14,0,14,0.153,1.4000000000000001,48.82,23,780,N/A
2011,7,27,19,30,0,0,0,0.153,1.5,51.89,23,780,N/A
2011,7,27,20,0,0,0,0,0.153,1.7000000000000002,50.13,23,780,N/A
2011,7,27,20,30,0,0,0,0.153,1.7000000000000002,53.300000000000004,22,780,N/A
2011,7,27,21,0,0,0,0,0.153,1.7000000000000002,52,22,780,N/A
2011,7,27,21,30,0,0,0,0.153,1.8,55.300000000000004,21,780,N/A
2011,7,27,22,0,0,0,0,0.153,1.9000000000000001,53.980000000000004,21,780,N/A
2011,7,27,22,30,0,0,0,0.153,2,53.980000000000004,20,780,N/A
2011,7,27,23,0,0,0,0,0.153,2.1,52.89,20,780,N/A
2011,7,27,23,30,0,0,0,0.153,2,56.27,19,780,N/A
2011,7,28,0,0,0,0,0,0.153,2,56,19,780,N/A
2011,7,28,0,30,0,0,0,0.153,1.9000000000000001,59.6,18,780,N/A
2011,7,28,1,0,0,0,0,0.153,1.8,60.45,18,780,N/A
2011,7,28,1,30,0,0,0,0.153,1.7000000000000002,64.37,17,780,N/A
2011,7,28,2,0,0,0,0,0.153,1.6,66.18,17,780,N/A
2011,7,28,2,30,0,0,0,0.153,1.6,70.51,16,780,N/A
2011,7,28,3,0,0,0,0,0.153,1.6,72.64,16,780,N/A
2011,7,28,3,30,0,0,0,0.153,1.6,77.45,16,780,N/A
2011,7,28,4,0,0,0,0,0.153,1.6,79.51,16,780,N/A
2011,7,28,4,30,0,0,0,0.153,1.9000000000000001,79.53,16,780,N/A
2011,7,28,5,0,0,0,0,0.153,2.2,76.53,16,780,N/A
2011,7,28,5,30,19,234,32,0.153,2.5,71.85000000000001,17,780,N/A
2011,7,28,6,0,38,475,112,0.153,2.8000000000000003,63.67,19,780,N/A
2011,7,28,6,30,52,620,211,0.153,2.5,56.29,21,780,N/A
2011,7,28,7,0,62,713,315,0.153,2.3000000000000003,41.62,24,780,N/A
2011,7,28,7,30,95,685,404,0.153,1.8,39.22,25,780,N/A
2011,7,28,8,0,76,823,524,0.153,1.3,32.06,27,780,N/A
2011,7,28,8,30,82,857,622,0.153,0.9,30.240000000000002,28,780,N/A
2011,7,28,9,0,338,282,538,0.153,0.6000000000000001,27.76,29,790,N/A
2011,7,28,9,30,92,898,791,0.153,0.8,27.76,29,780,N/A
2011,7,28,10,0,99,907,858,0.153,1.1,26.03,30,780,N/A
2011,7,28,10,30,102,918,915,0.153,1.3,26.02,30,780,N/A
2011,7,28,11,0,124,896,950,0.153,1.5,24.6,31,780,N/A
2011,7,28,11,30,125,901,978,0.153,1.5,24.59,31,780,N/A
2011,7,28,12,0,505,351,841,0.153,1.6,25.16,31,780,N/A
2011,7,28,12,30,130,896,985,0.153,1.5,26.63,30,780,N/A
2011,7,28,13,0,129,891,966,0.153,1.4000000000000001,27.48,30,780,N/A
2011,7,28,13,30,444,367,779,0.153,1.2000000000000002,29.1,29,780,N/A
2011,7,28,14,0,46,0,46,0.153,1.2000000000000002,29.94,29,780,N/A
2011,7,28,14,30,231,15,244,0.153,1.2000000000000002,31.720000000000002,28,780,N/A
2011,7,28,15,0,163,10,170,0.153,1.3,32.51,28,780,N/A
2011,7,28,15,30,65,0,65,0.153,1.5,34.46,27,780,N/A
2011,7,28,16,0,126,2,127,0.153,1.8,35.62,27,780,N/A
2011,7,28,16,30,40,0,40,0.153,2.1,37.78,26,780,N/A
2011,7,28,17,0,60,0,60,0.153,2.4000000000000004,42.1,25,780,N/A
2011,7,28,17,30,27,0,27,0.153,2.5,47.46,23,780,N/A
2011,7,28,18,0,49,0,49,0.153,2.8000000000000003,54.63,22,790,N/A
2011,7,28,18,30,22,0,22,0.153,3.1,61.77,21,790,N/A
2011,7,28,19,0,3,0,3,0.153,3.5,70.33,20,790,N/A
2011,7,28,19,30,0,0,0,0.153,3.8000000000000003,74.9,19,790,N/A
2011,7,28,20,0,0,0,0,0.153,4.2,77.33,18,790,N/A
2011,7,28,20,30,0,0,0,0.153,4.2,82.38,17,790,N/A
2011,7,28,21,0,0,0,0,0.153,4.2,82.51,17,790,N/A
2011,7,28,21,30,0,0,0,0.153,3.9000000000000004,87.91,17,790,N/A
2011,7,28,22,0,0,0,0,0.153,3.6,86.97,17,790,N/A
2011,7,28,22,30,0,0,0,0.153,3.2,86.97,16,790,N/A
2011,7,28,23,0,0,0,0,0.153,2.9000000000000004,86.65,16,790,N/A
2011,7,28,23,30,0,0,0,0.153,2.5,86.64,16,790,N/A
2011,7,29,0,0,0,0,0,0.153,2.3000000000000003,86.49,16,790,N/A
2011,7,29,0,30,0,0,0,0.153,2,92.19,16,790,N/A
2011,7,29,1,0,0,0,0,0.153,1.8,92.37,16,790,N/A
2011,7,29,1,30,0,0,0,0.153,1.6,92.36,15,790,N/A
2011,7,29,2,0,0,0,0,0.153,1.5,92.24,15,790,N/A
2011,7,29,2,30,0,0,0,0.153,1.3,92.23,15,790,N/A
2011,7,29,3,0,0,0,0,0.153,1.1,91.67,15,790,N/A
2011,7,29,3,30,0,0,0,0.153,1,91.67,15,790,N/A
2011,7,29,4,0,0,0,0,0.153,0.9,90.83,15,790,N/A
2011,7,29,4,30,0,0,0,0.153,1,90.84,15,790,N/A
2011,7,29,5,0,0,0,0,0.153,1.1,90.82000000000001,15,790,N/A
2011,7,29,5,30,14,0,14,0.153,1.5,85.21000000000001,16,790,N/A
2011,7,29,6,0,52,17,55,0.153,1.9000000000000001,73.94,18,790,N/A
2011,7,29,6,30,91,259,157,0.153,2,69.47,19,790,N/A
2011,7,29,7,0,122,381,257,0.153,2.2,56.96,21,790,N/A
2011,7,29,7,30,88,706,406,0.153,2.3000000000000003,53.59,22,790,N/A
2011,7,29,8,0,99,753,507,0.153,2.5,48.370000000000005,23,790,N/A
2011,7,29,8,30,226,497,538,0.153,2.6,48.38,24,790,N/A
2011,7,29,9,0,118,811,691,0.153,2.8000000000000003,45.32,25,790,N/A
2011,7,29,9,30,123,835,771,0.153,2.9000000000000004,45.32,25,790,N/A
2011,7,29,10,0,392,417,741,0.153,3,42.67,25,790,N/A
2011,7,29,10,30,400,44,440,0.153,3,42.660000000000004,25,790,N/A
2011,7,29,11,0,220,16,235,0.153,3.1,42.480000000000004,25,790,N/A
2011,7,29,11,30,392,30,420,0.153,3,45.08,24,790,N/A
2011,7,29,12,0,482,312,780,0.153,2.9000000000000004,45.480000000000004,24,790,N/A
2011,7,29,12,30,134,886,979,0.153,2.8000000000000003,48.28,24,790,N/A
2011,7,29,13,0,128,889,963,0.153,2.7,49.03,24,790,N/A
2011,7,29,13,30,474,406,844,0.153,2.6,49.02,23,790,N/A
2011,7,29,14,0,316,22,336,0.153,2.5,48.95,23,790,N/A
2011,7,29,14,30,84,0,84,0.153,2.3000000000000003,48.94,23,790,N/A
2011,7,29,15,0,136,6,141,0.153,2.2,48.19,23,790,N/A
2011,7,29,15,30,208,14,218,0.153,2,51.2,22,790,N/A
2011,7,29,16,0,271,75,316,0.153,1.8,51.45,22,790,N/A
2011,7,29,16,30,233,154,312,0.153,1.6,54.68,21,790,N/A
2011,7,29,17,0,100,0,100,0.153,1.4000000000000001,58.160000000000004,21,790,N/A
2011,7,29,17,30,124,51,141,0.153,1.2000000000000002,61.86,20,790,N/A
2011,7,29,18,0,82,67,97,0.153,1,73.59,20,790,N/A
2011,7,29,18,30,41,29,44,0.153,1.1,78.34,19,790,N/A
2011,7,29,19,0,7,0,7,0.153,1.2000000000000002,73.82000000000001,18,790,N/A
2011,7,29,19,30,0,0,0,0.153,1.3,78.64,18,790,N/A
2011,7,29,20,0,0,0,0,0.153,1.5,76.10000000000001,18,790,N/A
2011,7,29,20,30,0,0,0,0.153,1.6,76.13,17,790,N/A
2011,7,29,21,0,0,0,0,0.153,1.7000000000000002,76.23,17,790,N/A
2011,7,29,21,30,0,0,0,0.153,1.8,76.25,17,790,N/A
2011,7,29,22,0,0,0,0,0.153,2,76.49,17,790,N/A
2011,7,29,22,30,0,0,0,0.153,2,76.49,17,790,N/A
2011,7,29,23,0,0,0,0,0.153,2.1,77.13,17,790,N/A
2011,7,29,23,30,0,0,0,0.153,2,82.16,17,790,N/A
2011,7,30,0,0,0,0,0,0.153,2,82.8,17,790,N/A
2011,7,30,0,30,0,0,0,0.153,1.9000000000000001,82.79,16,790,N/A
2011,7,30,1,0,0,0,0,0.153,1.8,83.2,16,790,N/A
2011,7,30,1,30,0,0,0,0.153,1.7000000000000002,83.19,16,790,N/A
2011,7,30,2,0,0,0,0,0.153,1.6,83.46000000000001,16,790,N/A
2011,7,30,2,30,0,0,0,0.153,1.5,83.45,16,790,N/A
2011,7,30,3,0,0,0,0,0.153,1.4000000000000001,83.5,16,790,N/A
2011,7,30,3,30,0,0,0,0.153,1.4000000000000001,83.5,16,790,N/A
2011,7,30,4,0,0,0,0,0.153,1.4000000000000001,83.49,16,790,N/A
2011,7,30,4,30,0,0,0,0.153,1.4000000000000001,83.5,16,790,N/A
2011,7,30,5,0,0,0,0,0.153,1.5,83.87,16,790,N/A
2011,7,30,5,30,20,68,23,0.153,1.5,83.88,17,790,N/A
2011,7,30,6,0,55,259,94,0.153,1.6,78.22,18,790,N/A
2011,7,30,6,30,81,413,185,0.153,1.4000000000000001,73.46000000000001,18,790,N/A
2011,7,30,7,0,101,524,285,0.153,1.3,68.28,19,790,N/A
2011,7,30,7,30,116,606,388,0.153,1.2000000000000002,68.28,20,790,N/A
2011,7,30,8,0,125,676,491,0.153,1.1,63.25,21,790,N/A
2011,7,30,8,30,135,723,588,0.153,1,59.480000000000004,21,790,N/A
2011,7,30,9,0,142,763,680,0.153,1,54.160000000000004,22,790,N/A
2011,7,30,9,30,148,791,761,0.153,1.1,54.160000000000004,22,790,N/A
2011,7,30,10,0,147,824,834,0.153,1.2000000000000002,48.92,23,790,N/A
2011,7,30,10,30,150,839,892,0.153,1.2000000000000002,48.910000000000004,24,790,N/A
2011,7,30,11,0,485,396,849,0.153,1.4000000000000001,44.33,25,790,N/A
2011,7,30,11,30,514,373,866,0.153,1.4000000000000001,44.32,25,790,N/A
2011,7,30,12,0,339,22,360,0.153,1.4000000000000001,40.32,26,790,N/A
2011,7,30,12,30,417,35,451,0.153,1.4000000000000001,40.31,26,790,N/A
2011,7,30,13,0,128,6,134,0.153,1.5,37.03,26,790,N/A
2011,7,30,13,30,112,2,115,0.153,1.7000000000000002,37.02,26,790,N/A
2011,7,30,14,0,112,2,115,0.153,1.9000000000000001,36.51,26,790,N/A
2011,7,30,14,30,192,13,203,0.153,2,38.72,26,790,N/A
2011,7,30,15,0,370,260,567,0.153,2.3000000000000003,38.38,26,790,N/A
2011,7,30,15,30,96,846,672,0.153,2.4000000000000004,38.38,25,790,N/A
2011,7,30,16,0,89,818,579,0.153,2.6,38.13,25,790,N/A
2011,7,30,16,30,83,777,479,0.153,2.6,40.47,24,790,N/A
2011,7,30,17,0,73,728,376,0.153,2.7,40.480000000000004,24,790,N/A
2011,7,30,17,30,129,112,165,0.153,2,45.67,23,790,N/A
2011,7,30,18,0,74,8,76,0.153,1.4000000000000001,55.34,22,790,N/A
2011,7,30,18,30,34,0,34,0.153,1.2000000000000002,62.61,20,790,N/A
2011,7,30,19,0,5,0,5,0.153,1,68.68,19,790,N/A
2011,7,30,19,30,0,0,0,0.153,0.9,68.7,18,790,N/A
2011,7,30,20,0,0,0,0,0.153,0.9,67.1,18,790,N/A
2011,7,30,20,30,0,0,0,0.153,0.9,71.46000000000001,18,790,N/A
2011,7,30,21,0,0,0,0,0.153,0.9,69.46000000000001,18,790,N/A
2011,7,30,21,30,0,0,0,0.153,0.9,69.46000000000001,17,790,N/A
2011,7,30,22,0,0,0,0,0.153,0.9,68.09,17,790,N/A
2011,7,30,22,30,0,0,0,0.153,0.9,68.09,17,790,N/A
2011,7,30,23,0,0,0,0,0.153,0.9,67.7,17,790,N/A
2011,7,30,23,30,0,0,0,0.153,0.9,72.13,17,790,N/A
2011,7,31,0,0,0,0,0,0.153,0.9,72.57000000000001,17,790,N/A
2011,7,31,0,30,0,0,0,0.153,0.9,72.56,16,790,N/A
2011,7,31,1,0,0,0,0,0.153,0.9,72.97,16,790,N/A
2011,7,31,1,30,0,0,0,0.153,0.8,72.96000000000001,16,790,N/A
2011,7,31,2,0,0,0,0,0.153,0.8,72.97,16,790,N/A
2011,7,31,2,30,0,0,0,0.153,0.7000000000000001,77.79,16,790,N/A
2011,7,31,3,0,0,0,0,0.153,0.7000000000000001,77.18,16,790,N/A
2011,7,31,3,30,0,0,0,0.153,0.7000000000000001,77.18,16,790,N/A
2011,7,31,4,0,0,0,0,0.153,0.7000000000000001,76.06,16,790,N/A
2011,7,31,4,30,0,0,0,0.153,0.7000000000000001,76.07000000000001,16,790,N/A
2011,7,31,5,0,0,0,0,0.153,0.7000000000000001,77.89,16,790,N/A
2011,7,31,5,30,25,0,25,0.153,1,73.08,17,790,N/A
2011,7,31,6,0,39,406,100,0.153,1.3,63.96,18,790,N/A
2011,7,31,6,30,61,518,191,0.153,1,60.09,19,790,N/A
2011,7,31,7,0,129,317,240,0.153,0.8,52.22,21,790,N/A
2011,7,31,7,30,186,268,306,0.153,0.9,49.13,22,790,N/A
2011,7,31,8,0,151,605,477,0.153,1.1,45.28,24,790,N/A
2011,7,31,8,30,295,229,438,0.153,1.3,42.63,24,790,N/A
2011,7,31,9,0,278,468,608,0.153,1.5,39.83,25,790,N/A
2011,7,31,9,30,393,186,537,0.153,1.6,39.83,25,790,N/A
2011,7,31,10,0,423,255,636,0.153,1.8,37.160000000000004,26,790,N/A
2011,7,31,10,30,423,466,835,0.153,1.9000000000000001,37.14,26,790,N/A
2011,7,31,11,0,491,178,655,0.153,2,34.56,27,790,N/A
2011,7,31,11,30,499,269,753,0.153,2.1,34.550000000000004,27,790,N/A
2011,7,31,12,0,489,81,566,0.153,2.3000000000000003,34.230000000000004,28,790,N/A
2011,7,31,12,30,460,109,565,0.153,2.3000000000000003,34.22,27,790,N/A
2011,7,31,13,0,504,373,854,0.153,2.4000000000000004,34.21,27,790,N/A
2011,7,31,13,30,363,508,824,0.153,2.5,34.2,27,790,N/A
2011,7,31,14,0,422,401,770,0.153,2.7,34.480000000000004,27,790,N/A
2011,7,31,14,30,365,404,694,0.153,2.8000000000000003,36.56,26,790,N/A
2011,7,31,15,0,92,0,92,0.153,3,37.61,26,790,N/A
2011,7,31,15,30,85,0,85,0.153,3,39.9,25,790,N/A
2011,7,31,16,0,96,795,571,0.153,3.1,41.71,25,790,N/A
2011,7,31,16,30,208,339,381,0.153,3,44.28,24,790,N/A
2011,7,31,17,0,158,338,298,0.153,3,49.45,24,790,N/A
2011,7,31,17,30,67,621,264,0.153,2.4000000000000004,52.550000000000004,23,790,N/A
2011,7,31,18,0,52,514,163,0.153,1.9000000000000001,62.25,22,790,N/A
2011,7,31,18,30,34,331,72,0.153,1.5,66.21000000000001,21,790,N/A
2011,7,31,19,0,0,0,0,0.153,1.1,75.60000000000001,20,790,N/A
2011,7,31,19,30,0,0,0,0.153,1,80.49,19,790,N/A
2011,7,31,20,0,0,0,0,0.153,0.9,81.31,19,790,N/A
2011,7,31,20,30,0,0,0,0.153,0.8,81.32000000000001,18,790,N/A
2011,7,31,21,0,0,0,0,0.153,0.7000000000000001,81.66,18,790,N/A
2011,7,31,21,30,0,0,0,0.153,0.6000000000000001,86.96000000000001,17,790,N/A
2011,7,31,22,0,0,0,0,0.153,0.6000000000000001,86.89,17,790,N/A
2011,7,31,22,30,0,0,0,0.153,0.5,92.58,16,790,N/A
2011,7,31,23,0,0,0,0,0.153,0.5,92.97,16,790,N/A
2011,7,31,23,30,0,0,0,0.153,0.5,92.96000000000001,16,790,N/A
2011,8,1,0,0,0,0,0,0.153,0.5,93.26,16,790,N/A
2011,8,1,0,30,0,0,0,0.153,0.5,99.4,15,790,N/A
2011,8,1,1,0,0,0,0,0.153,0.5,99.69,15,790,N/A
2011,8,1,1,30,0,0,0,0.153,0.5,99.68,15,790,N/A
2011,8,1,2,0,0,0,0,0.153,0.5,99.76,15,790,N/A
2011,8,1,2,30,0,0,0,0.153,0.5,99.74000000000001,15,790,N/A
2011,8,1,3,0,0,0,0,0.153,0.5,99.25,15,790,N/A
2011,8,1,3,30,0,0,0,0.153,0.5,100,15,790,N/A
2011,8,1,4,0,0,0,0,0.153,0.5,100,15,790,N/A
2011,8,1,4,30,0,0,0,0.153,0.6000000000000001,100,15,790,N/A
2011,8,1,5,0,0,0,0,0.153,0.7000000000000001,98.10000000000001,15,790,N/A
2011,8,1,5,30,19,0,19,0.153,0.8,92.03,16,790,N/A
2011,8,1,6,0,49,195,78,0.153,0.9,85.39,17,790,N/A
2011,8,1,6,30,95,126,127,0.153,1.1,75.33,19,790,N/A
2011,8,1,7,0,57,722,308,0.153,1.4000000000000001,59.81,21,790,N/A
2011,8,1,7,30,65,788,415,0.153,1.9000000000000001,56.26,22,790,N/A
2011,8,1,8,0,70,836,519,0.153,2.4000000000000004,46.67,24,790,N/A
2011,8,1,8,30,75,871,618,0.153,2.6,43.97,25,790,N/A
2011,8,1,9,0,79,898,710,0.153,2.9000000000000004,39.85,26,790,N/A
2011,8,1,9,30,83,918,791,0.153,3,39.84,26,790,N/A
2011,8,1,10,0,86,933,862,0.153,3.1,36.2,27,790,N/A
2011,8,1,10,30,88,944,919,0.153,3.2,36.19,28,790,N/A
2011,8,1,11,0,87,955,963,0.153,3.3000000000000003,33.29,29,790,N/A
2011,8,1,11,30,88,959,991,0.153,3.3000000000000003,33.28,29,790,N/A
2011,8,1,12,0,90,959,1003,0.153,3.4000000000000004,30.84,29,790,N/A
2011,8,1,12,30,90,958,1000,0.153,3.4000000000000004,30.830000000000002,29,790,N/A
2011,8,1,13,0,90,953,981,0.153,3.4000000000000004,30.27,30,790,N/A
2011,8,1,13,30,437,369,772,0.153,3.4000000000000004,30.26,30,790,N/A
2011,8,1,14,0,426,415,786,0.153,3.4000000000000004,29.63,30,790,N/A
2011,8,1,14,30,94,909,834,0.153,3.4000000000000004,29.62,29,790,N/A
2011,8,1,15,0,321,406,625,0.153,3.5,28.93,29,790,N/A
2011,8,1,15,30,256,500,594,0.153,3.5,30.650000000000002,28,790,N/A
2011,8,1,16,0,188,573,529,0.153,3.6,30.19,28,790,N/A
2011,8,1,16,30,140,595,441,0.153,3.5,32,27,790,N/A
2011,8,1,17,0,112,556,342,0.153,3.5,33.97,27,790,N/A
2011,8,1,17,30,105,376,223,0.153,3,36.04,25,790,N/A
2011,8,1,18,0,73,263,129,0.153,2.5,40.52,24,790,N/A
2011,8,1,18,30,38,168,57,0.153,2,45.72,22,790,N/A
2011,8,1,19,0,0,0,0,0.153,1.6,55.44,21,790,N/A
2011,8,1,19,30,0,0,0,0.153,1.5,59,20,790,N/A
2011,8,1,20,0,0,0,0,0.153,1.5,59.71,19,790,N/A
2011,8,1,20,30,0,0,0,0.153,1.5,63.57,18,790,N/A
2011,8,1,21,0,0,0,0,0.153,1.5,65.04,18,790,N/A
2011,8,1,21,30,0,0,0,0.153,1.4000000000000001,69.26,18,790,N/A
2011,8,1,22,0,0,0,0,0.153,1.4000000000000001,70.75,18,790,N/A
2011,8,1,22,30,0,0,0,0.153,1.3,70.74,17,790,N/A
2011,8,1,23,0,0,0,0,0.153,1.3,71.82000000000001,17,790,N/A
2011,8,1,23,30,0,0,0,0.153,1.2000000000000002,76.49,16,790,N/A
2011,8,2,0,0,0,0,0,0.153,1.2000000000000002,77.06,16,790,N/A
2011,8,2,0,30,0,0,0,0.153,1.2000000000000002,77.04,16,790,N/A
2011,8,2,1,0,0,0,0,0.153,1.3,77.3,16,790,N/A
2011,8,2,1,30,0,0,0,0.153,1.3,77.28,16,790,N/A
2011,8,2,2,0,0,0,0,0.153,1.4000000000000001,77.53,16,790,N/A
2011,8,2,2,30,0,0,0,0.153,1.3,82.64,15,790,N/A
2011,8,2,3,0,0,0,0,0.153,1.3,83.03,15,790,N/A
2011,8,2,3,30,0,0,0,0.153,1.2000000000000002,83.03,15,790,N/A
2011,8,2,4,0,0,0,0,0.153,1.2000000000000002,83.33,15,790,N/A
2011,8,2,4,30,0,0,0,0.153,1.4000000000000001,83.34,15,790,N/A
2011,8,2,5,0,0,0,0,0.153,1.6,84.2,16,790,N/A
2011,8,2,5,30,17,140,23,0.153,1.8,74.16,17,790,N/A
2011,8,2,6,0,41,398,98,0.153,2.1,65.35,19,790,N/A
2011,8,2,6,30,57,557,194,0.153,1.6,57.77,21,790,N/A
2011,8,2,7,0,68,665,298,0.153,1.1,48.89,23,790,N/A
2011,8,2,7,30,77,736,403,0.153,0.9,46.04,24,790,N/A
2011,8,2,8,0,84,791,507,0.153,0.8,42.46,26,790,N/A
2011,8,2,8,30,90,829,605,0.153,1.2000000000000002,40.02,26,790,N/A
2011,8,2,9,0,97,854,695,0.153,1.6,37.28,27,790,N/A
2011,8,2,9,30,101,877,776,0.153,1.8,37.27,27,790,N/A
2011,8,2,10,0,106,892,846,0.153,2,34.84,28,790,N/A
2011,8,2,10,30,108,904,903,0.153,2,34.84,28,790,N/A
2011,8,2,11,0,105,921,949,0.153,2.1,34.53,29,790,N/A
2011,8,2,11,30,107,926,977,0.153,2.1,34.51,29,790,N/A
2011,8,2,12,0,107,928,990,0.153,2.2,32.18,29,790,N/A
2011,8,2,12,30,107,927,987,0.153,2.2,32.17,29,790,N/A
2011,8,2,13,0,458,335,771,0.153,2.2,31.71,30,790,N/A
2011,8,2,13,30,436,347,751,0.153,2.2,31.71,30,790,N/A
2011,8,2,14,0,418,448,805,0.153,2.2,31.12,30,790,N/A
2011,8,2,14,30,366,414,702,0.153,2.2,31.11,29,780,N/A
2011,8,2,15,0,259,508,640,0.153,2.3000000000000003,30.52,29,780,N/A
2011,8,2,15,30,323,251,493,0.153,2.2,32.33,28,780,N/A
2011,8,2,16,0,207,500,503,0.153,2.2,32.09,28,780,N/A
2011,8,2,16,30,228,131,294,0.153,2.1,34.01,27,780,N/A
2011,8,2,17,0,140,433,317,0.153,2,35.59,27,780,N/A
2011,8,2,17,30,117,265,200,0.153,1.5,40.04,25,780,N/A
2011,8,2,18,0,75,225,123,0.153,1,54.69,24,780,N/A
2011,8,2,18,30,37,147,53,0.153,0.9,58.09,23,780,N/A
2011,8,2,19,0,0,0,0,0.153,0.8,63.28,22,780,N/A
2011,8,2,19,30,0,0,0,0.153,0.8,67.3,21,790,N/A
2011,8,2,20,0,0,0,0,0.153,0.9,67.88,21,790,N/A
2011,8,2,20,30,0,0,0,0.153,1,72.2,20,790,N/A
2011,8,2,21,0,0,0,0,0.153,1.2000000000000002,73.9,20,790,N/A
2011,8,2,21,30,0,0,0,0.153,1.2000000000000002,78.62,19,790,N/A
2011,8,2,22,0,0,0,0,0.153,1.3,77.41,19,790,N/A
2011,8,2,22,30,0,0,0,0.153,1.3,82.39,19,790,N/A
2011,8,2,23,0,0,0,0,0.153,1.3,81.35000000000001,19,790,N/A
2011,8,2,23,30,0,0,0,0.153,1.3,81.34,18,790,N/A
2011,8,3,0,0,0,0,0,0.153,1.3,81.2,18,790,N/A
2011,8,3,0,30,0,0,0,0.153,1.3,86.46000000000001,17,790,N/A
2011,8,3,1,0,0,0,0,0.153,1.3,87.3,17,790,N/A
2011,8,3,1,30,0,0,0,0.153,1.3,93,17,790,N/A
2011,8,3,2,0,0,0,0,0.153,1.4000000000000001,93.96000000000001,17,790,N/A
2011,8,3,2,30,0,0,0,0.153,1.4000000000000001,93.96000000000001,16,790,N/A
2011,8,3,3,0,0,0,0,0.153,1.5,94.3,16,790,N/A
2011,8,3,3,30,0,0,0,0.153,1.6,100,15,790,N/A
2011,8,3,4,0,0,0,0,0.153,1.7000000000000002,100,15,790,N/A
2011,8,3,4,30,0,0,0,0.153,1.9000000000000001,100,15,790,N/A
2011,8,3,5,0,0,0,0,0.153,2.1,100,16,790,N/A
2011,8,3,5,30,16,160,22,0.153,2.5,95.55,16,790,N/A
2011,8,3,6,0,38,419,98,0.153,2.9000000000000004,91.85000000000001,17,790,N/A
2011,8,3,6,30,54,578,194,0.153,2.9000000000000004,86.26,18,790,N/A
2011,8,3,7,0,65,681,299,0.153,3,77.53,19,790,N/A
2011,8,3,7,30,93,676,391,0.153,2.8000000000000003,72.87,20,790,N/A
2011,8,3,8,0,80,805,509,0.153,2.7,61.76,22,790,N/A
2011,8,3,8,30,220,506,533,0.153,2.5,58.1,23,790,N/A
2011,8,3,9,0,285,428,584,0.153,2.4000000000000004,47.980000000000004,24,790,N/A
2011,8,3,9,30,95,889,779,0.153,2.4000000000000004,45.19,25,790,N/A
2011,8,3,10,0,101,900,847,0.153,2.4000000000000004,40.85,26,790,N/A
2011,8,3,10,30,104,911,904,0.153,2.4000000000000004,40.83,27,790,N/A
2011,8,3,11,0,480,405,850,0.153,2.5,37.25,28,790,N/A
2011,8,3,11,30,89,950,981,0.153,2.5,37.230000000000004,28,790,N/A
2011,8,3,12,0,96,943,991,0.153,2.6,36.37,28,790,N/A
2011,8,3,12,30,95,943,988,0.153,2.6,36.36,28,790,N/A
2011,8,3,13,0,98,934,968,0.153,2.7,36.1,28,780,N/A
2011,8,3,13,30,97,927,935,0.153,2.7,36.09,27,780,N/A
2011,8,3,14,0,404,386,737,0.153,2.8000000000000003,36.4,27,780,N/A
2011,8,3,14,30,417,205,583,0.153,2.8000000000000003,38.61,26,780,N/A
2011,8,3,15,0,90,0,90,0.153,2.8000000000000003,39.11,26,780,N/A
2011,8,3,15,30,69,0,69,0.153,2.5,41.49,25,780,N/A
2011,8,3,16,0,13,0,13,0.153,2.4000000000000004,41.85,25,780,N/A
2011,8,3,16,30,149,6,153,0.153,2.1,44.43,24,780,N/A
2011,8,3,17,0,154,31,167,0.153,1.9000000000000001,48.18,23,790,N/A
2011,8,3,17,30,124,135,166,0.153,1.4000000000000001,51.19,22,790,N/A
2011,8,3,18,0,75,34,82,0.153,0.9,59.94,21,790,N/A
2011,8,3,18,30,34,3,35,0.153,0.8,63.75,20,790,N/A
2011,8,3,19,0,0,0,0,0.153,0.7000000000000001,70.59,20,790,N/A
2011,8,3,19,30,0,0,0,0.153,0.7000000000000001,70.61,19,790,N/A
2011,8,3,20,0,0,0,0,0.153,0.7000000000000001,69.43,19,790,N/A
2011,8,3,20,30,0,0,0,0.153,0.9,73.9,18,790,N/A
2011,8,3,21,0,0,0,0,0.153,1.1,72.60000000000001,18,790,N/A
2011,8,3,21,30,0,0,0,0.153,1.5,77.31,17,790,N/A
2011,8,3,22,0,0,0,0,0.153,1.9000000000000001,76.60000000000001,17,790,N/A
2011,8,3,22,30,0,0,0,0.153,2,81.61,16,790,N/A
2011,8,3,23,0,0,0,0,0.153,2.3000000000000003,82.5,16,790,N/A
2011,8,3,23,30,0,0,0,0.153,2.3000000000000003,87.92,16,790,N/A
2011,8,4,0,0,0,0,0,0.153,2.4000000000000004,88.88,16,790,N/A
2011,8,4,0,30,0,0,0,0.153,2.3000000000000003,88.86,15,790,N/A
2011,8,4,1,0,0,0,0,0.153,2.2,88.51,15,790,N/A
2011,8,4,1,30,0,0,0,0.153,1.9000000000000001,94.37,15,790,N/A
2011,8,4,2,0,0,0,0,0.153,1.6,93.14,15,790,N/A
2011,8,4,2,30,0,0,0,0.153,1.3,93.13,14,790,N/A
2011,8,4,3,0,0,0,0,0.153,1.1,91.75,14,790,N/A
2011,8,4,3,30,0,0,0,0.153,0.9,97.91,14,790,N/A
2011,8,4,4,0,0,0,0,0.153,0.8,96.72,14,790,N/A
2011,8,4,4,30,0,0,0,0.153,0.6000000000000001,96.73,14,790,N/A
2011,8,4,5,0,0,0,0,0.153,0.5,90.67,15,790,N/A
2011,8,4,5,30,15,166,21,0.153,0.6000000000000001,79.78,16,790,N/A
2011,8,4,6,0,37,423,96,0.153,0.7000000000000001,69.35000000000001,18,790,N/A
2011,8,4,6,30,53,582,193,0.153,1.3,61.25,20,790,N/A
2011,8,4,7,0,64,680,297,0.153,2,46.18,22,790,N/A
2011,8,4,7,30,73,751,403,0.153,2,43.47,23,790,N/A
2011,8,4,8,0,79,804,507,0.153,2,37.230000000000004,24,790,N/A
2011,8,4,8,30,85,842,605,0.153,1.8,37.22,24,790,N/A
2011,8,4,9,0,89,872,697,0.153,1.6,34.660000000000004,25,790,N/A
2011,8,4,9,30,93,893,778,0.153,1.7000000000000002,34.660000000000004,25,790,N/A
2011,8,4,10,0,97,908,848,0.153,1.8,32.95,26,790,N/A
2011,8,4,10,30,99,920,906,0.153,1.9000000000000001,32.95,26,790,N/A
2011,8,4,11,0,107,920,947,0.153,2.1,33.59,26,790,N/A
2011,8,4,11,30,108,926,975,0.153,2.1,33.59,26,790,N/A
2011,8,4,12,0,113,922,987,0.153,2.1,32.39,27,790,N/A
2011,8,4,12,30,112,922,984,0.153,2,32.38,27,790,N/A
2011,8,4,13,0,114,915,965,0.153,2,32.77,27,790,N/A
2011,8,4,13,30,112,908,931,0.153,1.9000000000000001,32.76,27,790,N/A
2011,8,4,14,0,95,922,888,0.153,1.8,32.9,28,780,N/A
2011,8,4,14,30,92,908,826,0.153,1.7000000000000002,32.89,27,780,N/A
2011,8,4,15,0,89,890,752,0.153,1.7000000000000002,32.86,27,780,N/A
2011,8,4,15,30,85,867,667,0.153,1.6,34.85,27,780,N/A
2011,8,4,16,0,80,836,573,0.153,1.5,34.88,27,780,N/A
2011,8,4,16,30,74,796,472,0.153,1.4000000000000001,37,26,780,N/A
2011,8,4,17,0,67,740,367,0.149,1.4000000000000001,36.96,26,780,N/A
2011,8,4,17,30,58,662,261,0.149,1,39.24,24,780,N/A
2011,8,4,18,0,60,0,60,0.149,0.7000000000000001,49.800000000000004,23,780,N/A
2011,8,4,18,30,25,0,25,0.149,0.7000000000000001,56.24,22,780,N/A
2011,8,4,19,0,0,0,0,0.149,0.8,58.96,21,790,N/A
2011,8,4,19,30,0,0,0,0.149,0.8,58.980000000000004,20,790,N/A
2011,8,4,20,0,0,0,0,0.149,0.8,57.78,20,790,N/A
2011,8,4,20,30,0,0,0,0.149,0.7000000000000001,61.480000000000004,19,790,N/A
2011,8,4,21,0,0,0,0,0.149,0.7000000000000001,60.83,19,790,N/A
2011,8,4,21,30,0,0,0,0.149,0.6000000000000001,60.83,19,790,N/A
2011,8,4,22,0,0,0,0,0.149,0.6000000000000001,60.24,19,790,N/A
2011,8,4,22,30,0,0,0,0.149,0.5,64.11,19,790,N/A
2011,8,4,23,0,0,0,0,0.149,0.5,64.33,19,790,N/A
2011,8,4,23,30,0,0,0,0.149,0.30000000000000004,64.33,18,790,N/A
2011,8,5,0,0,0,0,0,0.149,0.2,64.2,18,790,N/A
2011,8,5,0,30,0,0,0,0.149,0.1,64.19,18,790,N/A
2011,8,5,1,0,0,0,0,0.149,0.1,65.49,18,790,N/A
2011,8,5,1,30,0,0,0,0.149,0.2,69.74,17,790,N/A
2011,8,5,2,0,0,0,0,0.149,0.30000000000000004,69.59,17,790,N/A
2011,8,5,2,30,0,0,0,0.149,0.30000000000000004,69.59,17,790,N/A
2011,8,5,3,0,0,0,0,0.149,0.4,69.54,17,790,N/A
2011,8,5,3,30,0,0,0,0.149,0.4,74.09,17,790,N/A
2011,8,5,4,0,0,0,0,0.149,0.4,73.74,17,790,N/A
2011,8,5,4,30,0,0,0,0.149,0.4,73.74,17,790,N/A
2011,8,5,5,0,0,0,0,0.149,0.5,75.02,17,790,N/A
2011,8,5,5,30,20,0,20,0.149,0.5,70.43,18,790,N/A
2011,8,5,6,0,36,429,95,0.149,0.6000000000000001,61.57,19,790,N/A
2011,8,5,6,30,50,591,192,0.149,0.4,54.43,21,790,N/A
2011,8,5,7,0,60,700,297,0.149,0.2,44.1,23,790,N/A
2011,8,5,7,30,102,635,380,0.149,0.30000000000000004,41.52,24,790,N/A
2011,8,5,8,0,207,407,423,0.149,0.4,34.5,26,790,N/A
2011,8,5,8,30,287,93,345,0.149,0.30000000000000004,34.5,27,790,N/A
2011,8,5,9,0,83,887,700,0.149,0.30000000000000004,31.68,28,790,N/A
2011,8,5,9,30,275,603,737,0.149,0.2,29.88,28,790,N/A
2011,8,5,10,0,376,404,710,0.149,0.2,27.87,29,790,N/A
2011,8,5,10,30,93,933,909,0.149,0.5,27.86,29,790,N/A
2011,8,5,11,0,92,944,953,0.149,0.8,27.5,30,790,N/A
2011,8,5,11,30,94,948,980,0.149,1.2000000000000002,27.490000000000002,30,790,N/A
2011,8,5,12,0,96,946,992,0.149,1.7000000000000002,25.900000000000002,30,790,N/A
2011,8,5,12,30,96,945,988,0.149,2.1,27.42,30,790,N/A
2011,8,5,13,0,495,404,871,0.149,2.5,27.7,30,780,N/A
2011,8,5,13,30,97,930,934,0.149,2.8000000000000003,29.35,29,780,N/A
2011,8,5,14,0,421,419,781,0.149,3.1,29.990000000000002,28,780,N/A
2011,8,5,14,30,366,432,714,0.149,3.2,31.78,27,780,N/A
2011,8,5,15,0,93,879,746,0.149,3.4000000000000004,32.59,27,780,N/A
2011,8,5,15,30,326,194,456,0.149,3.5,34.56,26,780,N/A
2011,8,5,16,0,197,523,504,0.149,3.6,35.75,26,780,N/A
2011,8,5,16,30,78,780,465,0.149,3.4000000000000004,37.93,25,780,N/A
2011,8,5,17,0,70,725,361,0.149,3.2,42.25,25,790,N/A
2011,8,5,17,30,120,191,177,0.149,2.7,44.87,24,790,N/A
2011,8,5,18,0,43,0,43,0.149,2.3000000000000003,51.370000000000005,23,790,N/A
2011,8,5,18,30,17,0,17,0.149,1.8,54.61,22,790,N/A
2011,8,5,19,0,0,0,0,0.149,1.3,57.02,21,790,N/A
2011,8,5,19,30,0,0,0,0.149,1,60.65,20,790,N/A
2011,8,5,20,0,0,0,0,0.149,0.8,62.42,20,790,N/A
2011,8,5,20,30,0,0,0,0.149,0.7000000000000001,66.4,19,790,N/A
2011,8,5,21,0,0,0,0,0.149,0.7000000000000001,71.16,19,790,N/A
2011,8,5,21,30,0,0,0,0.149,0.7000000000000001,75.78,18,790,N/A
2011,8,5,22,0,0,0,0,0.149,0.7000000000000001,75.39,18,790,N/A
2011,8,5,22,30,0,0,0,0.149,0.6000000000000001,75.39,17,790,N/A
2011,8,5,23,0,0,0,0,0.149,0.5,74.88,17,790,N/A
2011,8,5,23,30,0,0,0,0.149,0.30000000000000004,79.78,17,790,N/A
2011,8,6,0,0,0,0,0,0.149,0.2,79,17,790,N/A
2011,8,6,0,30,0,0,0,0.149,0.1,78.99,17,790,N/A
2011,8,6,1,0,0,0,0,0.149,0.1,78.22,17,790,N/A
2011,8,6,1,30,0,0,0,0.149,0.1,78.21000000000001,16,790,N/A
2011,8,6,2,0,0,0,0,0.149,0.2,77.55,16,790,N/A
2011,8,6,2,30,0,0,0,0.149,0.2,77.54,16,790,N/A
2011,8,6,3,0,0,0,0,0.149,0.2,76.76,16,790,N/A
2011,8,6,3,30,0,0,0,0.149,0.30000000000000004,81.83,15,790,N/A
2011,8,6,4,0,0,0,0,0.149,0.4,81.14,15,790,N/A
2011,8,6,4,30,0,0,0,0.149,0.5,81.14,15,790,N/A
2011,8,6,5,0,0,0,0,0.149,0.6000000000000001,81.93,15,790,N/A
2011,8,6,5,30,14,172,19,0.149,0.9,76.87,16,790,N/A
2011,8,6,6,0,34,452,96,0.149,1.2000000000000002,67.77,18,790,N/A
2011,8,6,6,30,48,615,194,0.149,1.2000000000000002,63.68,20,790,N/A
2011,8,6,7,0,58,718,300,0.149,1.3,51.050000000000004,22,790,N/A
2011,8,6,7,30,66,787,408,0.149,1.3,45.21,23,790,N/A
2011,8,6,8,0,72,838,514,0.149,1.4000000000000001,35.82,25,790,N/A
2011,8,6,8,30,77,875,615,0.149,1.3,33.76,26,790,N/A
2011,8,6,9,0,81,903,708,0.149,1.3,29.55,28,790,N/A
2011,8,6,9,30,85,924,791,0.149,1.2000000000000002,27.87,29,790,N/A
2011,8,6,10,0,377,469,764,0.149,1.2000000000000002,25.04,30,790,N/A
2011,8,6,10,30,90,952,921,0.149,1.2000000000000002,23.63,30,790,N/A
2011,8,6,11,0,95,955,964,0.149,1.4000000000000001,21.6,31,790,N/A
2011,8,6,11,30,96,960,993,0.149,1.6,21.59,31,790,N/A
2011,8,6,12,0,99,959,1006,0.149,1.9000000000000001,21,32,790,N/A
2011,8,6,12,30,99,959,1003,0.149,2,21,32,780,N/A
2011,8,6,13,0,496,375,844,0.149,2.3000000000000003,19.25,32,780,N/A
2011,8,6,13,30,99,946,949,0.149,2.4000000000000004,19.240000000000002,32,780,N/A
2011,8,6,14,0,97,936,899,0.149,2.5,18.54,32,780,N/A
2011,8,6,14,30,95,922,836,0.149,2.5,19.61,32,780,N/A
2011,8,6,15,0,93,902,760,0.149,2.6,18.95,32,780,N/A
2011,8,6,15,30,88,878,673,0.149,2.6,18.95,31,780,N/A
2011,8,6,16,0,83,847,578,0.149,2.6,18.46,31,780,N/A
2011,8,6,16,30,77,805,475,0.149,2.5,19.54,30,780,N/A
2011,8,6,17,0,69,750,368,0.149,2.4000000000000004,20.76,29,780,N/A
2011,8,6,17,30,59,669,260,0.149,1.7000000000000002,23.32,27,780,N/A
2011,8,6,18,0,39,586,156,0.149,1.1,36.61,25,780,N/A
2011,8,6,18,30,29,349,63,0.149,1.1,41.28,23,780,N/A
2011,8,6,19,0,0,0,0,0.149,1.1,43.26,22,780,N/A
2011,8,6,19,30,0,0,0,0.149,1.1,45.99,21,780,N/A
2011,8,6,20,0,0,0,0,0.149,1.1,45.17,21,780,N/A
2011,8,6,20,30,0,0,0,0.149,1.1,48.04,20,780,N/A
2011,8,6,21,0,0,0,0,0.149,1.1,49.71,20,790,N/A
2011,8,6,21,30,0,0,0,0.149,1.1,52.92,19,790,N/A
2011,8,6,22,0,0,0,0,0.149,1.1,51.29,19,790,N/A
2011,8,6,22,30,0,0,0,0.149,1.1,51.29,18,790,N/A
2011,8,6,23,0,0,0,0,0.149,1.1,49.67,18,790,N/A
2011,8,6,23,30,0,0,0,0.149,1.1,52.89,17,790,N/A
2011,8,7,0,0,0,0,0,0.149,1.1,50.88,17,790,N/A
2011,8,7,0,30,0,0,0,0.149,1.2000000000000002,54.2,16,790,N/A
2011,8,7,1,0,0,0,0,0.149,1.3,52.65,16,780,N/A
2011,8,7,1,30,0,0,0,0.149,1.3,56.120000000000005,15,780,N/A
2011,8,7,2,0,0,0,0,0.149,1.3,55.19,15,780,N/A
2011,8,7,2,30,0,0,0,0.149,1.3,58.86,14,780,N/A
2011,8,7,3,0,0,0,0,0.149,1.4000000000000001,57.620000000000005,14,780,N/A
2011,8,7,3,30,0,0,0,0.149,1.4000000000000001,61.49,14,780,N/A
2011,8,7,4,0,0,0,0,0.149,1.4000000000000001,59.88,14,780,N/A
2011,8,7,4,30,0,0,0,0.149,1.3,59.89,14,780,N/A
2011,8,7,5,0,0,0,0,0.149,1.3,56.410000000000004,14,790,N/A
2011,8,7,5,30,13,193,19,0.149,1.7000000000000002,49.63,16,790,N/A
2011,8,7,6,0,33,487,98,0.149,2.2,44.37,18,790,N/A
2011,8,7,6,30,46,650,199,0.149,2.2,39.19,20,790,N/A
2011,8,7,7,0,56,750,308,0.149,2.3000000000000003,29.37,23,790,N/A
2011,8,7,7,30,64,818,418,0.149,2.4000000000000004,26.03,25,790,N/A
2011,8,7,8,0,69,865,525,0.149,2.5,17.44,27,790,N/A
2011,8,7,8,30,74,900,626,0.149,2.3000000000000003,16.45,28,790,N/A
2011,8,7,9,0,79,925,720,0.149,2.1,15.09,29,790,N/A
2011,8,7,9,30,82,944,803,0.149,2,14.24,30,790,N/A
2011,8,7,10,0,86,958,874,0.149,1.9000000000000001,13.93,31,790,N/A
2011,8,7,10,30,88,969,932,0.149,2,13.93,31,790,N/A
2011,8,7,11,0,89,977,976,0.149,2.2,13.790000000000001,32,780,N/A
2011,8,7,11,30,90,981,1005,0.149,2.5,13.780000000000001,32,780,N/A
2011,8,7,12,0,93,979,1016,0.149,2.8000000000000003,13.57,33,780,N/A
2011,8,7,12,30,93,978,1013,0.149,3,13.56,33,780,N/A
2011,8,7,13,0,94,971,993,0.149,3.2,13.950000000000001,33,780,N/A
2011,8,7,13,30,93,965,958,0.149,3.3000000000000003,14.75,33,780,N/A
2011,8,7,14,0,92,955,908,0.149,3.5,14.870000000000001,33,780,N/A
2011,8,7,14,30,89,942,844,0.149,3.5,14.870000000000001,32,780,N/A
2011,8,7,15,0,86,925,768,0.149,3.5,14.700000000000001,32,780,N/A
2011,8,7,15,30,111,0,112,0.149,3.5,15.55,31,780,N/A
2011,8,7,16,0,96,0,96,0.149,3.5,15.1,31,780,N/A
2011,8,7,16,30,71,835,482,0.149,3.3000000000000003,15.99,30,780,N/A
2011,8,7,17,0,63,785,375,0.149,3.1,16.53,29,780,N/A
2011,8,7,17,30,115,220,181,0.149,2.2,18.57,27,780,N/A
2011,8,7,18,0,73,118,96,0.149,1.4000000000000001,26,25,780,N/A
2011,8,7,18,30,26,397,64,0.149,1.4000000000000001,29.32,23,780,N/A
2011,8,7,19,0,0,0,0,0.149,1.4000000000000001,33.82,21,780,N/A
2011,8,7,19,30,0,0,0,0.149,1.5,35.97,20,780,N/A
2011,8,7,20,0,0,0,0,0.149,1.6,35.59,20,780,N/A
2011,8,7,20,30,0,0,0,0.149,1.7000000000000002,37.89,19,780,N/A
2011,8,7,21,0,0,0,0,0.149,1.8,35.35,18,780,N/A
2011,8,7,21,30,0,0,0,0.149,1.9000000000000001,37.64,18,780,N/A
2011,8,7,22,0,0,0,0,0.149,2,35.51,18,780,N/A
2011,8,7,22,30,0,0,0,0.149,2.1,35.51,17,780,N/A
2011,8,7,23,0,0,0,0,0.149,2.2,33.63,17,780,N/A
2011,8,7,23,30,0,0,0,0.149,2.2,35.83,16,780,N/A
2011,8,8,0,0,0,0,0,0.149,2.3000000000000003,33.92,16,780,N/A
2011,8,8,0,30,0,0,0,0.149,2.4000000000000004,36.15,15,780,N/A
2011,8,8,1,0,0,0,0,0.149,2.5,34.08,15,780,N/A
2011,8,8,1,30,0,0,0,0.149,2.5,36.34,15,780,N/A
2011,8,8,2,0,0,0,0,0.149,2.5,34.59,15,780,N/A
2011,8,8,2,30,0,0,0,0.149,2.4000000000000004,36.910000000000004,14,780,N/A
2011,8,8,3,0,0,0,0,0.149,2.4000000000000004,35.68,14,780,N/A
2011,8,8,3,30,0,0,0,0.149,2.3000000000000003,35.68,13,780,N/A
2011,8,8,4,0,0,0,0,0.149,2.2,34.57,13,780,N/A
2011,8,8,4,30,0,0,0,0.149,2.2,34.58,13,780,N/A
2011,8,8,5,0,0,0,0,0.149,2.2,34.160000000000004,13,780,N/A
2011,8,8,5,30,17,0,17,0.149,2.7,30.02,15,780,N/A
2011,8,8,6,0,37,417,91,0.149,3.2,24.57,17,780,N/A
2011,8,8,6,30,47,599,186,0.149,3.1,21.68,19,780,N/A
2011,8,8,7,0,51,818,324,0.149,3,15.89,22,780,N/A
2011,8,8,7,30,146,459,344,0.149,3.1,14.09,24,780,N/A
2011,8,8,8,0,63,927,549,0.149,3.3000000000000003,10.76,26,780,N/A
2011,8,8,8,30,67,959,654,0.149,3,10.14,27,780,N/A
2011,8,8,9,0,71,983,750,0.149,2.9000000000000004,9.18,28,780,N/A
2011,8,8,9,30,74,1001,836,0.149,2.7,8.66,29,780,N/A
2011,8,8,10,0,77,1014,910,0.149,2.6,7.86,30,780,N/A
2011,8,8,10,30,78,1025,970,0.149,2.6,7.86,30,780,N/A
2011,8,8,11,0,82,1029,1015,0.149,2.6,7.3500000000000005,31,780,N/A
2011,8,8,11,30,82,1033,1045,0.149,2.7,7.3500000000000005,31,780,N/A
2011,8,8,12,0,83,1035,1058,0.149,2.8000000000000003,6.98,32,780,N/A
2011,8,8,12,30,83,1035,1054,0.149,2.9000000000000004,6.97,32,780,N/A
2011,8,8,13,0,83,1030,1034,0.149,3.1,6.94,33,780,N/A
2011,8,8,13,30,82,1024,998,0.149,3.2,6.94,32,780,N/A
2011,8,8,14,0,82,1013,946,0.149,3.4000000000000004,6.82,32,780,N/A
2011,8,8,14,30,80,1002,881,0.149,3.5,6.82,32,780,N/A
2011,8,8,15,0,78,984,802,0.149,3.6,6.63,32,780,N/A
2011,8,8,15,30,74,963,711,0.149,3.6,7.0200000000000005,31,780,N/A
2011,8,8,16,0,70,934,611,0.149,3.6,7.28,31,780,N/A
2011,8,8,16,30,65,896,504,0.149,3.3000000000000003,7.71,30,780,N/A
2011,8,8,17,0,59,845,391,0.149,3,8.44,29,780,N/A
2011,8,8,17,30,51,768,277,0.149,2.2,10.05,26,780,N/A
2011,8,8,18,0,41,650,166,0.149,1.4000000000000001,21.2,23,780,N/A
2011,8,8,18,30,26,439,66,0.149,1.4000000000000001,23.94,21,780,N/A
2011,8,8,19,0,0,0,0,0.149,1.4000000000000001,27.240000000000002,19,780,N/A
2011,8,8,19,30,0,0,0,0.149,1.4000000000000001,29,18,780,N/A
2011,8,8,20,0,0,0,0,0.149,1.4000000000000001,30,17,780,N/A
2011,8,8,20,30,0,0,0,0.149,1.4000000000000001,31.96,16,780,N/A
2011,8,8,21,0,0,0,0,0.149,1.4000000000000001,31.490000000000002,16,780,N/A
2011,8,8,21,30,0,0,0,0.149,1.4000000000000001,33.57,16,780,N/A
2011,8,8,22,0,0,0,0,0.149,1.4000000000000001,32.730000000000004,16,780,N/A
2011,8,8,22,30,0,0,0,0.149,1.4000000000000001,32.730000000000004,15,780,N/A
2011,8,8,23,0,0,0,0,0.149,1.5,31.77,15,780,N/A
2011,8,8,23,30,0,0,0,0.149,1.5,33.88,15,780,N/A
2011,8,9,0,0,0,0,0,0.149,1.5,33.43,15,780,N/A
2011,8,9,0,30,0,0,0,0.149,1.5,35.660000000000004,14,780,N/A
2011,8,9,1,0,0,0,0,0.149,1.6,36.64,14,780,N/A
2011,8,9,1,30,0,0,0,0.149,1.6,36.64,13,780,N/A
2011,8,9,2,0,0,0,0,0.149,1.7000000000000002,39.33,13,780,N/A
2011,8,9,2,30,0,0,0,0.149,1.8,41.99,12,780,N/A
2011,8,9,3,0,0,0,0,0.149,1.9000000000000001,47.550000000000004,12,780,N/A
2011,8,9,3,30,0,0,0,0.149,1.9000000000000001,47.550000000000004,12,780,N/A
2011,8,9,4,0,0,0,0,0.149,1.9000000000000001,56.74,12,780,N/A
2011,8,9,4,30,0,0,0,0.149,1.9000000000000001,56.75,12,780,N/A
2011,8,9,5,0,0,0,0,0.149,2,67.09,12,780,N/A
2011,8,9,5,30,12,154,16,0.149,2.5,58.910000000000004,14,780,N/A
2011,8,9,6,0,34,472,95,0.149,3,55.02,17,780,N/A
2011,8,9,6,30,49,646,198,0.149,2.8000000000000003,48.550000000000004,19,780,N/A
2011,8,9,7,0,57,702,289,0.149,2.6,41.71,21,780,N/A
2011,8,9,7,30,74,744,394,0.149,1.8,36.94,23,780,N/A
2011,8,9,8,0,120,690,481,0.149,1,21.34,26,780,N/A
2011,8,9,8,30,139,736,587,0.149,0.8,20.12,27,780,N/A
2011,8,9,9,0,181,716,675,0.149,0.6000000000000001,13.76,29,780,N/A
2011,8,9,9,30,84,964,817,0.149,1.1,12.98,29,780,N/A
2011,8,9,10,0,88,978,889,0.149,1.6,10.870000000000001,30,780,N/A
2011,8,9,10,30,90,988,948,0.149,2.1,10.86,30,780,N/A
2011,8,9,11,0,94,992,992,0.149,2.7,9.790000000000001,31,780,N/A
2011,8,9,11,30,95,996,1020,0.149,3,9.790000000000001,31,780,N/A
2011,8,9,12,0,97,995,1032,0.149,3.4000000000000004,9.02,32,780,N/A
2011,8,9,12,30,97,993,1028,0.149,3.5,9.02,32,780,N/A
2011,8,9,13,0,98,987,1008,0.149,3.6,8.91,32,780,N/A
2011,8,9,13,30,97,980,972,0.149,3.6,8.91,32,780,N/A
2011,8,9,14,0,91,976,922,0.149,3.6,8.77,32,780,N/A
2011,8,9,14,30,89,963,857,0.149,3.6,9.28,31,780,N/A
2011,8,9,15,0,86,944,779,0.149,3.6,9.03,31,780,N/A
2011,8,9,15,30,82,920,689,0.149,3.4000000000000004,9.56,30,780,N/A
2011,8,9,16,0,78,888,590,0.149,3.3000000000000003,9.55,30,780,N/A
2011,8,9,16,30,72,845,483,0.149,2.7,10.11,29,780,N/A
2011,8,9,17,0,65,788,373,0.149,2.1,13.59,28,780,N/A
2011,8,9,17,30,56,704,261,0.149,1.6,15.27,26,780,N/A
2011,8,9,18,0,43,578,153,0.149,1.1,26.18,24,780,N/A
2011,8,9,18,30,26,360,58,0.149,1.1,29.54,22,780,N/A
2011,8,9,19,0,0,0,0,0.149,1.2000000000000002,32.9,21,780,N/A
2011,8,9,19,30,0,0,0,0.149,1.1,35,20,780,N/A
2011,8,9,20,0,0,0,0,0.149,1.1,37.89,20,780,N/A
2011,8,9,20,30,0,0,0,0.149,1,40.32,19,780,N/A
2011,8,9,21,0,0,0,0,0.149,0.9,45.480000000000004,19,780,N/A
2011,8,9,21,30,0,0,0,0.149,0.8,48.410000000000004,18,780,N/A
2011,8,9,22,0,0,0,0,0.149,0.8,50.53,18,780,N/A
2011,8,9,22,30,0,0,0,0.149,0.8,53.81,17,780,N/A
2011,8,9,23,0,0,0,0,0.149,0.9,53.9,17,780,N/A
2011,8,9,23,30,0,0,0,0.149,0.9,57.42,17,780,N/A
2011,8,10,0,0,0,0,0,0.149,1,56.89,17,780,N/A
2011,8,10,0,30,0,0,0,0.149,1,56.88,16,780,N/A
2011,8,10,1,0,0,0,0,0.149,1,57.89,16,780,N/A
2011,8,10,1,30,0,0,0,0.149,0.9,61.7,16,780,N/A
2011,8,10,2,0,0,0,0,0.149,0.9,65.02,16,780,N/A
2011,8,10,2,30,0,0,0,0.149,0.9,65.01,15,780,N/A
2011,8,10,3,0,0,0,0,0.149,1,66.63,15,780,N/A
2011,8,10,3,30,0,0,0,0.149,1,71.05,15,780,N/A
2011,8,10,4,0,0,0,0,0.149,1.1,70.73,15,780,N/A
2011,8,10,4,30,0,0,0,0.149,1.1,70.73,15,780,N/A
2011,8,10,5,0,0,0,0,0.149,1.2000000000000002,69.55,15,780,N/A
2011,8,10,5,30,12,0,12,0.149,1.7000000000000002,65.22,16,780,N/A
2011,8,10,6,0,42,247,73,0.149,2.3000000000000003,57.45,18,780,N/A
2011,8,10,6,30,70,372,155,0.149,2.5,50.68,20,780,N/A
2011,8,10,7,0,118,335,228,0.149,2.7,39.980000000000004,22,780,N/A
2011,8,10,7,30,128,522,351,0.149,2.7,35.410000000000004,24,780,N/A
2011,8,10,8,0,212,360,399,0.149,2.7,23.85,26,780,N/A
2011,8,10,8,30,80,871,609,0.149,2.5,22.490000000000002,27,780,N/A
2011,8,10,9,0,83,902,702,0.149,2.3000000000000003,20.02,29,780,N/A
2011,8,10,9,30,86,922,785,0.149,2.2,18.89,29,780,N/A
2011,8,10,10,0,88,938,856,0.149,2.1,18.38,30,780,N/A
2011,8,10,10,30,91,949,913,0.149,2.1,18.38,30,780,N/A
2011,8,10,11,0,441,372,778,0.149,2.2,18.05,31,780,N/A
2011,8,10,11,30,499,157,645,0.149,2.3000000000000003,18.04,31,780,N/A
2011,8,10,12,0,494,266,744,0.149,2.4000000000000004,18.71,32,780,N/A
2011,8,10,12,30,461,354,793,0.149,2.5,18.71,32,780,N/A
2011,8,10,13,0,362,450,775,0.149,2.6,18.32,32,780,N/A
2011,8,10,13,30,446,383,788,0.149,2.7,19.38,32,780,N/A
2011,8,10,14,0,413,424,773,0.149,2.9000000000000004,19.87,32,780,N/A
2011,8,10,14,30,324,31,349,0.149,3,21.03,31,780,N/A
2011,8,10,15,0,123,4,126,0.149,3.3000000000000003,21.48,31,780,N/A
2011,8,10,15,30,87,0,87,0.149,3.4000000000000004,22.75,30,780,N/A
2011,8,10,16,0,11,0,11,0.149,3.5,23.18,29,780,N/A
2011,8,10,16,30,61,0,61,0.149,3.3000000000000003,24.57,28,780,N/A
2011,8,10,17,0,161,224,248,0.149,3.2,27.32,28,780,N/A
2011,8,10,17,30,107,266,183,0.149,2.3000000000000003,30.75,26,780,N/A
2011,8,10,18,0,62,259,111,0.149,1.4000000000000001,41.85,24,780,N/A
2011,8,10,18,30,29,138,40,0.149,1.1,44.45,23,780,N/A
2011,8,10,19,0,0,0,0,0.149,0.8,51.22,22,780,N/A
2011,8,10,19,30,0,0,0,0.149,0.6000000000000001,54.46,21,780,N/A
2011,8,10,20,0,0,0,0,0.149,0.5,54.47,21,780,N/A
2011,8,10,20,30,0,0,0,0.149,0.4,57.93,20,780,N/A
2011,8,10,21,0,0,0,0,0.149,0.4,56.22,20,780,N/A
2011,8,10,21,30,0,0,0,0.149,0.4,59.82,19,780,N/A
2011,8,10,22,0,0,0,0,0.149,0.5,57.94,19,780,N/A
2011,8,10,22,30,0,0,0,0.149,0.4,61.68,18,780,N/A
2011,8,10,23,0,0,0,0,0.149,0.4,59.120000000000005,18,780,N/A
2011,8,10,23,30,0,0,0,0.149,0.2,62.95,18,780,N/A
2011,8,11,0,0,0,0,0,0.149,0.1,60.75,18,780,N/A
2011,8,11,0,30,0,0,0,0.149,0.2,60.74,17,780,N/A
2011,8,11,1,0,0,0,0,0.149,0.30000000000000004,59.82,17,780,N/A
2011,8,11,1,30,0,0,0,0.149,0.4,63.72,16,780,N/A
2011,8,11,2,0,0,0,0,0.149,0.6000000000000001,63.53,16,780,N/A
2011,8,11,2,30,0,0,0,0.149,0.6000000000000001,67.72,16,780,N/A
2011,8,11,3,0,0,0,0,0.149,0.7000000000000001,67.39,16,780,N/A
2011,8,11,3,30,0,0,0,0.149,0.7000000000000001,67.4,15,780,N/A
2011,8,11,4,0,0,0,0,0.149,0.7000000000000001,67.25,15,780,N/A
2011,8,11,4,30,0,0,0,0.149,0.6000000000000001,67.27,15,780,N/A
2011,8,11,5,0,0,0,0,0.149,0.6000000000000001,70.36,16,780,N/A
2011,8,11,5,30,0,0,0,0.149,0.6000000000000001,66.02,17,780,N/A
2011,8,11,6,0,6,0,6,0.149,0.7000000000000001,58.36,18,780,N/A
2011,8,11,6,30,13,0,13,0.149,0.8,54.83,20,780,N/A
2011,8,11,7,0,10,0,10,0.149,0.9,44.32,22,780,N/A
2011,8,11,7,30,185,137,243,0.149,1.3,39.24,23,780,N/A
2011,8,11,8,0,224,66,258,0.149,1.8,32.83,25,780,N/A
2011,8,11,8,30,200,15,210,0.149,1.6,30.94,26,780,N/A
2011,8,11,9,0,337,201,475,0.149,1.4000000000000001,28.7,27,780,N/A
2011,8,11,9,30,381,217,545,0.149,1.4000000000000001,27.07,28,780,N/A
2011,8,11,10,0,106,896,837,0.149,1.4000000000000001,25.44,29,780,N/A
2011,8,11,10,30,108,909,895,0.149,1.7000000000000002,25.43,29,780,N/A
2011,8,11,11,0,102,930,941,0.149,2.1,24.05,30,780,N/A
2011,8,11,11,30,489,252,723,0.149,2.3000000000000003,24.04,30,780,N/A
2011,8,11,12,0,109,930,980,0.149,2.6,24.16,31,780,N/A
2011,8,11,12,30,109,929,977,0.149,2.8000000000000003,24.16,30,780,N/A
2011,8,11,13,0,112,919,956,0.149,3.1,24.67,30,780,N/A
2011,8,11,13,30,111,911,920,0.149,3.2,26.12,30,780,N/A
2011,8,11,14,0,100,913,873,0.149,3.3000000000000003,26.88,30,780,N/A
2011,8,11,14,30,97,898,810,0.149,3.3000000000000003,26.88,29,780,N/A
2011,8,11,15,0,97,873,733,0.149,3.3000000000000003,27.46,29,780,N/A
2011,8,11,15,30,318,145,413,0.149,3.1,29.1,28,780,N/A
2011,8,11,16,0,87,813,551,0.149,3,29.5,28,780,N/A
2011,8,11,16,30,80,768,449,0.149,2.7,31.27,27,780,N/A
2011,8,11,17,0,162,181,232,0.149,2.5,34.09,27,780,N/A
2011,8,11,17,30,4,0,4,0.149,1.7000000000000002,36.17,25,780,N/A
2011,8,11,18,0,2,0,2,0.149,1,46.25,24,780,N/A
2011,8,11,18,30,1,0,1,0.149,0.9,52.19,22,780,N/A
2011,8,11,19,0,0,0,0,0.149,0.9,57.35,21,780,N/A
2011,8,11,19,30,0,0,0,0.149,0.9,61,21,780,N/A
2011,8,11,20,0,0,0,0,0.149,0.9,60.25,21,780,N/A
2011,8,11,20,30,0,0,0,0.149,0.8,60.26,20,780,N/A
2011,8,11,21,0,0,0,0,0.149,0.8,59.300000000000004,20,780,N/A
2011,8,11,21,30,0,0,0,0.149,0.6000000000000001,63.09,19,780,N/A
2011,8,11,22,0,0,0,0,0.149,0.5,61.84,19,780,N/A
2011,8,11,22,30,0,0,0,0.149,0.30000000000000004,61.85,19,780,N/A
2011,8,11,23,0,0,0,0,0.149,0.2,61.76,19,780,N/A
2011,8,11,23,30,0,0,0,0.149,0.4,65.73,18,780,N/A
2011,8,12,0,0,0,0,0,0.149,0.7000000000000001,66.87,18,780,N/A
2011,8,12,0,30,0,0,0,0.149,0.7000000000000001,71.22,17,780,N/A
2011,8,12,1,0,0,0,0,0.149,0.8,72.69,17,780,N/A
2011,8,12,1,30,0,0,0,0.149,0.8,77.45,16,780,N/A
2011,8,12,2,0,0,0,0,0.149,0.8,78.77,16,780,N/A
2011,8,12,2,30,0,0,0,0.149,0.7000000000000001,83.97,16,780,N/A
2011,8,12,3,0,0,0,0,0.149,0.7000000000000001,84.83,16,780,N/A
2011,8,12,3,30,0,0,0,0.149,0.6000000000000001,84.83,15,780,N/A
2011,8,12,4,0,0,0,0,0.149,0.6000000000000001,84.73,15,780,N/A
2011,8,12,4,30,0,0,0,0.149,0.4,84.73,15,780,N/A
2011,8,12,5,0,0,0,0,0.149,0.30000000000000004,84.78,15,780,N/A
2011,8,12,5,30,12,0,12,0.149,0.4,79.54,16,780,N/A
2011,8,12,6,0,34,399,82,0.149,0.6000000000000001,75.4,17,780,N/A
2011,8,12,6,30,50,580,179,0.149,0.9,66.52,19,780,N/A
2011,8,12,7,0,60,697,286,0.149,1.3,51.980000000000004,21,780,N/A
2011,8,12,7,30,68,772,395,0.149,1.5,46.04,23,780,N/A
2011,8,12,8,0,75,828,502,0.149,1.7000000000000002,34.76,25,780,N/A
2011,8,12,8,30,80,867,604,0.149,1.6,32.76,26,780,N/A
2011,8,12,9,0,320,300,526,0.149,1.5,25.82,28,780,N/A
2011,8,12,9,30,89,919,782,0.149,1.3,24.37,29,780,N/A
2011,8,12,10,0,92,935,854,0.149,1.1,21.05,30,780,N/A
2011,8,12,10,30,95,948,913,0.149,0.9,19.88,31,780,N/A
2011,8,12,11,0,95,959,958,0.149,0.7000000000000001,17.53,32,780,N/A
2011,8,12,11,30,96,964,987,0.149,0.8,17.53,32,780,N/A
2011,8,12,12,0,98,964,999,0.149,0.9,15.72,33,780,N/A
2011,8,12,12,30,98,963,995,0.149,1,15.72,33,780,N/A
2011,8,12,13,0,100,955,975,0.149,1.1,15.08,33,780,N/A
2011,8,12,13,30,98,948,939,0.149,1.1,15.08,33,780,N/A
2011,8,12,14,0,312,581,802,0.149,1.1,14.76,33,780,N/A
2011,8,12,14,30,333,519,744,0.149,0.9,15.610000000000001,32,780,N/A
2011,8,12,15,0,93,897,744,0.149,0.7000000000000001,15.57,32,780,N/A
2011,8,12,15,30,89,871,656,0.149,0.5,16.47,31,780,N/A
2011,8,12,16,0,84,834,558,0.149,0.4,16.6,31,780,N/A
2011,8,12,16,30,178,414,376,0.149,0.8,17.580000000000002,30,780,N/A
2011,8,12,17,0,138,386,286,0.149,1.2000000000000002,19.81,29,780,N/A
2011,8,12,17,30,60,628,237,0.149,1.1,22.25,27,780,N/A
2011,8,12,18,0,47,480,133,0.149,1.1,33.53,25,780,N/A
2011,8,12,18,30,26,255,45,0.149,1.3,37.81,23,780,N/A
2011,8,12,19,0,0,0,0,0.149,1.5,41,22,780,N/A
2011,8,12,19,30,0,0,0,0.149,1.7000000000000002,43.59,21,780,N/A
2011,8,12,20,0,0,0,0,0.149,1.9000000000000001,44.36,21,780,N/A
2011,8,12,20,30,0,0,0,0.149,1.9000000000000001,47.19,20,790,N/A
2011,8,12,21,0,0,0,0,0.149,2,50.02,20,790,N/A
2011,8,12,21,30,0,0,0,0.149,1.9000000000000001,53.22,19,790,N/A
2011,8,12,22,0,0,0,0,0.149,1.9000000000000001,56.49,19,790,N/A
2011,8,12,22,30,0,0,0,0.149,1.7000000000000002,60.13,18,790,N/A
2011,8,12,23,0,0,0,0,0.149,1.5,63.36,18,790,N/A
2011,8,12,23,30,0,0,0,0.149,1.4000000000000001,67.47,18,790,N/A
2011,8,13,0,0,0,0,0,0.149,1.4000000000000001,70.75,18,790,N/A
2011,8,13,0,30,0,0,0,0.149,1.3,70.75,17,790,N/A
2011,8,13,1,0,0,0,0,0.149,1.3,73.73,17,790,N/A
2011,8,13,1,30,0,0,0,0.149,1.3,78.56,17,790,N/A
2011,8,13,2,0,0,0,0,0.149,1.3,80.62,17,790,N/A
2011,8,13,2,30,0,0,0,0.149,1.3,80.62,16,790,N/A
2011,8,13,3,0,0,0,0,0.149,1.4000000000000001,81.33,16,790,N/A
2011,8,13,3,30,0,0,0,0.149,1.5,81.34,16,790,N/A
2011,8,13,4,0,0,0,0,0.149,1.7000000000000002,81.55,16,790,N/A
2011,8,13,4,30,0,0,0,0.149,1.9000000000000001,81.57000000000001,16,790,N/A
2011,8,13,5,0,0,0,0,0.149,2.1,81.47,16,790,N/A
2011,8,13,5,30,0,0,0,0.149,2.5,76.49,17,790,N/A
2011,8,13,6,0,37,326,76,0.149,2.9000000000000004,71.51,18,790,N/A
2011,8,13,6,30,57,509,169,0.149,2.9000000000000004,67.2,20,790,N/A
2011,8,13,7,0,70,632,274,0.149,2.9000000000000004,56.620000000000005,22,790,N/A
2011,8,13,7,30,97,636,365,0.149,2.8000000000000003,53.27,23,790,N/A
2011,8,13,8,0,204,383,401,0.149,2.8000000000000003,45.22,24,790,N/A
2011,8,13,8,30,268,312,457,0.149,2.9000000000000004,42.61,25,790,N/A
2011,8,13,9,0,101,843,676,0.149,3,39.97,26,790,N/A
2011,8,13,9,30,106,867,759,0.149,3.1,39.97,26,790,N/A
2011,8,13,10,0,112,882,829,0.149,3.2,37.77,27,790,N/A
2011,8,13,10,30,115,895,886,0.149,3.2,37.76,27,790,N/A
2011,8,13,11,0,120,899,928,0.149,3.3000000000000003,37.44,28,790,N/A
2011,8,13,11,30,491,229,702,0.149,3.3000000000000003,37.43,28,790,N/A
2011,8,13,12,0,448,54,499,0.149,3.4000000000000004,36.56,28,790,N/A
2011,8,13,12,30,202,15,216,0.149,3.4000000000000004,36.550000000000004,28,790,N/A
2011,8,13,13,0,42,0,42,0.149,3.4000000000000004,35.56,28,790,N/A
2011,8,13,13,30,75,0,75,0.149,3.3000000000000003,35.56,27,790,N/A
2011,8,13,14,0,44,0,44,0.149,3.2,34.52,27,790,N/A
2011,8,13,14,30,40,0,40,0.149,3.2,36.6,27,790,N/A
2011,8,13,15,0,228,15,239,0.149,3.2,35.67,27,790,N/A
2011,8,13,15,30,183,10,190,0.149,3.2,37.84,26,790,N/A
2011,8,13,16,0,117,0,117,0.149,3.3000000000000003,37.160000000000004,26,790,N/A
2011,8,13,16,30,81,0,81,0.149,3.1,39.45,25,790,N/A
2011,8,13,17,0,130,12,135,0.149,3,39.92,24,790,N/A
2011,8,13,17,30,93,4,94,0.149,2.1,45.04,22,790,N/A
2011,8,13,18,0,39,0,39,0.149,1.3,57.42,21,790,N/A
2011,8,13,18,30,12,0,12,0.149,1.1,61.07,20,790,N/A
2011,8,13,19,0,0,0,0,0.149,1,66.35,19,790,N/A
2011,8,13,19,30,0,0,0,0.149,0.9,70.64,19,790,N/A
2011,8,13,20,0,0,0,0,0.149,0.9,69.73,19,790,N/A
2011,8,13,20,30,0,0,0,0.149,0.8,69.75,18,790,N/A
2011,8,13,21,0,0,0,0,0.149,0.8,69.53,18,790,N/A
2011,8,13,21,30,0,0,0,0.149,0.8,69.54,18,790,N/A
2011,8,13,22,0,0,0,0,0.149,0.8,67.7,18,790,N/A
2011,8,13,22,30,0,0,0,0.149,0.8,72.09,17,790,N/A
2011,8,13,23,0,0,0,0,0.149,0.8,71.2,17,790,N/A
2011,8,13,23,30,0,0,0,0.149,0.8,75.85000000000001,17,790,N/A
2011,8,14,0,0,0,0,0,0.149,0.8,75.83,17,790,N/A
2011,8,14,0,30,0,0,0,0.149,0.8,75.82000000000001,16,790,N/A
2011,8,14,1,0,0,0,0,0.149,0.8,75.99,16,790,N/A
2011,8,14,1,30,0,0,0,0.149,0.8,81,16,790,N/A
2011,8,14,2,0,0,0,0,0.149,0.8,80.33,16,790,N/A
2011,8,14,2,30,0,0,0,0.149,0.8,80.32000000000001,15,790,N/A
2011,8,14,3,0,0,0,0,0.149,0.8,79.4,15,790,N/A
2011,8,14,3,30,0,0,0,0.149,0.8,79.39,15,790,N/A
2011,8,14,4,0,0,0,0,0.149,0.8,78.73,15,790,N/A
2011,8,14,4,30,0,0,0,0.149,0.7000000000000001,83.97,15,790,N/A
2011,8,14,5,0,0,0,0,0.149,0.7000000000000001,83.9,15,790,N/A
2011,8,14,5,30,0,0,0,0.149,0.9,78.67,16,790,N/A
2011,8,14,6,0,40,279,73,0.149,1.2000000000000002,68.79,18,790,N/A
2011,8,14,6,30,64,467,166,0.149,1.4000000000000001,64.59,19,790,N/A
2011,8,14,7,0,80,596,271,0.149,1.6,53.69,21,790,N/A
2011,8,14,7,30,92,681,378,0.149,1.7000000000000002,50.49,22,790,N/A
2011,8,14,8,0,102,745,484,0.149,1.9000000000000001,42.49,23,790,N/A
2011,8,14,8,30,110,790,584,0.149,2,42.49,24,790,N/A
2011,8,14,9,0,116,825,677,0.149,2.1,38.39,25,790,N/A
2011,8,14,9,30,310,497,684,0.149,2.2,38.38,25,790,N/A
2011,8,14,10,0,124,873,832,0.149,2.3000000000000003,34.45,26,790,N/A
2011,8,14,10,30,404,391,740,0.149,2.3000000000000003,32.46,26,790,N/A
2011,8,14,11,0,433,478,862,0.149,2.4000000000000004,29.19,27,790,N/A
2011,8,14,11,30,123,916,966,0.149,2.4000000000000004,29.18,27,790,N/A
2011,8,14,12,0,121,923,980,0.149,2.4000000000000004,26.38,28,790,N/A
2011,8,14,12,30,497,375,845,0.149,2.4000000000000004,26.37,28,790,N/A
2011,8,14,13,0,452,373,792,0.149,2.4000000000000004,25.36,29,790,N/A
2011,8,14,13,30,445,400,798,0.149,2.4000000000000004,25.35,29,790,N/A
2011,8,14,14,0,397,413,744,0.149,2.4000000000000004,22.990000000000002,29,790,N/A
2011,8,14,14,30,109,891,808,0.149,2.4000000000000004,24.35,29,790,N/A
2011,8,14,15,0,360,139,461,0.149,2.4000000000000004,23.42,29,780,N/A
2011,8,14,15,30,203,614,600,0.149,2.3000000000000003,24.830000000000002,28,780,N/A
2011,8,14,16,0,179,549,488,0.149,2.3000000000000003,24.11,28,780,N/A
2011,8,14,16,30,183,374,359,0.149,2.2,25.560000000000002,27,780,N/A
2011,8,14,17,0,143,343,272,0.149,2.1,25.39,26,780,N/A
2011,8,14,17,30,104,47,117,0.149,1.5,28.59,24,780,N/A
2011,8,14,18,0,59,213,96,0.149,0.9,39.95,23,780,N/A
2011,8,14,18,30,24,85,30,0.149,0.8,42.47,21,780,N/A
2011,8,14,19,0,0,0,0,0.149,0.8,46.61,20,780,N/A
2011,8,14,19,30,0,0,0,0.149,0.8,49.61,19,790,N/A
2011,8,14,20,0,0,0,0,0.149,0.9,49.36,19,790,N/A
2011,8,14,20,30,0,0,0,0.149,0.9,52.54,18,790,N/A
2011,8,14,21,0,0,0,0,0.149,1,52.57,18,790,N/A
2011,8,14,21,30,0,0,0,0.149,1,55.980000000000004,18,790,N/A
2011,8,14,22,0,0,0,0,0.149,1,56.21,18,790,N/A
2011,8,14,22,30,0,0,0,0.149,1,56.21,17,790,N/A
2011,8,14,23,0,0,0,0,0.149,1,56.35,17,790,N/A
2011,8,14,23,30,0,0,0,0.149,1,60.03,16,790,N/A
2011,8,15,0,0,0,0,0,0.149,1.1,60.21,16,790,N/A
2011,8,15,0,30,0,0,0,0.149,1,64.18,16,790,N/A
2011,8,15,1,0,0,0,0,0.149,1,64.76,16,790,N/A
2011,8,15,1,30,0,0,0,0.149,1,64.75,15,790,N/A
2011,8,15,2,0,0,0,0,0.149,1,65.21000000000001,15,790,N/A
2011,8,15,2,30,0,0,0,0.149,0.9,69.53,15,780,N/A
2011,8,15,3,0,0,0,0,0.149,0.9,69.54,15,780,N/A
2011,8,15,3,30,0,0,0,0.149,0.9,69.53,14,780,N/A
2011,8,15,4,0,0,0,0,0.149,0.9,69.29,14,780,N/A
2011,8,15,4,30,0,0,0,0.149,0.9,69.29,14,780,N/A
2011,8,15,5,0,0,0,0,0.149,0.9,68.99,14,780,N/A
2011,8,15,5,30,0,0,0,0.149,1.1,64.68,15,780,N/A
2011,8,15,6,0,31,391,76,0.149,1.3,57.07,17,780,N/A
2011,8,15,6,30,47,576,172,0.149,1.8,50.34,19,780,N/A
2011,8,15,7,0,58,694,279,0.149,2.3000000000000003,44.75,21,780,N/A
2011,8,15,7,30,66,769,387,0.149,2.5,42.1,22,780,N/A
2011,8,15,8,0,72,823,493,0.149,2.7,37.14,24,780,N/A
2011,8,15,8,30,77,861,593,0.149,2.6,34.980000000000004,25,780,N/A
2011,8,15,9,0,82,891,686,0.149,2.6,32.6,26,780,N/A
2011,8,15,9,30,85,912,768,0.149,2.6,32.6,27,780,N/A
2011,8,15,10,0,412,250,614,0.149,2.6,30.53,28,780,N/A
2011,8,15,10,30,91,939,897,0.149,2.6,28.8,28,780,N/A
2011,8,15,11,0,96,941,938,0.149,2.7,27.1,29,780,N/A
2011,8,15,11,30,98,945,966,0.149,2.8000000000000003,27.09,29,780,N/A
2011,8,15,12,0,105,937,975,0.149,2.9000000000000004,27.03,30,780,N/A
2011,8,15,12,30,41,0,41,0.149,3,27.02,29,780,N/A
2011,8,15,13,0,178,13,191,0.149,3.1,27.07,29,780,N/A
2011,8,15,13,30,445,418,813,0.149,3.1,28.68,29,780,N/A
2011,8,15,14,0,97,917,865,0.149,3.1,28.84,29,780,N/A
2011,8,15,14,30,94,903,801,0.149,3,28.84,28,780,N/A
2011,8,15,15,0,89,886,725,0.149,3,28.71,28,780,N/A
2011,8,15,15,30,244,469,545,0.149,2.9000000000000004,28.71,28,780,N/A
2011,8,15,16,0,186,497,464,0.149,2.8000000000000003,28.27,28,780,N/A
2011,8,15,16,30,144,517,386,0.149,2.6,29.96,27,780,N/A
2011,8,15,17,0,115,477,293,0.149,2.5,31.75,27,780,N/A
2011,8,15,17,30,82,430,199,0.149,1.8,35.75,25,780,N/A
2011,8,15,18,0,59,32,65,0.149,1.2000000000000002,44.69,23,780,N/A
2011,8,15,18,30,20,0,20,0.149,1.2000000000000002,50.47,22,780,N/A
2011,8,15,19,0,0,0,0,0.149,1.3,52.51,21,780,N/A
2011,8,15,19,30,0,0,0,0.149,1.4000000000000001,55.88,20,780,N/A
2011,8,15,20,0,0,0,0,0.149,1.6,54.83,20,780,N/A
2011,8,15,20,30,0,0,0,0.149,1.5,58.38,19,780,N/A
2011,8,15,21,0,0,0,0,0.149,1.4000000000000001,59.22,19,780,N/A
2011,8,15,21,30,0,0,0,0.149,1.2000000000000002,59.22,18,780,N/A
2011,8,15,22,0,0,0,0,0.149,1.1,60.75,18,780,N/A
2011,8,15,22,30,0,0,0,0.149,0.9,64.7,17,780,N/A
2011,8,15,23,0,0,0,0,0.149,0.8,65.44,17,780,N/A
2011,8,15,23,30,0,0,0,0.149,0.7000000000000001,69.72,17,780,N/A
2011,8,16,0,0,0,0,0,0.149,0.6000000000000001,69.18,17,780,N/A
2011,8,16,0,30,0,0,0,0.149,0.6000000000000001,69.17,16,780,N/A
2011,8,16,1,0,0,0,0,0.149,0.7000000000000001,67.59,16,780,N/A
2011,8,16,1,30,0,0,0,0.149,0.7000000000000001,72.05,15,780,N/A
2011,8,16,2,0,0,0,0,0.149,0.8,69.66,15,780,N/A
2011,8,16,2,30,0,0,0,0.149,0.8,69.66,15,780,N/A
2011,8,16,3,0,0,0,0,0.149,0.9,67.37,15,780,N/A
2011,8,16,3,30,0,0,0,0.149,0.9,71.86,15,780,N/A
2011,8,16,4,0,0,0,0,0.149,0.9,69.67,15,780,N/A
2011,8,16,4,30,0,0,0,0.149,0.8,69.68,15,780,N/A
2011,8,16,5,0,0,0,0,0.149,0.8,64.47,15,780,N/A
2011,8,16,5,30,0,0,0,0.149,1.1,60.49,16,780,N/A
2011,8,16,6,0,34,308,69,0.149,1.4000000000000001,53.01,18,780,N/A
2011,8,16,6,30,53,490,158,0.149,1.2000000000000002,49.81,19,780,N/A
2011,8,16,7,0,61,673,274,0.149,1,42.300000000000004,21,790,N/A
2011,8,16,7,30,71,751,382,0.149,1.2000000000000002,39.800000000000004,23,790,N/A
2011,8,16,8,0,76,812,489,0.149,1.5,34.54,25,790,N/A
2011,8,16,8,30,82,851,589,0.149,1.4000000000000001,32.54,26,790,N/A
2011,8,16,9,0,85,885,683,0.149,1.4000000000000001,28.44,27,790,N/A
2011,8,16,9,30,88,907,766,0.149,1.1,26.830000000000002,28,790,N/A
2011,8,16,10,0,90,926,838,0.149,0.9,24.66,30,790,N/A
2011,8,16,10,30,92,939,896,0.149,0.9,23.28,30,780,N/A
2011,8,16,11,0,91,951,940,0.149,1,21.400000000000002,31,780,N/A
2011,8,16,11,30,92,956,968,0.149,1.3,21.39,31,780,N/A
2011,8,16,12,0,462,474,901,0.149,1.6,19.93,32,780,N/A
2011,8,16,12,30,497,388,855,0.149,1.8,19.92,32,780,N/A
2011,8,16,13,0,477,390,831,0.149,2.1,19.88,33,780,N/A
2011,8,16,13,30,442,403,796,0.149,2.2,19.88,32,780,N/A
2011,8,16,14,0,387,404,724,0.149,2.3000000000000003,19.91,32,780,N/A
2011,8,16,14,30,345,451,697,0.149,2.3000000000000003,21.07,31,780,N/A
2011,8,16,15,0,312,45,344,0.149,2.3000000000000003,21.42,31,780,N/A
2011,8,16,15,30,176,10,183,0.149,2.2,22.68,30,780,N/A
2011,8,16,16,0,166,9,171,0.149,2.1,25.05,30,780,N/A
2011,8,16,16,30,155,481,379,0.149,1.9000000000000001,26.55,28,780,N/A
2011,8,16,17,0,113,484,291,0.149,1.8,30.73,27,780,N/A
2011,8,16,17,30,92,320,178,0.149,1.5,34.59,25,780,N/A
2011,8,16,18,0,45,436,117,0.149,1.2000000000000002,43.79,24,790,N/A
2011,8,16,18,30,22,197,34,0.149,1.4000000000000001,49.43,22,790,N/A
2011,8,16,19,0,0,0,0,0.149,1.7000000000000002,55.36,21,790,N/A
2011,8,16,19,30,0,0,0,0.149,2,58.9,20,790,N/A
2011,8,16,20,0,0,0,0,0.149,2.3000000000000003,60.660000000000004,20,790,N/A
2011,8,16,20,30,0,0,0,0.149,2.7,64.55,19,790,N/A
2011,8,16,21,0,0,0,0,0.149,3.1,65.23,19,790,N/A
2011,8,16,21,30,0,0,0,0.149,3.4000000000000004,69.44,18,790,N/A
2011,8,16,22,0,0,0,0,0.149,3.7,69.28,18,790,N/A
2011,8,16,22,30,0,0,0,0.149,3.4000000000000004,73.78,17,790,N/A
2011,8,16,23,0,0,0,0,0.149,3.2,73.72,17,790,N/A
2011,8,16,23,30,0,0,0,0.149,2.9000000000000004,78.54,16,790,N/A
2011,8,17,0,0,0,0,0,0.149,2.7,78.75,16,790,N/A
2011,8,17,0,30,0,0,0,0.149,2.5,83.95,16,790,N/A
2011,8,17,1,0,0,0,0,0.149,2.4000000000000004,84.36,16,790,N/A
2011,8,17,1,30,0,0,0,0.149,2.2,84.38,15,790,N/A
2011,8,17,2,0,0,0,0,0.149,2.1,84.63,15,790,N/A
2011,8,17,2,30,0,0,0,0.149,1.9000000000000001,90.27,15,790,N/A
2011,8,17,3,0,0,0,0,0.149,1.7000000000000002,90.05,15,790,N/A
2011,8,17,3,30,0,0,0,0.149,1.6,90.07000000000001,14,790,N/A
2011,8,17,4,0,0,0,0,0.149,1.5,89.13,14,790,N/A
2011,8,17,4,30,0,0,0,0.149,1.5,89.15,14,790,N/A
2011,8,17,5,0,0,0,0,0.149,1.5,88.07000000000001,14,790,N/A
2011,8,17,5,30,0,0,0,0.149,1.9000000000000001,82.60000000000001,15,790,N/A
2011,8,17,6,0,38,103,49,0.149,2.4000000000000004,71.78,17,790,N/A
2011,8,17,6,30,80,167,115,0.149,2.3000000000000003,63.33,19,790,N/A
2011,8,17,7,0,124,206,189,0.149,2.2,49.21,21,790,N/A
2011,8,17,7,30,168,58,193,0.149,2,43.58,23,790,N/A
2011,8,17,8,0,230,138,300,0.149,1.8,34.99,25,790,N/A
2011,8,17,8,30,246,41,270,0.149,1.7000000000000002,32.980000000000004,26,790,N/A
2011,8,17,9,0,327,113,404,0.149,1.6,30.98,27,790,N/A
2011,8,17,9,30,301,31,324,0.149,1.6,29.22,28,790,N/A
2011,8,17,10,0,364,381,672,0.149,1.6,27.86,29,790,N/A
2011,8,17,10,30,415,425,779,0.149,1.7000000000000002,27.85,29,790,N/A
2011,8,17,11,0,423,489,859,0.149,1.8,26.64,30,790,N/A
2011,8,17,11,30,106,927,954,0.149,1.9000000000000001,26.63,30,790,N/A
2011,8,17,12,0,115,917,963,0.149,2.1,27.05,30,790,N/A
2011,8,17,12,30,114,915,958,0.149,2.2,27.04,30,790,N/A
2011,8,17,13,0,123,895,933,0.149,2.3000000000000003,27.79,30,790,N/A
2011,8,17,13,30,423,392,766,0.149,2.3000000000000003,29.42,29,790,N/A
2011,8,17,14,0,121,868,843,0.149,2.4000000000000004,32.45,28,790,N/A
2011,8,17,14,30,339,470,705,0.149,2.3000000000000003,34.39,27,790,N/A
2011,8,17,15,0,107,0,107,0.149,2.3000000000000003,35.89,27,790,N/A
2011,8,17,15,30,53,0,53,0.149,2.1,38.07,26,790,N/A
2011,8,17,16,0,42,0,42,0.149,2,42.12,25,790,N/A
2011,8,17,16,30,124,0,124,0.149,1.5,44.72,24,790,N/A
2011,8,17,17,0,89,0,89,0.149,1.1,50.67,23,790,N/A
2011,8,17,17,30,77,0,77,0.149,0.7000000000000001,53.84,22,790,N/A
2011,8,17,18,0,44,0,44,0.149,0.30000000000000004,62.13,21,790,N/A
2011,8,17,18,30,12,0,12,0.149,0.5,66.09,20,790,N/A
2011,8,17,19,0,0,0,0,0.149,0.7000000000000001,66.42,20,790,N/A
2011,8,17,19,30,0,0,0,0.149,1,70.68,19,790,N/A
2011,8,17,20,0,0,0,0,0.149,1.3,76.61,19,790,N/A
2011,8,17,20,30,0,0,0,0.149,1.6,76.61,18,790,N/A
2011,8,17,21,0,0,0,0,0.149,1.9000000000000001,76.42,18,790,N/A
2011,8,17,21,30,0,0,0,0.149,1.9000000000000001,81.37,18,790,N/A
2011,8,17,22,0,0,0,0,0.149,1.9000000000000001,81.09,18,790,N/A
2011,8,17,22,30,0,0,0,0.149,1.8,81.08,17,790,N/A
2011,8,17,23,0,0,0,0,0.149,1.8,80.37,17,790,N/A
2011,8,17,23,30,0,0,0,0.149,1.9000000000000001,80.36,17,790,N/A
2011,8,18,0,0,0,0,0,0.149,2.1,79.54,17,790,N/A
2011,8,18,0,30,0,0,0,0.149,2.1,84.74,17,790,N/A
2011,8,18,1,0,0,0,0,0.149,2.2,83.84,17,790,N/A
2011,8,18,1,30,0,0,0,0.149,2,83.82000000000001,16,790,N/A
2011,8,18,2,0,0,0,0,0.149,1.9000000000000001,82.83,16,790,N/A
2011,8,18,2,30,0,0,0,0.149,1.5,88.26,16,790,N/A
2011,8,18,3,0,0,0,0,0.149,1.1,86.96000000000001,16,790,N/A
2011,8,18,3,30,0,0,0,0.149,0.9,86.94,15,790,N/A
2011,8,18,4,0,0,0,0,0.149,0.8,85.22,15,790,N/A
2011,8,18,4,30,0,0,0,0.149,0.7000000000000001,85.21000000000001,15,790,N/A
2011,8,18,5,0,0,0,0,0.149,0.7000000000000001,83.52,15,790,N/A
2011,8,18,5,30,0,0,0,0.149,1,78.36,16,790,N/A
2011,8,18,6,0,32,0,32,0.149,1.4000000000000001,71.39,18,790,N/A
2011,8,18,6,30,73,18,77,0.149,1.1,62.99,19,790,N/A
2011,8,18,7,0,93,462,237,0.149,0.9,49.15,21,790,N/A
2011,8,18,7,30,89,659,359,0.149,1,46.24,22,790,N/A
2011,8,18,8,0,146,574,436,0.149,1.1,37.1,24,790,N/A
2011,8,18,8,30,195,548,520,0.149,1,34.95,25,790,N/A
2011,8,18,9,0,329,210,471,0.149,1,29.57,27,790,N/A
2011,8,18,9,30,310,479,666,0.149,1.1,27.89,28,790,N/A
2011,8,18,10,0,365,440,719,0.149,1.2000000000000002,25.36,29,790,N/A
2011,8,18,10,30,405,350,704,0.149,1.5,25.35,29,790,N/A
2011,8,18,11,0,454,412,821,0.149,1.8,23.41,30,790,N/A
2011,8,18,11,30,465,446,872,0.149,2,23.39,30,790,N/A
2011,8,18,12,0,97,951,975,0.149,2.3000000000000003,21.740000000000002,31,790,N/A
2011,8,18,12,30,96,950,970,0.149,2.4000000000000004,21.73,31,790,N/A
2011,8,18,13,0,100,940,948,0.149,2.6,21.490000000000002,31,790,N/A
2011,8,18,13,30,98,932,912,0.149,2.7,21.48,31,780,N/A
2011,8,18,14,0,90,931,862,0.149,2.9000000000000004,21.48,31,780,N/A
2011,8,18,14,30,337,425,667,0.149,3,22.73,30,780,N/A
2011,8,18,15,0,250,494,601,0.149,3.1,23.22,30,780,N/A
2011,8,18,15,30,48,0,48,0.149,3,24.59,29,780,N/A
2011,8,18,16,0,40,0,40,0.149,2.9000000000000004,27.16,28,780,N/A
2011,8,18,16,30,53,0,53,0.149,2.5,28.78,27,780,N/A
2011,8,18,17,0,141,46,158,0.149,2.1,36.75,26,780,N/A
2011,8,18,17,30,96,34,105,0.149,1.7000000000000002,41.38,24,780,N/A
2011,8,18,18,0,49,0,49,0.149,1.3,52.800000000000004,23,780,N/A
2011,8,18,18,30,13,0,13,0.149,1.4000000000000001,56.11,22,780,N/A
2011,8,18,19,0,0,0,0,0.149,1.6,58.94,21,780,N/A
2011,8,18,19,30,0,0,0,0.149,1.7000000000000002,62.71,21,780,N/A
2011,8,18,20,0,0,0,0,0.149,1.8,62.24,21,790,N/A
2011,8,18,20,30,0,0,0,0.149,1.6,62.25,20,790,N/A
2011,8,18,21,0,0,0,0,0.149,1.5,62.18,20,790,N/A
2011,8,18,21,30,0,0,0,0.149,1.2000000000000002,66.15,19,790,N/A
2011,8,18,22,0,0,0,0,0.149,1,66.45,19,790,N/A
2011,8,18,22,30,0,0,0,0.149,0.9,70.72,18,790,N/A
2011,8,18,23,0,0,0,0,0.149,0.8,71.17,18,790,N/A
2011,8,18,23,30,0,0,0,0.149,0.7000000000000001,75.77,18,790,N/A
2011,8,19,0,0,0,0,0,0.149,0.7000000000000001,76.38,18,780,N/A
2011,8,19,0,30,0,0,0,0.149,0.7000000000000001,76.36,17,780,N/A
2011,8,19,1,0,0,0,0,0.149,0.8,76.31,17,780,N/A
2011,8,19,1,30,0,0,0,0.149,0.8,76.3,17,780,N/A
2011,8,19,2,0,0,0,0,0.149,0.8,75.67,17,780,N/A
2011,8,19,2,30,0,0,0,0.149,0.8,80.62,16,780,N/A
2011,8,19,3,0,0,0,0,0.149,0.8,79.4,16,780,N/A
2011,8,19,3,30,0,0,0,0.149,0.8,79.39,16,780,N/A
2011,8,19,4,0,0,0,0,0.149,0.8,77.59,16,780,N/A
2011,8,19,4,30,0,0,0,0.149,0.8,82.71000000000001,16,780,N/A
2011,8,19,5,0,0,0,0,0.149,0.8,81.41,16,780,N/A
2011,8,19,5,30,0,0,0,0.149,1,76.38,17,780,N/A
2011,8,19,6,0,12,0,12,0.149,1.3,66.51,18,780,N/A
2011,8,19,6,30,30,0,30,0.149,1,62.480000000000004,19,780,N/A
2011,8,19,7,0,120,54,137,0.149,0.8,51.050000000000004,21,780,N/A
2011,8,19,7,30,167,62,193,0.149,1.1,48.03,22,780,N/A
2011,8,19,8,0,81,778,473,0.149,1.4000000000000001,40.910000000000004,24,780,N/A
2011,8,19,8,30,252,359,464,0.149,1.7000000000000002,38.54,25,780,N/A
2011,8,19,9,0,260,471,576,0.149,2,37.02,26,780,N/A
2011,8,19,9,30,369,244,550,0.149,2.2,37.01,26,780,N/A
2011,8,19,10,0,361,389,673,0.149,2.4000000000000004,38.27,27,780,N/A
2011,8,19,10,30,116,883,867,0.149,2.4000000000000004,38.26,27,780,N/A
2011,8,19,11,0,105,912,914,0.149,2.5,37.58,27,780,N/A
2011,8,19,11,30,106,917,942,0.149,2.5,37.57,27,780,N/A
2011,8,19,12,0,116,906,950,0.149,2.6,39,27,780,N/A
2011,8,19,12,30,115,904,945,0.149,2.6,38.99,27,780,N/A
2011,8,19,13,0,126,882,920,0.149,2.7,39.87,27,780,N/A
2011,8,19,13,30,124,874,884,0.149,2.7,42.27,26,780,N/A
2011,8,19,14,0,288,20,306,0.149,2.7,42.72,26,780,N/A
2011,8,19,14,30,263,24,282,0.149,2.6,45.32,25,780,N/A
2011,8,19,15,0,44,0,44,0.149,2.5,45.72,25,780,N/A
2011,8,19,15,30,39,0,39,0.149,2.2,48.53,24,780,N/A
2011,8,19,16,0,162,8,167,0.149,2,49.1,24,780,N/A
2011,8,19,16,30,133,3,135,0.149,1.6,52.14,23,780,N/A
2011,8,19,17,0,5,0,5,0.149,1.2000000000000002,54.64,23,780,N/A
2011,8,19,17,30,100,146,137,0.149,0.9,58.06,22,780,N/A
2011,8,19,18,0,54,60,64,0.149,0.7000000000000001,68.67,21,780,N/A
2011,8,19,18,30,15,0,15,0.149,0.6000000000000001,73.03,20,780,N/A
2011,8,19,19,0,0,0,0,0.149,0.6000000000000001,71.96000000000001,20,780,N/A
2011,8,19,19,30,0,0,0,0.149,0.6000000000000001,76.57000000000001,20,780,N/A
2011,8,19,20,0,0,0,0,0.149,0.7000000000000001,72.61,20,780,N/A
2011,8,19,20,30,0,0,0,0.149,0.6000000000000001,72.62,20,780,N/A
2011,8,19,21,0,0,0,0,0.149,0.6000000000000001,70.5,20,780,N/A
2011,8,19,21,30,0,0,0,0.149,0.5,70.51,19,780,N/A
2011,8,19,22,0,0,0,0,0.149,0.5,69.06,19,780,N/A
2011,8,19,22,30,0,0,0,0.149,0.5,69.06,19,780,N/A
2011,8,19,23,0,0,0,0,0.149,0.5,68.52,19,780,N/A
2011,8,19,23,30,0,0,0,0.149,0.6000000000000001,72.93,18,780,N/A
2011,8,20,0,0,0,0,0,0.149,0.7000000000000001,72.24,18,780,N/A
2011,8,20,0,30,0,0,0,0.149,0.7000000000000001,76.92,17,780,N/A
2011,8,20,1,0,0,0,0,0.149,0.7000000000000001,77.91,17,780,N/A
2011,8,20,1,30,0,0,0,0.149,0.7000000000000001,83.01,16,780,N/A
2011,8,20,2,0,0,0,0,0.149,0.8,82.32000000000001,16,780,N/A
2011,8,20,2,30,0,0,0,0.149,0.8,87.75,15,780,N/A
2011,8,20,3,0,0,0,0,0.149,0.9,86.93,15,780,N/A
2011,8,20,3,30,0,0,0,0.149,0.9,92.72,15,780,N/A
2011,8,20,4,0,0,0,0,0.149,0.9,91.55,15,780,N/A
2011,8,20,4,30,0,0,0,0.149,0.9,91.56,15,780,N/A
2011,8,20,5,0,0,0,0,0.149,1,91.25,15,780,N/A
2011,8,20,5,30,0,0,0,0.149,1.4000000000000001,85.58,16,780,N/A
2011,8,20,6,0,32,272,60,0.149,1.8,76.93,17,780,N/A
2011,8,20,6,30,53,464,148,0.149,1.8,72.25,18,780,N/A
2011,8,20,7,0,123,177,177,0.149,1.8,57.38,20,780,N/A
2011,8,20,7,30,158,323,290,0.149,1.6,53.96,21,780,N/A
2011,8,20,8,0,104,721,465,0.149,1.4000000000000001,46.980000000000004,22,790,N/A
2011,8,20,8,30,103,782,564,0.149,1.2000000000000002,44.22,23,790,N/A
2011,8,20,9,0,309,315,520,0.149,1,40.28,25,790,N/A
2011,8,20,9,30,366,256,555,0.149,0.8,37.95,26,790,N/A
2011,8,20,10,0,361,431,705,0.149,0.6000000000000001,35.230000000000004,27,790,N/A
2011,8,20,10,30,445,206,620,0.149,0.7000000000000001,35.230000000000004,27,790,N/A
2011,8,20,11,0,469,210,656,0.149,0.8,33.38,28,780,N/A
2011,8,20,11,30,458,312,742,0.149,0.9,33.37,27,780,N/A
2011,8,20,12,0,494,161,643,0.149,1.1,34.02,27,780,N/A
2011,8,20,12,30,445,213,639,0.149,1.1,34.02,27,780,N/A
2011,8,20,13,0,459,386,806,0.149,1.2000000000000002,34.78,27,780,N/A
2011,8,20,13,30,330,513,775,0.149,1.1,36.88,26,780,N/A
2011,8,20,14,0,305,464,688,0.149,1,37.480000000000004,26,780,N/A
2011,8,20,14,30,347,373,635,0.149,0.9,39.76,26,780,N/A
2011,8,20,15,0,282,461,607,0.149,0.8,40.01,26,780,N/A
2011,8,20,15,30,266,386,508,0.149,0.7000000000000001,42.47,25,780,N/A
2011,8,20,16,0,12,0,12,0.149,0.6000000000000001,42.71,25,780,N/A
2011,8,20,16,30,172,30,185,0.149,0.4,45.36,24,780,N/A
2011,8,20,17,0,76,0,76,0.14300000000000002,0.2,46.78,24,780,N/A
2011,8,20,17,30,98,122,129,0.14300000000000002,0.2,49.7,23,780,N/A
2011,8,20,18,0,49,4,50,0.14300000000000002,0.30000000000000004,59.42,22,790,N/A
2011,8,20,18,30,11,0,11,0.14300000000000002,0.4,63.17,21,790,N/A
2011,8,20,19,0,0,0,0,0.14300000000000002,0.5,71.23,20,790,N/A
2011,8,20,19,30,0,0,0,0.14300000000000002,0.6000000000000001,75.8,19,790,N/A
2011,8,20,20,0,0,0,0,0.14300000000000002,0.7000000000000001,74.10000000000001,19,790,N/A
2011,8,20,20,30,0,0,0,0.14300000000000002,0.8,78.88,18,790,N/A
2011,8,20,21,0,0,0,0,0.14300000000000002,0.9,77.78,18,790,N/A
2011,8,20,21,30,0,0,0,0.14300000000000002,1,82.83,18,790,N/A
2011,8,20,22,0,0,0,0,0.14300000000000002,1.1,82.34,18,790,N/A
2011,8,20,22,30,0,0,0,0.14300000000000002,1.3,82.35000000000001,17,790,N/A
2011,8,20,23,0,0,0,0,0.14300000000000002,1.6,83.01,17,790,N/A
2011,8,20,23,30,0,0,0,0.14300000000000002,1.9000000000000001,88.44,16,790,N/A
2011,8,21,0,0,0,0,0,0.14300000000000002,2.2,89.72,16,790,N/A
2011,8,21,0,30,0,0,0,0.14300000000000002,2.5,95.62,16,790,N/A
2011,8,21,1,0,0,0,0,0.14300000000000002,2.8000000000000003,97.05,16,790,N/A
2011,8,21,1,30,0,0,0,0.14300000000000002,2.8000000000000003,97.05,15,790,N/A
2011,8,21,2,0,0,0,0,0.14300000000000002,2.8000000000000003,98.2,15,790,N/A
2011,8,21,2,30,0,0,0,0.14300000000000002,2.7,98.2,15,790,N/A
2011,8,21,3,0,0,0,0,0.14300000000000002,2.7,98.33,15,790,N/A
2011,8,21,3,30,0,0,0,0.14300000000000002,2.6,98.34,15,790,N/A
2011,8,21,4,0,0,0,0,0.14300000000000002,2.6,97.92,15,790,N/A
2011,8,21,4,30,0,0,0,0.14300000000000002,2.4000000000000004,100,15,790,N/A
2011,8,21,5,0,0,0,0,0.14300000000000002,2.3000000000000003,100,15,790,N/A
2011,8,21,5,30,0,0,0,0.14300000000000002,2.3000000000000003,100,15,790,N/A
2011,8,21,6,0,2,0,2,0.14300000000000002,2.4000000000000004,99.60000000000001,16,790,N/A
2011,8,21,6,30,7,0,7,0.14300000000000002,2.4000000000000004,93.44,16,790,N/A
2011,8,21,7,0,113,279,199,0.14300000000000002,2.4000000000000004,88.05,17,790,N/A
2011,8,21,7,30,174,157,237,0.14300000000000002,2.2,88.06,18,790,N/A
2011,8,21,8,0,187,25,200,0.14300000000000002,2.1,81.24,19,790,N/A
2011,8,21,8,30,276,206,397,0.14300000000000002,1.8,76.33,19,790,N/A
2011,8,21,9,0,249,511,589,0.14300000000000002,1.6,70.12,20,790,N/A
2011,8,21,9,30,353,78,411,0.14300000000000002,1.4000000000000001,70.12,20,790,N/A
2011,8,21,10,0,192,728,772,0.14300000000000002,1.3,65.18,21,790,N/A
2011,8,21,10,30,197,746,829,0.14300000000000002,1.2000000000000002,61.31,22,790,N/A
2011,8,21,11,0,446,423,820,0.14300000000000002,1.2000000000000002,57.300000000000004,23,790,N/A
2011,8,21,11,30,439,370,775,0.14300000000000002,1.4000000000000001,57.28,23,790,N/A
2011,8,21,12,0,485,387,840,0.14300000000000002,1.6,53.32,24,790,N/A
2011,8,21,12,30,477,102,570,0.14300000000000002,1.7000000000000002,53.31,24,790,N/A
2011,8,21,13,0,134,869,912,0.14300000000000002,1.9000000000000001,52.45,24,790,N/A
2011,8,21,13,30,132,861,876,0.14300000000000002,1.9000000000000001,55.68,24,790,N/A
2011,8,21,14,0,140,8,147,0.14300000000000002,1.9000000000000001,55.68,24,790,N/A
2011,8,21,14,30,130,7,136,0.14300000000000002,1.8,55.68,23,790,N/A
2011,8,21,15,0,105,0,105,0.14300000000000002,1.7000000000000002,55.86,23,790,N/A
2011,8,21,15,30,301,159,401,0.14300000000000002,1.5,59.36,23,790,N/A
2011,8,21,16,0,235,300,396,0.14300000000000002,1.4000000000000001,60.800000000000004,23,790,N/A
2011,8,21,16,30,83,0,83,0.14300000000000002,1.1,64.63,22,790,N/A
2011,8,21,17,0,47,0,47,0.14300000000000002,0.8,71.86,21,790,N/A
2011,8,21,17,30,86,12,89,0.14300000000000002,0.7000000000000001,76.43,20,790,N/A
2011,8,21,18,0,45,0,45,0.14300000000000002,0.6000000000000001,81.63,19,790,N/A
2011,8,21,18,30,9,0,9,0.14300000000000002,0.6000000000000001,86.89,19,790,N/A
2011,8,21,19,0,0,0,0,0.14300000000000002,0.7000000000000001,82.73,19,790,N/A
2011,8,21,19,30,0,0,0,0.14300000000000002,0.6000000000000001,82.74,18,790,N/A
2011,8,21,20,0,0,0,0,0.14300000000000002,0.5,80.22,18,790,N/A
2011,8,21,20,30,0,0,0,0.14300000000000002,0.5,80.22,18,790,N/A
2011,8,21,21,0,0,0,0,0.14300000000000002,0.5,78.35000000000001,19,790,N/A
2011,8,21,21,30,0,0,0,0.14300000000000002,0.5,78.35000000000001,18,790,N/A
2011,8,21,22,0,0,0,0,0.14300000000000002,0.6000000000000001,77.81,18,790,N/A
2011,8,21,22,30,0,0,0,0.14300000000000002,0.6000000000000001,82.86,18,790,N/A
2011,8,21,23,0,0,0,0,0.14300000000000002,0.7000000000000001,82.33,18,790,N/A
2011,8,21,23,30,0,0,0,0.14300000000000002,0.7000000000000001,82.32000000000001,17,790,N/A
2011,8,22,0,0,0,0,0,0.14300000000000002,0.7000000000000001,82.19,17,790,N/A
2011,8,22,0,30,0,0,0,0.14300000000000002,0.7000000000000001,87.57000000000001,16,790,N/A
2011,8,22,1,0,0,0,0,0.14300000000000002,0.7000000000000001,88.54,16,790,N/A
2011,8,22,1,30,0,0,0,0.14300000000000002,0.6000000000000001,94.37,16,790,N/A
2011,8,22,2,0,0,0,0,0.14300000000000002,0.6000000000000001,95.56,16,790,N/A
2011,8,22,2,30,0,0,0,0.14300000000000002,0.5,95.56,15,790,N/A
2011,8,22,3,0,0,0,0,0.14300000000000002,0.4,96.67,15,790,N/A
2011,8,22,3,30,0,0,0,0.14300000000000002,0.30000000000000004,96.67,15,790,N/A
2011,8,22,4,0,0,0,0,0.14300000000000002,0.2,98.12,15,790,N/A
2011,8,22,4,30,0,0,0,0.14300000000000002,0.2,98.13,15,790,N/A
2011,8,22,5,0,0,0,0,0.14300000000000002,0.2,99.71000000000001,15,790,N/A
2011,8,22,5,30,0,0,0,0.14300000000000002,0.5,99.73,16,790,N/A
2011,8,22,6,0,33,240,56,0.14300000000000002,0.8,96.29,17,790,N/A
2011,8,22,6,30,57,441,145,0.14300000000000002,1,90.37,18,790,N/A
2011,8,22,7,0,72,580,248,0.14300000000000002,1.2000000000000002,79.09,19,790,N/A
2011,8,22,7,30,85,669,353,0.14300000000000002,1.2000000000000002,74.35000000000001,20,790,N/A
2011,8,22,8,0,96,726,457,0.14300000000000002,1.4000000000000001,64.46000000000001,22,790,N/A
2011,8,22,8,30,104,773,557,0.14300000000000002,1.4000000000000001,60.64,22,790,N/A
2011,8,22,9,0,118,793,646,0.14300000000000002,1.5,53.13,23,790,N/A
2011,8,22,9,30,124,821,728,0.14300000000000002,1.5,53.120000000000005,24,790,N/A
2011,8,22,10,0,137,826,795,0.14300000000000002,1.5,48.54,25,790,N/A
2011,8,22,10,30,141,842,852,0.14300000000000002,1.5,48.52,25,790,N/A
2011,8,22,11,0,118,893,905,0.14300000000000002,1.5,45.51,26,790,N/A
2011,8,22,11,30,119,899,932,0.14300000000000002,1.5,45.5,26,790,N/A
2011,8,22,12,0,121,900,943,0.14300000000000002,1.6,43.12,26,790,N/A
2011,8,22,12,30,121,899,939,0.14300000000000002,1.7000000000000002,43.11,26,790,N/A
2011,8,22,13,0,118,896,918,0.14300000000000002,1.8,43.1,27,790,N/A
2011,8,22,13,30,447,252,665,0.14300000000000002,1.9000000000000001,43.09,27,790,N/A
2011,8,22,14,0,377,372,681,0.14300000000000002,2,42.550000000000004,27,790,N/A
2011,8,22,14,30,290,445,629,0.14300000000000002,1.9000000000000001,42.54,27,790,N/A
2011,8,22,15,0,80,891,701,0.14300000000000002,1.9000000000000001,41.78,27,790,N/A
2011,8,22,15,30,76,866,614,0.14300000000000002,1.8,41.77,26,790,N/A
2011,8,22,16,0,68,842,519,0.14300000000000002,1.8,40.75,26,790,N/A
2011,8,22,16,30,62,797,416,0.14300000000000002,1.5,43.230000000000004,25,790,N/A
2011,8,22,17,0,54,741,310,0.14300000000000002,1.3,43.34,25,790,N/A
2011,8,22,17,30,45,646,203,0.14300000000000002,0.9,48.85,23,790,N/A
2011,8,22,18,0,45,0,45,0.14300000000000002,0.5,58.32,22,790,N/A
2011,8,22,18,30,9,0,9,0.14300000000000002,0.4,61.99,21,790,N/A
2011,8,22,19,0,0,0,0,0.14300000000000002,0.4,62.28,21,790,N/A
2011,8,22,19,30,0,0,0,0.14300000000000002,0.30000000000000004,62.29,20,790,N/A
2011,8,22,20,0,0,0,0,0.14300000000000002,0.30000000000000004,60.63,20,790,N/A
2011,8,22,20,30,0,0,0,0.14300000000000002,0.2,64.5,19,790,N/A
2011,8,22,21,0,0,0,0,0.14300000000000002,0.2,63.35,19,790,N/A
2011,8,22,21,30,0,0,0,0.14300000000000002,0.2,67.42,19,790,N/A
2011,8,22,22,0,0,0,0,0.14300000000000002,0.30000000000000004,66.72,19,790,N/A
2011,8,22,22,30,0,0,0,0.14300000000000002,0.30000000000000004,66.72,18,790,N/A
2011,8,22,23,0,0,0,0,0.14300000000000002,0.4,65.97,18,790,N/A
2011,8,22,23,30,0,0,0,0.14300000000000002,0.5,70.25,17,790,N/A
2011,8,23,0,0,0,0,0,0.14300000000000002,0.6000000000000001,69.38,17,790,N/A
2011,8,23,0,30,0,0,0,0.14300000000000002,0.7000000000000001,73.9,16,790,N/A
2011,8,23,1,0,0,0,0,0.14300000000000002,0.8,72.94,16,790,N/A
2011,8,23,1,30,0,0,0,0.14300000000000002,0.8,77.74,16,790,N/A
2011,8,23,2,0,0,0,0,0.14300000000000002,0.9,76.59,16,790,N/A
2011,8,23,2,30,0,0,0,0.14300000000000002,0.9,76.58,15,790,N/A
2011,8,23,3,0,0,0,0,0.14300000000000002,1,75.04,15,790,N/A
2011,8,23,3,30,0,0,0,0.14300000000000002,1,80.03,15,790,N/A
2011,8,23,4,0,0,0,0,0.14300000000000002,1,78.13,15,790,N/A
2011,8,23,4,30,0,0,0,0.14300000000000002,1,78.14,14,790,N/A
2011,8,23,5,0,0,0,0,0.14300000000000002,1,76.5,14,790,N/A
2011,8,23,5,30,0,0,0,0.14300000000000002,1.3,67.3,16,790,N/A
2011,8,23,6,0,26,371,61,0.14300000000000002,1.7000000000000002,60.14,18,790,N/A
2011,8,23,6,30,42,574,155,0.14300000000000002,1.6,53.11,20,790,N/A
2011,8,23,7,0,53,691,261,0.14300000000000002,1.6,44.28,22,790,N/A
2011,8,23,7,30,62,769,369,0.14300000000000002,1.5,39.25,24,790,N/A
2011,8,23,8,0,69,821,475,0.14300000000000002,1.4000000000000001,32.69,27,790,N/A
2011,8,23,8,30,74,861,576,0.14300000000000002,1.3,30.82,28,790,N/A
2011,8,23,9,0,78,892,669,0.14300000000000002,1.3,28.28,29,790,N/A
2011,8,23,9,30,82,914,752,0.14300000000000002,1.2000000000000002,26.68,29,790,N/A
2011,8,23,10,0,84,932,824,0.14300000000000002,1.1,24.740000000000002,30,790,N/A
2011,8,23,10,30,86,944,881,0.14300000000000002,1.1,24.73,31,790,N/A
2011,8,23,11,0,82,960,926,0.14300000000000002,1.1,22.97,32,790,N/A
2011,8,23,11,30,83,965,954,0.14300000000000002,1.1,22.96,32,790,N/A
2011,8,23,12,0,85,966,965,0.14300000000000002,1.1,21.35,32,790,N/A
2011,8,23,12,30,84,965,960,0.14300000000000002,1.1,21.35,32,780,N/A
2011,8,23,13,0,85,959,938,0.14300000000000002,1.1,21.3,33,780,N/A
2011,8,23,13,30,84,952,902,0.14300000000000002,1,21.29,32,780,N/A
2011,8,23,14,0,85,937,849,0.14300000000000002,1,21.22,32,780,N/A
2011,8,23,14,30,82,922,783,0.14300000000000002,0.9,22.45,32,780,N/A
2011,8,23,15,0,80,899,704,0.14300000000000002,0.8,22.580000000000002,32,780,N/A
2011,8,23,15,30,76,873,614,0.14300000000000002,0.6000000000000001,23.91,31,780,N/A
2011,8,23,16,0,156,587,468,0.14300000000000002,0.5,24.19,31,780,N/A
2011,8,23,16,30,134,520,363,0.14300000000000002,0.30000000000000004,25.63,30,780,N/A
2011,8,23,17,0,104,478,267,0.14300000000000002,0.2,28.34,29,780,N/A
2011,8,23,17,30,49,608,196,0.14300000000000002,0.2,31.84,27,780,N/A
2011,8,23,18,0,42,0,42,0.14300000000000002,0.30000000000000004,42.72,26,780,N/A
2011,8,23,18,30,8,0,8,0.14300000000000002,0.5,45.34,25,790,N/A
2011,8,23,19,0,0,0,0,0.14300000000000002,0.7000000000000001,46.92,25,790,N/A
2011,8,23,19,30,0,0,0,0.14300000000000002,0.8,49.84,24,790,N/A
2011,8,23,20,0,0,0,0,0.14300000000000002,0.9,48.51,23,790,N/A
2011,8,23,20,30,0,0,0,0.14300000000000002,0.9,51.54,22,790,N/A
2011,8,23,21,0,0,0,0,0.14300000000000002,1,51.25,22,790,N/A
2011,8,23,21,30,0,0,0,0.14300000000000002,1,54.480000000000004,21,790,N/A
2011,8,23,22,0,0,0,0,0.14300000000000002,1,54.78,21,790,N/A
2011,8,23,22,30,0,0,0,0.14300000000000002,1,58.25,20,790,N/A
2011,8,23,23,0,0,0,0,0.14300000000000002,1,58.24,20,790,N/A
2011,8,23,23,30,0,0,0,0.14300000000000002,1,61.95,20,790,N/A
2011,8,24,0,0,0,0,0,0.14300000000000002,1,61.6,20,790,N/A
2011,8,24,0,30,0,0,0,0.14300000000000002,1,61.6,19,790,N/A
2011,8,24,1,0,0,0,0,0.14300000000000002,1,61.44,19,790,N/A
2011,8,24,1,30,0,0,0,0.14300000000000002,0.9,61.43,19,790,N/A
2011,8,24,2,0,0,0,0,0.14300000000000002,0.9,60.730000000000004,19,790,N/A
2011,8,24,2,30,0,0,0,0.14300000000000002,0.9,60.730000000000004,19,790,N/A
2011,8,24,3,0,0,0,0,0.14300000000000002,0.9,59.56,19,790,N/A
2011,8,24,3,30,0,0,0,0.14300000000000002,0.9,63.410000000000004,18,790,N/A
2011,8,24,4,0,0,0,0,0.14300000000000002,0.9,62.42,18,790,N/A
2011,8,24,4,30,0,0,0,0.14300000000000002,0.9,62.43,18,790,N/A
2011,8,24,5,0,0,0,0,0.14300000000000002,0.9,61.980000000000004,18,790,N/A
2011,8,24,5,30,0,0,0,0.14300000000000002,1,58.25,19,790,N/A
2011,8,24,6,0,26,358,59,0.14300000000000002,1.2000000000000002,57.36,20,790,N/A
2011,8,24,6,30,43,563,152,0.14300000000000002,1.3,53.95,22,790,N/A
2011,8,24,7,0,54,684,258,0.14300000000000002,1.5,44.5,24,790,N/A
2011,8,24,7,30,62,763,366,0.14300000000000002,1.7000000000000002,39.49,26,790,N/A
2011,8,24,8,0,69,818,472,0.14300000000000002,1.9000000000000001,32.87,28,790,N/A
2011,8,24,8,30,75,858,573,0.14300000000000002,2,31.01,29,790,N/A
2011,8,24,9,0,80,885,665,0.14300000000000002,2.3000000000000003,28.68,30,790,N/A
2011,8,24,9,30,84,908,748,0.14300000000000002,2.5,27.07,30,790,N/A
2011,8,24,10,0,90,919,818,0.14300000000000002,2.7,25.11,31,790,N/A
2011,8,24,10,30,92,931,875,0.14300000000000002,2.8000000000000003,25.1,31,790,N/A
2011,8,24,11,0,96,937,917,0.14300000000000002,2.9000000000000004,23.28,32,790,N/A
2011,8,24,11,30,475,117,580,0.14300000000000002,2.9000000000000004,23.27,32,790,N/A
2011,8,24,12,0,435,54,484,0.14300000000000002,2.9000000000000004,23,32,790,N/A
2011,8,24,12,30,469,386,819,0.14300000000000002,2.9000000000000004,22.990000000000002,32,790,N/A
2011,8,24,13,0,453,401,809,0.14300000000000002,2.9000000000000004,22.73,32,790,N/A
2011,8,24,13,30,414,406,763,0.14300000000000002,2.9000000000000004,24.05,32,790,N/A
2011,8,24,14,0,415,109,503,0.14300000000000002,3,24.080000000000002,32,790,N/A
2011,8,24,14,30,277,22,294,0.14300000000000002,3,25.490000000000002,31,790,N/A
2011,8,24,15,0,315,61,357,0.14300000000000002,3.1,25.75,31,790,N/A
2011,8,24,15,30,286,90,341,0.14300000000000002,3.1,27.27,30,790,N/A
2011,8,24,16,0,243,190,343,0.14300000000000002,3.2,27.6,29,790,N/A
2011,8,24,16,30,184,72,216,0.14300000000000002,2.7,29.25,28,790,N/A
2011,8,24,17,0,136,212,208,0.14300000000000002,2.2,35.67,27,790,N/A
2011,8,24,17,30,91,126,120,0.14300000000000002,1.8,40.14,25,790,N/A
2011,8,24,18,0,47,78,57,0.14300000000000002,1.4000000000000001,55.46,24,790,N/A
2011,8,24,18,30,10,0,10,0.14300000000000002,1.4000000000000001,58.93,23,790,N/A
2011,8,24,19,0,0,0,0,0.14300000000000002,1.4000000000000001,60.24,22,790,N/A
2011,8,24,19,30,0,0,0,0.14300000000000002,1.2000000000000002,64.08,21,790,N/A
2011,8,24,20,0,0,0,0,0.14300000000000002,1,63.46,20,790,N/A
2011,8,24,20,30,0,0,0,0.14300000000000002,0.9,63.480000000000004,20,790,N/A
2011,8,24,21,0,0,0,0,0.14300000000000002,0.9,60.53,20,790,N/A
2011,8,24,21,30,0,0,0,0.14300000000000002,2.1,64.41,19,790,N/A
2011,8,24,22,0,0,0,0,0.14300000000000002,3.3000000000000003,67.19,18,790,N/A
2011,8,24,22,30,0,0,0,0.14300000000000002,3.9000000000000004,71.56,17,790,N/A
2011,8,24,23,0,0,0,0,0.14300000000000002,4.5,69.58,17,790,N/A
2011,8,24,23,30,0,0,0,0.14300000000000002,4.3,74.12,17,790,N/A
2011,8,25,0,0,0,0,0,0.14300000000000002,4.2,75.16,17,790,N/A
2011,8,25,0,30,0,0,0,0.14300000000000002,3.9000000000000004,75.14,16,790,N/A
2011,8,25,1,0,0,0,0,0.14300000000000002,3.6,77.06,16,790,N/A
2011,8,25,1,30,0,0,0,0.14300000000000002,3.1,82.12,16,790,N/A
2011,8,25,2,0,0,0,0,0.14300000000000002,2.7,83.98,16,790,N/A
2011,8,25,2,30,0,0,0,0.14300000000000002,2.4000000000000004,83.98,15,790,N/A
2011,8,25,3,0,0,0,0,0.14300000000000002,2.2,85.26,15,790,N/A
2011,8,25,3,30,0,0,0,0.14300000000000002,2,85.27,15,790,N/A
2011,8,25,4,0,0,0,0,0.14300000000000002,1.8,85.24,15,790,N/A
2011,8,25,4,30,0,0,0,0.14300000000000002,1.7000000000000002,85.25,15,790,N/A
2011,8,25,5,0,0,0,0,0.14300000000000002,1.7000000000000002,84.25,15,790,N/A
2011,8,25,5,30,0,0,0,0.14300000000000002,2.1,79.06,16,790,N/A
2011,8,25,6,0,2,0,2,0.14300000000000002,2.6,70.09,18,790,N/A
2011,8,25,6,30,7,0,7,0.14300000000000002,2.4000000000000004,65.86,19,790,N/A
2011,8,25,7,0,119,116,153,0.14300000000000002,2.3000000000000003,56.76,21,790,N/A
2011,8,25,7,30,18,0,18,0.14300000000000002,2.4000000000000004,50.28,23,790,N/A
2011,8,25,8,0,219,107,272,0.14300000000000002,2.5,40.04,26,790,N/A
2011,8,25,8,30,183,12,190,0.14300000000000002,2.5,37.74,26,790,N/A
2011,8,25,9,0,213,15,223,0.14300000000000002,2.5,33.62,27,790,N/A
2011,8,25,9,30,142,7,148,0.14300000000000002,2.5,33.62,27,790,N/A
2011,8,25,10,0,206,13,217,0.14300000000000002,2.6,30.75,28,790,N/A
2011,8,25,10,30,427,273,656,0.14300000000000002,2.6,30.740000000000002,28,790,N/A
2011,8,25,11,0,415,387,754,0.14300000000000002,2.6,28.34,29,790,N/A
2011,8,25,11,30,113,918,936,0.14300000000000002,2.6,28.330000000000002,29,790,N/A
2011,8,25,12,0,116,916,946,0.14300000000000002,2.6,27.78,29,790,N/A
2011,8,25,12,30,116,914,941,0.14300000000000002,2.5,27.77,29,790,N/A
2011,8,25,13,0,116,908,919,0.14300000000000002,2.5,27.64,29,790,N/A
2011,8,25,13,30,114,900,881,0.14300000000000002,2.5,29.28,29,790,N/A
2011,8,25,14,0,98,910,834,0.14300000000000002,2.5,29.45,29,790,N/A
2011,8,25,14,30,95,894,768,0.14300000000000002,2.5,29.45,28,790,N/A
2011,8,25,15,0,92,869,689,0.14300000000000002,2.5,30,28,790,N/A
2011,8,25,15,30,87,840,600,0.14300000000000002,2.5,31.8,27,790,N/A
2011,8,25,16,0,82,799,501,0.14300000000000002,2.5,32.74,27,790,N/A
2011,8,25,16,30,75,746,397,0.14300000000000002,2.2,34.72,26,790,N/A
2011,8,25,17,0,67,666,289,0.14300000000000002,2,41.4,25,790,N/A
2011,8,25,17,30,54,556,183,0.14300000000000002,1.5,46.67,24,790,N/A
2011,8,25,18,0,37,382,86,0.14300000000000002,1,59.64,23,790,N/A
2011,8,25,18,30,11,98,13,0.14300000000000002,0.9,63.4,22,790,N/A
2011,8,25,19,0,0,0,0,0.14300000000000002,0.9,63.15,21,790,N/A
2011,8,25,19,30,0,0,0,0.14300000000000002,0.9,67.16,20,790,N/A
2011,8,25,20,0,0,0,0,0.14300000000000002,0.9,65.83,20,790,N/A
2011,8,25,20,30,0,0,0,0.14300000000000002,0.9,65.83,20,790,N/A
2011,8,25,21,0,0,0,0,0.14300000000000002,0.9,64.28,20,790,N/A
2011,8,25,21,30,0,0,0,0.14300000000000002,0.9,68.39,20,790,N/A
2011,8,25,22,0,0,0,0,0.14300000000000002,0.9,66.42,20,790,N/A
2011,8,25,22,30,0,0,0,0.14300000000000002,0.8,66.42,20,790,N/A
2011,8,25,23,0,0,0,0,0.14300000000000002,0.8,64.09,20,790,N/A
2011,8,25,23,30,0,0,0,0.14300000000000002,0.7000000000000001,64.09,19,790,N/A
2011,8,26,0,0,0,0,0,0.14300000000000002,0.7000000000000001,62.910000000000004,19,790,N/A
2011,8,26,0,30,0,0,0,0.14300000000000002,0.6000000000000001,62.910000000000004,19,790,N/A
2011,8,26,1,0,0,0,0,0.14300000000000002,0.6000000000000001,62.1,19,790,N/A
2011,8,26,1,30,0,0,0,0.14300000000000002,0.6000000000000001,62.1,19,790,N/A
2011,8,26,2,0,0,0,0,0.14300000000000002,0.7000000000000001,61.63,19,790,N/A
2011,8,26,2,30,0,0,0,0.14300000000000002,0.7000000000000001,65.59,19,790,N/A
2011,8,26,3,0,0,0,0,0.14300000000000002,0.8,64.61,19,790,N/A
2011,8,26,3,30,0,0,0,0.14300000000000002,0.8,64.61,18,790,N/A
2011,8,26,4,0,0,0,0,0.14300000000000002,0.8,63.75,18,790,N/A
2011,8,26,4,30,0,0,0,0.14300000000000002,0.8,67.89,18,790,N/A
2011,8,26,5,0,0,0,0,0.14300000000000002,0.8,67.47,18,790,N/A
2011,8,26,5,30,0,0,0,0.14300000000000002,0.7000000000000001,63.370000000000005,18,790,N/A
2011,8,26,6,0,27,307,53,0.14300000000000002,0.7000000000000001,66.95,19,790,N/A
2011,8,26,6,30,47,521,146,0.14300000000000002,0.7000000000000001,62.93,21,790,N/A
2011,8,26,7,0,60,652,251,0.14300000000000002,0.7000000000000001,50.19,23,790,N/A
2011,8,26,7,30,70,737,359,0.14300000000000002,0.9,44.49,24,790,N/A
2011,8,26,8,0,77,797,466,0.14300000000000002,1.2000000000000002,32.93,26,790,N/A
2011,8,26,8,30,84,840,567,0.14300000000000002,1.4000000000000001,31.060000000000002,27,790,N/A
2011,8,26,9,0,89,872,661,0.14300000000000002,1.6,28.26,28,790,N/A
2011,8,26,9,30,93,896,744,0.14300000000000002,1.6,28.26,28,790,N/A
2011,8,26,10,0,98,911,815,0.14300000000000002,1.7000000000000002,26.35,29,790,N/A
2011,8,26,10,30,100,924,872,0.14300000000000002,1.7000000000000002,26.34,29,790,N/A
2011,8,26,11,0,107,925,913,0.14300000000000002,1.8,24.67,30,790,N/A
2011,8,26,11,30,108,930,940,0.14300000000000002,1.9000000000000001,24.66,30,790,N/A
2011,8,26,12,0,110,930,951,0.14300000000000002,2.1,23.14,31,790,N/A
2011,8,26,12,30,109,929,945,0.14300000000000002,2.2,23.13,31,790,N/A
2011,8,26,13,0,109,923,923,0.14300000000000002,2.3000000000000003,23.06,31,790,N/A
2011,8,26,13,30,413,427,777,0.14300000000000002,2.3000000000000003,24.400000000000002,31,790,N/A
2011,8,26,14,0,365,428,711,0.14300000000000002,2.4000000000000004,24.35,31,790,N/A
2011,8,26,14,30,270,509,653,0.14300000000000002,2.4000000000000004,24.34,30,790,N/A
2011,8,26,15,0,14,0,14,0.14300000000000002,2.4000000000000004,24.36,30,790,N/A
2011,8,26,15,30,12,0,12,0.14300000000000002,2.3000000000000003,25.8,29,790,N/A
2011,8,26,16,0,36,0,36,0.14300000000000002,2.2,26.03,29,790,N/A
2011,8,26,16,30,53,0,53,0.14300000000000002,1.9000000000000001,27.580000000000002,28,790,N/A
2011,8,26,17,0,96,0,96,0.14300000000000002,1.6,32.57,27,790,N/A
2011,8,26,17,30,86,75,103,0.14300000000000002,1.2000000000000002,36.64,25,790,N/A
2011,8,26,18,0,43,26,46,0.14300000000000002,0.8,48.75,24,790,N/A
2011,8,26,18,30,5,0,5,0.14300000000000002,0.8,51.78,23,790,N/A
2011,8,26,19,0,0,0,0,0.14300000000000002,0.9,48.480000000000004,23,790,N/A
2011,8,26,19,30,0,0,0,0.14300000000000002,0.7000000000000001,51.52,22,790,N/A
2011,8,26,20,0,0,0,0,0.14300000000000002,0.6000000000000001,49.120000000000005,22,790,N/A
2011,8,26,20,30,0,0,0,0.14300000000000002,0.5,52.21,21,790,N/A
2011,8,26,21,0,0,0,0,0.14300000000000002,0.4,54.68,21,790,N/A
2011,8,26,21,30,0,0,0,0.14300000000000002,0.6000000000000001,58.14,20,790,N/A
2011,8,26,22,0,0,0,0,0.14300000000000002,0.8,58.84,20,790,N/A
2011,8,26,22,30,0,0,0,0.14300000000000002,0.9,62.6,19,790,N/A
2011,8,26,23,0,0,0,0,0.14300000000000002,1,66.67,18,790,N/A
2011,8,26,23,30,0,0,0,0.14300000000000002,1,70.99,17,790,N/A
2011,8,27,0,0,0,0,0,0.14300000000000002,1.1,70.69,17,790,N/A
2011,8,27,0,30,0,0,0,0.14300000000000002,1.1,75.31,17,790,N/A
2011,8,27,1,0,0,0,0,0.14300000000000002,1.1,75.4,17,790,N/A
2011,8,27,1,30,0,0,0,0.14300000000000002,1.1,75.39,16,790,N/A
2011,8,27,2,0,0,0,0,0.14300000000000002,1.1,75.42,16,790,N/A
2011,8,27,2,30,0,0,0,0.14300000000000002,1.1,80.4,16,790,N/A
2011,8,27,3,0,0,0,0,0.14300000000000002,1.1,80.08,16,790,N/A
2011,8,27,3,30,0,0,0,0.14300000000000002,1,80.08,16,790,N/A
2011,8,27,4,0,0,0,0,0.14300000000000002,1,79.45,16,790,N/A
2011,8,27,4,30,0,0,0,0.14300000000000002,1,79.46000000000001,15,790,N/A
2011,8,27,5,0,0,0,0,0.14300000000000002,1.1,78.91,15,790,N/A
2011,8,27,5,30,0,0,0,0.14300000000000002,1.3,74.04,16,790,N/A
2011,8,27,6,0,30,161,43,0.14300000000000002,1.5,69.35000000000001,18,790,N/A
2011,8,27,6,30,56,360,124,0.14300000000000002,1.7000000000000002,65.16,20,790,N/A
2011,8,27,7,0,91,436,218,0.14300000000000002,1.9000000000000001,53.76,22,790,N/A
2011,8,27,7,30,88,652,343,0.14300000000000002,1.8,47.61,23,790,N/A
2011,8,27,8,0,96,725,449,0.14300000000000002,1.7000000000000002,38.74,25,790,N/A
2011,8,27,8,30,105,773,549,0.14300000000000002,1.5,36.51,26,790,N/A
2011,8,27,9,0,110,811,641,0.14300000000000002,1.4000000000000001,33.64,27,790,N/A
2011,8,27,9,30,116,838,724,0.14300000000000002,1.4000000000000001,33.63,28,790,N/A
2011,8,27,10,0,122,856,794,0.14300000000000002,1.5,31.37,29,790,N/A
2011,8,27,10,30,125,871,851,0.14300000000000002,1.6,31.36,29,790,N/A
2011,8,27,11,0,117,898,897,0.14300000000000002,1.7000000000000002,29.29,30,790,N/A
2011,8,27,11,30,118,904,924,0.14300000000000002,1.8,29.28,30,790,N/A
2011,8,27,12,0,124,898,933,0.14300000000000002,1.9000000000000001,27.34,30,790,N/A
2011,8,27,12,30,123,896,927,0.14300000000000002,1.9000000000000001,27.330000000000002,30,790,N/A
2011,8,27,13,0,124,889,905,0.14300000000000002,2,27.27,30,790,N/A
2011,8,27,13,30,122,880,867,0.14300000000000002,1.9000000000000001,27.26,30,790,N/A
2011,8,27,14,0,99,902,823,0.14300000000000002,1.8,27.37,30,790,N/A
2011,8,27,14,30,314,476,670,0.14300000000000002,1.7000000000000002,28.98,29,790,N/A
2011,8,27,15,0,279,424,567,0.14300000000000002,1.6,29.19,29,790,N/A
2011,8,27,15,30,221,451,493,0.14300000000000002,1.4000000000000001,30.92,28,790,N/A
2011,8,27,16,0,81,795,491,0.14300000000000002,1.2000000000000002,31.37,28,790,N/A
2011,8,27,16,30,170,307,300,0.14300000000000002,0.9,33.25,27,790,N/A
2011,8,27,17,0,131,198,195,0.14300000000000002,0.7000000000000001,36.97,27,790,N/A
2011,8,27,17,30,81,212,129,0.14300000000000002,0.4,39.21,26,790,N/A
2011,8,27,18,0,41,136,58,0.14300000000000002,0.2,45.88,26,790,N/A
2011,8,27,18,30,0,0,0,0.14300000000000002,0.30000000000000004,48.7,25,790,N/A
2011,8,27,19,0,0,0,0,0.14300000000000002,0.5,48.2,25,790,N/A
2011,8,27,19,30,0,0,0,0.14300000000000002,0.6000000000000001,51.19,24,790,N/A
2011,8,27,20,0,0,0,0,0.14300000000000002,0.7000000000000001,52.120000000000005,24,790,N/A
2011,8,27,20,30,0,0,0,0.14300000000000002,0.7000000000000001,52.11,23,790,N/A
2011,8,27,21,0,0,0,0,0.14300000000000002,0.7000000000000001,51.22,23,790,N/A
2011,8,27,21,30,0,0,0,0.14300000000000002,0.6000000000000001,54.4,22,790,N/A
2011,8,27,22,0,0,0,0,0.14300000000000002,0.6000000000000001,53.94,22,790,N/A
2011,8,27,22,30,0,0,0,0.14300000000000002,0.6000000000000001,57.32,22,790,N/A
2011,8,27,23,0,0,0,0,0.14300000000000002,0.6000000000000001,58.120000000000005,22,790,N/A
2011,8,27,23,30,0,0,0,0.14300000000000002,0.6000000000000001,61.800000000000004,21,790,N/A
2011,8,28,0,0,0,0,0,0.14300000000000002,0.7000000000000001,62.550000000000004,21,790,N/A
2011,8,28,0,30,0,0,0,0.14300000000000002,0.6000000000000001,62.54,20,790,N/A
2011,8,28,1,0,0,0,0,0.14300000000000002,0.6000000000000001,63.04,20,790,N/A
2011,8,28,1,30,0,0,0,0.14300000000000002,0.6000000000000001,67.06,19,790,N/A
2011,8,28,2,0,0,0,0,0.14300000000000002,0.6000000000000001,67.02,19,790,N/A
2011,8,28,2,30,0,0,0,0.14300000000000002,0.6000000000000001,71.33,19,790,N/A
2011,8,28,3,0,0,0,0,0.14300000000000002,0.6000000000000001,70.35000000000001,19,790,N/A
2011,8,28,3,30,0,0,0,0.14300000000000002,0.5,70.34,18,790,N/A
2011,8,28,4,0,0,0,0,0.14300000000000002,0.5,68.60000000000001,18,790,N/A
2011,8,28,4,30,0,0,0,0.14300000000000002,0.4,68.60000000000001,18,790,N/A
2011,8,28,5,0,0,0,0,0.14300000000000002,0.4,67.49,18,790,N/A
2011,8,28,5,30,0,0,0,0.14300000000000002,0.4,67.5,18,790,N/A
2011,8,28,6,0,26,267,48,0.14300000000000002,0.5,67.46000000000001,19,790,N/A
2011,8,28,6,30,47,486,138,0.14300000000000002,0.8,63.410000000000004,20,790,N/A
2011,8,28,7,0,60,629,242,0.14300000000000002,1.2000000000000002,52.620000000000005,22,790,N/A
2011,8,28,7,30,71,716,349,0.14300000000000002,1.6,49.53,23,790,N/A
2011,8,28,8,0,79,777,454,0.14300000000000002,2,39.06,25,790,N/A
2011,8,28,8,30,85,821,555,0.14300000000000002,2.2,36.81,26,790,N/A
2011,8,28,9,0,88,859,648,0.14300000000000002,2.4000000000000004,34.47,27,790,N/A
2011,8,28,9,30,92,884,731,0.14300000000000002,2.4000000000000004,32.51,28,790,N/A
2011,8,28,10,0,94,906,803,0.14300000000000002,2.4000000000000004,30.7,29,790,N/A
2011,8,28,10,30,96,919,860,0.14300000000000002,2.3000000000000003,30.69,29,790,N/A
2011,8,28,11,0,88,944,906,0.14300000000000002,2.3000000000000003,28.64,30,790,N/A
2011,8,28,11,30,89,949,933,0.14300000000000002,2.3000000000000003,28.62,30,790,N/A
2011,8,28,12,0,90,949,943,0.14300000000000002,2.3000000000000003,26.650000000000002,31,780,N/A
2011,8,28,12,30,90,948,938,0.14300000000000002,2.3000000000000003,26.64,31,780,N/A
2011,8,28,13,0,92,940,915,0.14300000000000002,2.3000000000000003,26.2,31,780,N/A
2011,8,28,13,30,432,277,666,0.14300000000000002,2.3000000000000003,26.19,31,780,N/A
2011,8,28,14,0,411,122,509,0.14300000000000002,2.4000000000000004,25.78,31,780,N/A
2011,8,28,14,30,371,109,452,0.14300000000000002,2.3000000000000003,27.29,31,780,N/A
2011,8,28,15,0,324,91,386,0.14300000000000002,2.3000000000000003,27.080000000000002,31,780,N/A
2011,8,28,15,30,269,311,455,0.14300000000000002,2.2,28.68,30,780,N/A
2011,8,28,16,0,198,414,410,0.14300000000000002,2.1,29.080000000000002,29,780,N/A
2011,8,28,16,30,104,611,361,0.14300000000000002,1.7000000000000002,30.810000000000002,28,780,N/A
2011,8,28,17,0,125,244,204,0.14100000000000001,1.4000000000000001,37.75,28,780,N/A
2011,8,28,17,30,61,0,61,0.14100000000000001,1,40.04,26,780,N/A
2011,8,28,18,0,26,0,26,0.14100000000000001,0.7000000000000001,54.160000000000004,25,780,N/A
2011,8,28,18,30,0,0,0,0.14100000000000001,0.6000000000000001,57.5,24,780,N/A
2011,8,28,19,0,0,0,0,0.14100000000000001,0.6000000000000001,61.51,24,780,N/A
2011,8,28,19,30,0,0,0,0.14100000000000001,0.5,65.37,23,780,N/A
2011,8,28,20,0,0,0,0,0.14100000000000001,0.5,65.93,23,780,N/A
2011,8,28,20,30,0,0,0,0.14100000000000001,0.6000000000000001,70.07000000000001,22,780,N/A
2011,8,28,21,0,0,0,0,0.14100000000000001,0.7000000000000001,69.16,21,780,N/A
2011,8,28,21,30,0,0,0,0.14100000000000001,0.8,73.53,20,780,N/A
2011,8,28,22,0,0,0,0,0.14100000000000001,0.9,70.99,20,780,N/A
2011,8,28,22,30,0,0,0,0.14100000000000001,0.9,75.51,19,780,N/A
2011,8,28,23,0,0,0,0,0.14100000000000001,1,77.16,19,780,N/A
2011,8,28,23,30,0,0,0,0.14100000000000001,1,82.18,18,780,N/A
2011,8,29,0,0,0,0,0,0.14100000000000001,1.1,80.96000000000001,18,780,N/A
2011,8,29,0,30,0,0,0,0.14100000000000001,1.2000000000000002,80.98,17,780,N/A
2011,8,29,1,0,0,0,0,0.14100000000000001,1.3,81.03,17,780,N/A
2011,8,29,1,30,0,0,0,0.14100000000000001,1.6,86.34,16,780,N/A
2011,8,29,2,0,0,0,0,0.14100000000000001,1.9000000000000001,86.87,16,780,N/A
2011,8,29,2,30,0,0,0,0.14100000000000001,2.3000000000000003,92.60000000000001,16,780,N/A
2011,8,29,3,0,0,0,0,0.14100000000000001,2.8000000000000003,92.89,16,780,N/A
2011,8,29,3,30,0,0,0,0.14100000000000001,2.8000000000000003,92.89,15,780,N/A
2011,8,29,4,0,0,0,0,0.14100000000000001,2.9000000000000004,92.23,15,790,N/A
2011,8,29,4,30,0,0,0,0.14100000000000001,2.7,98.38,14,790,N/A
2011,8,29,5,0,0,0,0,0.14100000000000001,2.5,97.08,14,790,N/A
2011,8,29,5,30,0,0,0,0.14100000000000001,2.6,91.04,15,790,N/A
2011,8,29,6,0,25,298,48,0.14100000000000001,2.7,86.01,16,790,N/A
2011,8,29,6,30,44,524,140,0.14100000000000001,2.5,75.82000000000001,18,790,N/A
2011,8,29,7,0,56,665,247,0.14100000000000001,2.3000000000000003,60.67,20,790,N/A
2011,8,29,7,30,66,751,356,0.14100000000000001,1.6,53.68,22,790,N/A
2011,8,29,8,0,72,815,464,0.14100000000000001,1,41.53,24,790,N/A
2011,8,29,8,30,77,857,566,0.14100000000000001,0.9,39.13,25,790,N/A
2011,8,29,9,0,81,891,660,0.14100000000000001,0.9,35.480000000000004,27,790,N/A
2011,8,29,9,30,85,914,743,0.14100000000000001,1.4000000000000001,33.45,27,790,N/A
2011,8,29,10,0,88,931,815,0.14100000000000001,2,31.080000000000002,28,790,N/A
2011,8,29,10,30,90,943,872,0.14100000000000001,2.4000000000000004,31.07,28,780,N/A
2011,8,29,11,0,94,947,913,0.14100000000000001,2.9000000000000004,29.03,29,780,N/A
2011,8,29,11,30,95,952,940,0.14100000000000001,3.2,29.02,29,780,N/A
2011,8,29,12,0,97,951,949,0.14100000000000001,3.5,27.03,30,780,N/A
2011,8,29,12,30,97,949,943,0.14100000000000001,3.6,27.02,30,780,N/A
2011,8,29,13,0,97,944,920,0.14100000000000001,3.8000000000000003,26.650000000000002,31,780,N/A
2011,8,29,13,30,95,937,883,0.14100000000000001,3.7,26.64,31,780,N/A
2011,8,29,14,0,83,942,833,0.14100000000000001,3.7,26.060000000000002,31,780,N/A
2011,8,29,14,30,312,450,645,0.14100000000000001,3.6,26.05,30,780,N/A
2011,8,29,15,0,333,167,445,0.14100000000000001,3.6,25,30,780,N/A
2011,8,29,15,30,261,338,462,0.14100000000000001,3.4000000000000004,26.47,29,780,N/A
2011,8,29,16,0,221,286,367,0.14100000000000001,3.3000000000000003,25.580000000000002,29,780,N/A
2011,8,29,16,30,165,317,297,0.14100000000000001,2.8000000000000003,27.1,28,780,N/A
2011,8,29,17,0,111,356,224,0.14100000000000001,2.3000000000000003,29.48,27,780,N/A
2011,8,29,17,30,80,167,116,0.14100000000000001,1.6,35.21,25,780,N/A
2011,8,29,18,0,38,101,49,0.14100000000000001,1,49.56,23,780,N/A
2011,8,29,18,30,0,0,0,0.14100000000000001,1,52.69,22,780,N/A
2011,8,29,19,0,0,0,0,0.14100000000000001,1,52.51,21,780,N/A
2011,8,29,19,30,0,0,0,0.14100000000000001,0.9,55.85,21,780,N/A
2011,8,29,20,0,0,0,0,0.14100000000000001,0.9,55.09,21,780,N/A
2011,8,29,20,30,0,0,0,0.14100000000000001,0.8,55.09,20,780,N/A
2011,8,29,21,0,0,0,0,0.14100000000000001,0.7000000000000001,54.86,20,780,N/A
2011,8,29,21,30,0,0,0,0.14100000000000001,0.6000000000000001,58.370000000000005,20,780,N/A
2011,8,29,22,0,0,0,0,0.14100000000000001,0.5,57.4,20,780,N/A
2011,8,29,22,30,0,0,0,0.14100000000000001,0.30000000000000004,57.4,19,780,N/A
2011,8,29,23,0,0,0,0,0.14100000000000001,0.2,56.68,19,780,N/A
2011,8,29,23,30,0,0,0,0.14100000000000001,0.1,60.33,18,780,N/A
2011,8,30,0,0,0,0,0,0.14100000000000001,0.1,60,18,780,N/A
2011,8,30,0,30,0,0,0,0.14100000000000001,0.1,63.9,18,780,N/A
2011,8,30,1,0,0,0,0,0.14100000000000001,0.1,63.59,18,780,N/A
2011,8,30,1,30,0,0,0,0.14100000000000001,0.2,63.59,17,780,N/A
2011,8,30,2,0,0,0,0,0.14100000000000001,0.30000000000000004,63.07,17,780,N/A
2011,8,30,2,30,0,0,0,0.14100000000000001,0.4,67.2,17,780,N/A
2011,8,30,3,0,0,0,0,0.14100000000000001,0.5,67.04,17,780,N/A
2011,8,30,3,30,0,0,0,0.14100000000000001,0.6000000000000001,67.04,16,780,N/A
2011,8,30,4,0,0,0,0,0.14100000000000001,0.8,66.85,16,780,N/A
2011,8,30,4,30,0,0,0,0.14100000000000001,0.9,71.27,16,780,N/A
2011,8,30,5,0,0,0,0,0.14100000000000001,1,70.96000000000001,16,780,N/A
2011,8,30,5,30,0,0,0,0.14100000000000001,1,66.58,17,780,N/A
2011,8,30,6,0,23,307,47,0.14100000000000001,1,65.28,18,780,N/A
2011,8,30,6,30,42,534,139,0.14100000000000001,1.3,57.660000000000004,20,780,N/A
2011,8,30,7,0,54,668,244,0.14100000000000001,1.6,47.28,22,780,N/A
2011,8,30,7,30,64,754,353,0.14100000000000001,1.6,44.51,23,780,N/A
2011,8,30,8,0,71,811,460,0.14100000000000001,1.6,35.4,25,780,N/A
2011,8,30,8,30,77,854,562,0.14100000000000001,1.8,33.37,26,780,N/A
2011,8,30,9,0,82,886,656,0.14100000000000001,2,29.48,27,780,N/A
2011,8,30,9,30,86,911,740,0.14100000000000001,2.2,27.810000000000002,28,780,N/A
2011,8,30,10,0,89,930,812,0.14100000000000001,2.4000000000000004,25.37,29,780,N/A
2011,8,30,10,30,91,943,870,0.14100000000000001,2.5,25.36,29,780,N/A
2011,8,30,11,0,86,963,916,0.14100000000000001,2.7,23.13,30,780,N/A
2011,8,30,11,30,87,968,943,0.14100000000000001,2.8000000000000003,23.12,30,780,N/A
2011,8,30,12,0,87,971,955,0.14100000000000001,3,20.91,31,780,N/A
2011,8,30,12,30,87,971,949,0.14100000000000001,3.1,20.91,31,780,N/A
2011,8,30,13,0,457,120,562,0.14100000000000001,3.2,19.97,31,780,N/A
2011,8,30,13,30,418,144,539,0.14100000000000001,3.3000000000000003,19.96,31,780,N/A
2011,8,30,14,0,358,437,704,0.14100000000000001,3.4000000000000004,18.97,31,780,N/A
2011,8,30,14,30,268,515,648,0.14100000000000001,3.3000000000000003,20.07,31,780,N/A
2011,8,30,15,0,70,929,691,0.14100000000000001,3.3000000000000003,19.150000000000002,31,780,N/A
2011,8,30,15,30,67,903,600,0.14100000000000001,3.1,20.27,30,780,N/A
2011,8,30,16,0,63,867,500,0.14100000000000001,3,19.37,30,780,N/A
2011,8,30,16,30,57,819,393,0.14100000000000001,2.4000000000000004,20.52,29,780,N/A
2011,8,30,17,0,51,740,282,0.14100000000000001,1.8,23.77,28,780,N/A
2011,8,30,17,30,41,629,173,0.14100000000000001,1.4000000000000001,28.38,25,780,N/A
2011,8,30,18,0,27,438,73,0.14100000000000001,1,41.31,23,780,N/A
2011,8,30,18,30,0,0,0,0.14100000000000001,1,43.92,22,780,N/A
2011,8,30,19,0,0,0,0,0.14100000000000001,1.1,41.230000000000004,21,780,N/A
2011,8,30,19,30,0,0,0,0.14100000000000001,1.1,43.85,21,780,N/A
2011,8,30,20,0,0,0,0,0.14100000000000001,1.1,41.56,21,780,N/A
2011,8,30,20,30,0,0,0,0.14100000000000001,1.1,41.56,20,780,N/A
2011,8,30,21,0,0,0,0,0.14100000000000001,1.1,40.03,20,780,N/A
2011,8,30,21,30,0,0,0,0.14100000000000001,0.9,42.59,20,780,N/A
2011,8,30,22,0,0,0,0,0.14100000000000001,0.7000000000000001,40.800000000000004,20,780,N/A
2011,8,30,22,30,0,0,0,0.14100000000000001,0.7000000000000001,40.800000000000004,19,780,N/A
2011,8,30,23,0,0,0,0,0.14100000000000001,0.7000000000000001,41.47,19,780,N/A
2011,8,30,23,30,0,0,0,0.14100000000000001,0.8,44.15,18,780,N/A
2011,8,31,0,0,0,0,0,0.14100000000000001,0.9,49.5,18,780,N/A
2011,8,31,0,30,0,0,0,0.14100000000000001,0.8,49.5,17,780,N/A
2011,8,31,1,0,0,0,0,0.14100000000000001,0.8,51.1,17,780,N/A
2011,8,31,1,30,0,0,0,0.14100000000000001,0.8,51.1,17,780,N/A
2011,8,31,2,0,0,0,0,0.14100000000000001,0.8,52.27,17,780,N/A
2011,8,31,2,30,0,0,0,0.14100000000000001,0.8,52.27,17,780,N/A
2011,8,31,3,0,0,0,0,0.14100000000000001,0.8,52.69,17,780,N/A
2011,8,31,3,30,0,0,0,0.14100000000000001,0.8,56.13,17,780,N/A
2011,8,31,4,0,0,0,0,0.14100000000000001,0.9,55.39,17,780,N/A
2011,8,31,4,30,0,0,0,0.14100000000000001,0.9,55.39,16,780,N/A
2011,8,31,5,0,0,0,0,0.14100000000000001,1,52.94,16,780,N/A
2011,8,31,5,30,0,0,0,0.14100000000000001,1.1,49.69,17,780,N/A
2011,8,31,6,0,22,329,46,0.14100000000000001,1.2000000000000002,51.61,18,780,N/A
2011,8,31,6,30,40,563,140,0.14100000000000001,1.1,45.58,20,780,N/A
2011,8,31,7,0,75,509,219,0.14100000000000001,1.1,31.61,23,780,N/A
2011,8,31,7,30,95,593,322,0.14100000000000001,1.7000000000000002,28.060000000000002,25,780,N/A
2011,8,31,8,0,75,811,461,0.14100000000000001,2.3000000000000003,22.150000000000002,27,780,N/A
2011,8,31,8,30,81,853,563,0.14100000000000001,2.9000000000000004,20.91,28,790,N/A
2011,8,31,9,0,92,870,654,0.14100000000000001,3.5,20.09,29,790,N/A
2011,8,31,9,30,97,895,737,0.14100000000000001,3.5,20.09,29,790,N/A
2011,8,31,10,0,104,905,806,0.14100000000000001,3.5,20.06,30,790,N/A
2011,8,31,10,30,107,919,864,0.14100000000000001,3.2,20.06,30,780,N/A
2011,8,31,11,0,104,935,908,0.14100000000000001,2.9000000000000004,19.740000000000002,31,780,N/A
2011,8,31,11,30,105,940,934,0.14100000000000001,2.6,19.73,31,780,N/A
2011,8,31,12,0,107,941,944,0.14100000000000001,2.4000000000000004,20.11,32,780,N/A
2011,8,31,12,30,106,939,938,0.14100000000000001,2.3000000000000003,20.1,32,780,N/A
2011,8,31,13,0,105,935,915,0.14100000000000001,2.2,19.07,32,780,N/A
2011,8,31,13,30,103,926,876,0.14100000000000001,2.3000000000000003,20.17,32,780,N/A
2011,8,31,14,0,91,930,826,0.14100000000000001,2.5,20.06,32,780,N/A
2011,8,31,14,30,88,914,758,0.14100000000000001,2.7,21.23,31,780,N/A
2011,8,31,15,0,83,895,678,0.14100000000000001,3,21.330000000000002,31,780,N/A
2011,8,31,15,30,79,865,587,0.14100000000000001,3.2,22.59,30,780,N/A
2011,8,31,16,0,92,769,477,0.14100000000000001,3.5,22.86,29,780,N/A
2011,8,31,16,30,73,735,372,0.14100000000000001,3.2,24.23,28,780,N/A
2011,8,31,17,0,44,0,44,0.14100000000000001,3,26.79,27,780,N/A
2011,8,31,17,30,74,34,81,0.14100000000000001,2.1,32,25,780,N/A
2011,8,31,18,0,32,3,33,0.14100000000000001,1.3,42.51,23,780,N/A
2011,8,31,18,30,0,0,0,0.14100000000000001,1.2000000000000002,45.2,22,780,N/A
2011,8,31,19,0,0,0,0,0.14100000000000001,1.1,50.160000000000004,21,780,N/A
2011,8,31,19,30,0,0,0,0.14100000000000001,1,53.370000000000005,20,780,N/A
2011,8,31,20,0,0,0,0,0.14100000000000001,1,55.19,19,790,N/A
2011,8,31,20,30,0,0,0,0.14100000000000001,0.8,58.75,18,790,N/A
2011,8,31,21,0,0,0,0,0.14100000000000001,0.7000000000000001,60.25,18,790,N/A
2011,8,31,21,30,0,0,0,0.14100000000000001,0.6000000000000001,60.26,18,790,N/A
2011,8,31,22,0,0,0,0,0.14100000000000001,0.6000000000000001,58.99,18,790,N/A
2011,8,31,22,30,0,0,0,0.14100000000000001,0.7000000000000001,62.83,17,790,N/A
2011,8,31,23,0,0,0,0,0.14100000000000001,0.8,63.01,17,790,N/A
2011,8,31,23,30,0,0,0,0.14100000000000001,0.8,67.13,16,790,N/A
2011,9,1,0,0,0,0,0,0.14100000000000001,0.9,66.96000000000001,16,790,N/A
2011,9,1,0,30,0,0,0,0.14100000000000001,0.9,66.96000000000001,16,790,N/A
2011,9,1,1,0,0,0,0,0.14100000000000001,0.9,66.74,16,790,N/A
2011,9,1,1,30,0,0,0,0.14100000000000001,0.9,71.14,16,790,N/A
2011,9,1,2,0,0,0,0,0.14100000000000001,0.9,70.57000000000001,16,790,N/A
2011,9,1,2,30,0,0,0,0.14100000000000001,0.9,70.57000000000001,15,790,N/A
2011,9,1,3,0,0,0,0,0.14100000000000001,0.9,70.24,15,790,N/A
2011,9,1,3,30,0,0,0,0.14100000000000001,0.9,74.92,15,790,N/A
2011,9,1,4,0,0,0,0,0.14100000000000001,0.9,75.88,15,790,N/A
2011,9,1,4,30,0,0,0,0.14100000000000001,1,75.89,14,790,N/A
2011,9,1,5,0,0,0,0,0.14100000000000001,1.1,76.81,14,790,N/A
2011,9,1,5,30,0,0,0,0.14100000000000001,1.5,72.03,15,790,N/A
2011,9,1,6,0,9,0,9,0.14100000000000001,2,63.43,17,790,N/A
2011,9,1,6,30,31,0,31,0.14100000000000001,2.1,59.57,18,790,N/A
2011,9,1,7,0,89,399,200,0.14100000000000001,2.3000000000000003,48.49,20,790,N/A
2011,9,1,7,30,86,653,334,0.14100000000000001,1.6,45.6,21,790,N/A
2011,9,1,8,0,99,715,438,0.14100000000000001,1,37.33,23,790,N/A
2011,9,1,8,30,258,252,400,0.14100000000000001,1.4000000000000001,35.15,24,790,N/A
2011,9,1,9,0,214,589,592,0.14100000000000001,1.8,30.47,26,790,N/A
2011,9,1,9,30,122,831,715,0.14100000000000001,2.1,30.47,27,790,N/A
2011,9,1,10,0,129,847,785,0.14100000000000001,2.5,28.41,28,790,N/A
2011,9,1,10,30,133,863,841,0.14100000000000001,2.6,26.79,28,790,N/A
2011,9,1,11,0,104,924,896,0.14100000000000001,2.8000000000000003,25,29,790,N/A
2011,9,1,11,30,105,930,923,0.14100000000000001,2.9000000000000004,24.990000000000002,29,790,N/A
2011,9,1,12,0,108,928,932,0.14100000000000001,3,24.63,30,790,N/A
2011,9,1,12,30,108,927,926,0.14100000000000001,3,24.62,30,780,N/A
2011,9,1,13,0,109,918,902,0.14100000000000001,3,22.93,30,780,N/A
2011,9,1,13,30,108,909,863,0.14100000000000001,2.9000000000000004,24.28,30,780,N/A
2011,9,1,14,0,105,896,810,0.14100000000000001,2.9000000000000004,24.01,30,780,N/A
2011,9,1,14,30,102,878,742,0.14100000000000001,2.8000000000000003,24.01,29,780,N/A
2011,9,1,15,0,98,852,661,0.14100000000000001,2.7,23.91,29,780,N/A
2011,9,1,15,30,228,432,480,0.14100000000000001,2.5,25.34,28,780,N/A
2011,9,1,16,0,221,232,337,0.14100000000000001,2.4000000000000004,25.44,28,780,N/A
2011,9,1,16,30,163,281,277,0.14100000000000001,1.9000000000000001,26.97,27,780,N/A
2011,9,1,17,0,118,238,190,0.14100000000000001,1.5,31.12,26,780,N/A
2011,9,1,17,30,58,400,138,0.14100000000000001,1.1,35.050000000000004,24,780,N/A
2011,9,1,18,0,31,232,54,0.14100000000000001,0.8,48.33,22,780,N/A
2011,9,1,18,30,0,0,0,0.14100000000000001,0.8,51.38,21,780,N/A
2011,9,1,19,0,0,0,0,0.14100000000000001,0.8,51.88,21,780,N/A
2011,9,1,19,30,0,0,0,0.14100000000000001,0.7000000000000001,55.2,20,780,N/A
2011,9,1,20,0,0,0,0,0.14100000000000001,0.7000000000000001,55.14,20,780,N/A
2011,9,1,20,30,0,0,0,0.14100000000000001,0.6000000000000001,58.69,19,780,N/A
2011,9,1,21,0,0,0,0,0.14100000000000001,0.6000000000000001,59.64,18,780,N/A
2011,9,1,21,30,0,0,0,0.14100000000000001,0.8,59.65,18,780,N/A
2011,9,1,22,0,0,0,0,0.14100000000000001,1,61.68,18,790,N/A
2011,9,1,22,30,0,0,0,0.14100000000000001,1.3,61.690000000000005,18,790,N/A
2011,9,1,23,0,0,0,0,0.14100000000000001,1.7000000000000002,63.88,18,790,N/A
2011,9,1,23,30,0,0,0,0.14100000000000001,1.5,68.02,17,790,N/A
2011,9,2,0,0,0,0,0,0.14100000000000001,1.4000000000000001,69.59,17,790,N/A
2011,9,2,0,30,0,0,0,0.14100000000000001,1.3,74.13,16,790,N/A
2011,9,2,1,0,0,0,0,0.14100000000000001,1.3,74.41,16,790,N/A
2011,9,2,1,30,0,0,0,0.14100000000000001,1,74.39,16,790,N/A
2011,9,2,2,0,0,0,0,0.14100000000000001,0.8,74.43,16,780,N/A
2011,9,2,2,30,0,0,0,0.14100000000000001,0.7000000000000001,79.33,16,780,N/A
2011,9,2,3,0,0,0,0,0.14100000000000001,0.6000000000000001,79.16,16,780,N/A
2011,9,2,3,30,0,0,0,0.14100000000000001,0.6000000000000001,79.16,15,780,N/A
2011,9,2,4,0,0,0,0,0.14100000000000001,0.6000000000000001,79.16,15,780,N/A
2011,9,2,4,30,0,0,0,0.14100000000000001,0.6000000000000001,84.44,15,780,N/A
2011,9,2,5,0,0,0,0,0.14100000000000001,0.7000000000000001,84.19,15,780,N/A
2011,9,2,5,30,0,0,0,0.14100000000000001,0.9,78.95,16,790,N/A
2011,9,2,6,0,22,276,41,0.14100000000000001,1.1,74.38,17,790,N/A
2011,9,2,6,30,41,514,130,0.14100000000000001,1.3,65.55,19,790,N/A
2011,9,2,7,0,53,657,235,0.14100000000000001,1.5,53.620000000000005,21,790,N/A
2011,9,2,7,30,62,745,343,0.14100000000000001,1.7000000000000002,47.44,22,790,N/A
2011,9,2,8,0,69,807,450,0.14100000000000001,2,38.93,24,790,N/A
2011,9,2,8,30,75,851,552,0.14100000000000001,2,36.67,25,790,N/A
2011,9,2,9,0,80,883,645,0.14100000000000001,2.1,33.28,26,790,N/A
2011,9,2,9,30,83,907,728,0.14100000000000001,2.1,33.27,27,780,N/A
2011,9,2,10,0,88,922,799,0.14100000000000001,2.1,30.57,28,780,N/A
2011,9,2,10,30,91,935,856,0.14100000000000001,2.1,28.830000000000002,28,780,N/A
2011,9,2,11,0,90,948,899,0.14100000000000001,2.1,26.63,29,780,N/A
2011,9,2,11,30,91,953,926,0.14100000000000001,2.1,26.62,29,780,N/A
2011,9,2,12,0,93,952,935,0.14100000000000001,2.1,26.060000000000002,30,780,N/A
2011,9,2,12,30,93,951,929,0.14100000000000001,2.1,26.05,30,780,N/A
2011,9,2,13,0,93,945,906,0.14100000000000001,2.2,23.97,30,780,N/A
2011,9,2,13,30,92,937,867,0.14100000000000001,2.3000000000000003,23.96,30,780,N/A
2011,9,2,14,0,386,84,452,0.14100000000000001,2.4000000000000004,23.32,30,780,N/A
2011,9,2,14,30,300,469,640,0.14100000000000001,2.5,24.7,30,780,N/A
2011,9,2,15,0,84,885,665,0.14100000000000001,2.7,24.11,30,780,N/A
2011,9,2,15,30,269,242,409,0.14100000000000001,2.8000000000000003,25.54,29,780,N/A
2011,9,2,16,0,74,813,473,0.14100000000000001,3,25.18,29,780,N/A
2011,9,2,16,30,66,757,368,0.14100000000000001,2.8000000000000003,26.7,28,780,N/A
2011,9,2,17,0,95,416,220,0.14100000000000001,2.6,29.830000000000002,27,780,N/A
2011,9,2,17,30,63,340,129,0.14100000000000001,2,33.6,25,780,N/A
2011,9,2,18,0,30,211,49,0.14100000000000001,1.4000000000000001,42.52,23,780,N/A
2011,9,2,18,30,0,0,0,0.14100000000000001,1.4000000000000001,45.19,22,780,N/A
2011,9,2,19,0,0,0,0,0.14100000000000001,1.4000000000000001,47.49,21,780,N/A
2011,9,2,19,30,0,0,0,0.14100000000000001,1.4000000000000001,50.51,20,780,N/A
2011,9,2,20,0,0,0,0,0.14100000000000001,1.4000000000000001,49.910000000000004,20,780,N/A
2011,9,2,20,30,0,0,0,0.14100000000000001,1.4000000000000001,53.09,19,780,N/A
2011,9,2,21,0,0,0,0,0.14100000000000001,1.4000000000000001,52.75,19,780,N/A
2011,9,2,21,30,0,0,0,0.14100000000000001,1.3,56.14,18,780,N/A
2011,9,2,22,0,0,0,0,0.14100000000000001,1.3,55.44,18,780,N/A
2011,9,2,22,30,0,0,0,0.14100000000000001,1.3,55.44,18,780,N/A
2011,9,2,23,0,0,0,0,0.14100000000000001,1.4000000000000001,55.26,18,780,N/A
2011,9,2,23,30,0,0,0,0.14100000000000001,1.4000000000000001,58.84,17,780,N/A
2011,9,3,0,0,0,0,0,0.14100000000000001,1.4000000000000001,59.550000000000004,17,780,N/A
2011,9,3,0,30,0,0,0,0.14100000000000001,1.4000000000000001,59.54,17,780,N/A
2011,9,3,1,0,0,0,0,0.14100000000000001,1.4000000000000001,60.46,17,780,N/A
2011,9,3,1,30,0,0,0,0.14100000000000001,1.4000000000000001,64.41,17,780,N/A
2011,9,3,2,0,0,0,0,0.14100000000000001,1.4000000000000001,64.58,17,780,N/A
2011,9,3,2,30,0,0,0,0.14100000000000001,1.4000000000000001,64.58,16,780,N/A
2011,9,3,3,0,0,0,0,0.14100000000000001,1.4000000000000001,64.39,16,780,N/A
2011,9,3,3,30,0,0,0,0.14100000000000001,1.4000000000000001,68.64,16,780,N/A
2011,9,3,4,0,0,0,0,0.14100000000000001,1.5,67.52,16,780,N/A
2011,9,3,4,30,0,0,0,0.14100000000000001,1.5,67.53,15,780,N/A
2011,9,3,5,0,0,0,0,0.14100000000000001,1.5,65.98,15,780,N/A
2011,9,3,5,30,0,0,0,0.14100000000000001,1.8,61.910000000000004,16,780,N/A
2011,9,3,6,0,22,251,39,0.14100000000000001,2.2,56.480000000000004,17,780,N/A
2011,9,3,6,30,43,495,128,0.14100000000000001,2.1,53.050000000000004,19,780,N/A
2011,9,3,7,0,58,635,232,0.14100000000000001,2,44.37,21,780,N/A
2011,9,3,7,30,68,727,341,0.14100000000000001,1.9000000000000001,39.27,23,780,N/A
2011,9,3,8,0,78,786,447,0.14100000000000001,1.8,31.23,25,780,N/A
2011,9,3,8,30,84,831,548,0.14100000000000001,1.5,29.43,26,780,N/A
2011,9,3,9,0,92,859,640,0.14100000000000001,1.3,25.26,27,780,N/A
2011,9,3,9,30,96,884,722,0.14100000000000001,1,25.26,27,780,N/A
2011,9,3,10,0,104,893,790,0.14100000000000001,0.7000000000000001,23.85,28,780,N/A
2011,9,3,10,30,107,906,847,0.14100000000000001,0.30000000000000004,23.84,28,780,N/A
2011,9,3,11,0,405,401,747,0.14100000000000001,0.1,23.3,29,780,N/A
2011,9,3,11,30,440,405,794,0.14100000000000001,0.4,24.68,29,780,N/A
2011,9,3,12,0,434,65,491,0.14100000000000001,0.8,26.150000000000002,29,780,N/A
2011,9,3,12,30,444,405,798,0.14100000000000001,1.1,27.71,28,780,N/A
2011,9,3,13,0,413,402,758,0.14100000000000001,1.4000000000000001,29.57,28,780,N/A
2011,9,3,13,30,373,45,411,0.14100000000000001,1.4000000000000001,29.560000000000002,27,780,N/A
2011,9,3,14,0,124,4,128,0.14100000000000001,1.5,30.71,27,780,N/A
2011,9,3,14,30,300,445,621,0.14100000000000001,1.4000000000000001,32.55,27,780,N/A
2011,9,3,15,0,228,496,552,0.14100000000000001,1.3,32.81,27,780,N/A
2011,9,3,15,30,258,295,428,0.14100000000000001,1.2000000000000002,34.81,26,780,N/A
2011,9,3,16,0,206,296,351,0.14100000000000001,1.2000000000000002,35.53,25,780,N/A
2011,9,3,16,30,43,0,43,0.14100000000000001,1.2000000000000002,37.72,24,780,N/A
2011,9,3,17,0,103,13,107,0.14100000000000001,1.2000000000000002,44.71,23,780,N/A
2011,9,3,17,30,63,0,63,0.14100000000000001,1.5,50.51,21,780,N/A
2011,9,3,18,0,22,0,22,0.14100000000000001,1.8,64.43,20,780,N/A
2011,9,3,18,30,0,0,0,0.14100000000000001,2.7,73.07000000000001,18,790,N/A
2011,9,3,19,0,0,0,0,0.14100000000000001,3.7,77.06,17,790,N/A
2011,9,3,19,30,0,0,0,0.14100000000000001,4.4,82.18,16,790,N/A
2011,9,3,20,0,0,0,0,0.14100000000000001,5.1000000000000005,78.51,15,790,N/A
2011,9,3,20,30,0,0,0,0.14100000000000001,4.9,83.75,14,790,N/A
2011,9,3,21,0,0,0,0,0.14100000000000001,4.800000000000001,85.48,14,790,N/A
2011,9,3,21,30,0,0,0,0.14100000000000001,4.5,85.49,13,790,N/A
2011,9,3,22,0,0,0,0,0.14100000000000001,4.3,82.59,13,790,N/A
2011,9,3,22,30,0,0,0,0.14100000000000001,4,82.59,13,790,N/A
2011,9,3,23,0,0,0,0,0.14100000000000001,3.8000000000000003,80.58,13,790,N/A
2011,9,3,23,30,0,0,0,0.14100000000000001,3.5,86.02,12,790,N/A
2011,9,4,0,0,0,0,0,0.14100000000000001,3.3000000000000003,85.54,12,790,N/A
2011,9,4,0,30,0,0,0,0.14100000000000001,3.2,85.53,12,790,N/A
2011,9,4,1,0,0,0,0,0.14100000000000001,3.2,84.66,12,790,N/A
2011,9,4,1,30,0,0,0,0.14100000000000001,3.1,84.66,12,790,N/A
2011,9,4,2,0,0,0,0,0.14100000000000001,3,82.83,12,790,N/A
2011,9,4,2,30,0,0,0,0.14100000000000001,3,88.48,12,790,N/A
2011,9,4,3,0,0,0,0,0.14100000000000001,3,85.84,12,790,N/A
2011,9,4,3,30,0,0,0,0.14100000000000001,3,85.85000000000001,11,790,N/A
2011,9,4,4,0,0,0,0,0.14100000000000001,3,82.56,11,790,N/A
2011,9,4,4,30,0,0,0,0.14100000000000001,3.2,88.24,11,790,N/A
2011,9,4,5,0,0,0,0,0.14100000000000001,3.4000000000000004,84.35000000000001,11,790,N/A
2011,9,4,5,30,0,0,0,0.14100000000000001,3.8000000000000003,84.37,11,790,N/A
2011,9,4,6,0,25,133,33,0.14100000000000001,4.2,74.89,11,790,N/A
2011,9,4,6,30,57,358,117,0.14100000000000001,4.4,70.13,12,790,N/A
2011,9,4,7,0,80,508,218,0.14100000000000001,4.6000000000000005,62.61,13,790,N/A
2011,9,4,7,30,96,613,324,0.14100000000000001,4.6000000000000005,58.68,14,790,N/A
2011,9,4,8,0,205,230,313,0.14100000000000001,4.6000000000000005,55.410000000000004,15,790,N/A
2011,9,4,8,30,237,346,429,0.14100000000000001,4.4,51.980000000000004,16,790,N/A
2011,9,4,9,0,310,145,402,0.14100000000000001,4.3,50.84,17,790,N/A
2011,9,4,9,30,337,78,392,0.14100000000000001,4.1000000000000005,47.730000000000004,18,790,N/A
2011,9,4,10,0,391,133,493,0.14100000000000001,3.9000000000000004,46.57,19,790,N/A
2011,9,4,10,30,370,47,409,0.14100000000000001,3.7,43.76,20,790,N/A
2011,9,4,11,0,425,80,493,0.14100000000000001,3.5,41.85,21,790,N/A
2011,9,4,11,30,255,17,270,0.14100000000000001,3.2,41.84,21,790,N/A
2011,9,4,12,0,345,26,368,0.14100000000000001,3,39.68,22,790,N/A
2011,9,4,12,30,136,7,142,0.14100000000000001,2.8000000000000003,39.67,22,790,N/A
2011,9,4,13,0,42,0,42,0.14100000000000001,2.6,39.75,22,790,N/A
2011,9,4,13,30,383,53,428,0.14100000000000001,2.5,39.74,22,790,N/A
2011,9,4,14,0,338,480,711,0.14100000000000001,2.4000000000000004,39.58,22,790,N/A
2011,9,4,14,30,94,895,736,0.14100000000000001,2.4000000000000004,42.06,21,790,N/A
2011,9,4,15,0,88,875,656,0.14100000000000001,2.4000000000000004,41.77,21,790,N/A
2011,9,4,15,30,83,843,564,0.14100000000000001,2.5,44.410000000000004,21,790,N/A
2011,9,4,16,0,76,804,464,0.14100000000000001,2.6,44.13,21,790,N/A
2011,9,4,16,30,68,745,358,0.14100000000000001,2.5,46.95,20,790,N/A
2011,9,4,17,0,20,0,20,0.14100000000000001,2.4000000000000004,47.81,19,790,N/A
2011,9,4,17,30,7,0,7,0.14100000000000001,1.9000000000000001,54.2,17,790,N/A
2011,9,4,18,0,2,0,2,0.14100000000000001,1.4000000000000001,63.22,16,790,N/A
2011,9,4,18,30,0,0,0,0.14100000000000001,1.4000000000000001,67.42,15,790,N/A
2011,9,4,19,0,0,0,0,0.14100000000000001,1.4000000000000001,70.12,14,790,N/A
2011,9,4,19,30,0,0,0,0.14100000000000001,1.6,74.85000000000001,13,790,N/A
2011,9,4,20,0,0,0,0,0.14100000000000001,1.8,71.51,13,790,N/A
2011,9,4,20,30,0,0,0,0.14100000000000001,1.9000000000000001,76.35000000000001,13,790,N/A
2011,9,4,21,0,0,0,0,0.14100000000000001,2.1,72.83,13,790,N/A
2011,9,4,21,30,0,0,0,0.14100000000000001,1.9000000000000001,72.83,12,790,N/A
2011,9,4,22,0,0,0,0,0.14100000000000001,1.8,70.28,12,790,N/A
2011,9,4,22,30,0,0,0,0.14100000000000001,1.6,75.06,11,790,N/A
2011,9,4,23,0,0,0,0,0.14100000000000001,1.5,72.84,11,790,N/A
2011,9,4,23,30,0,0,0,0.14100000000000001,1.4000000000000001,77.85000000000001,10,790,N/A
2011,9,5,0,0,0,0,0,0.14100000000000001,1.3,75.73,10,790,N/A
2011,9,5,0,30,0,0,0,0.14100000000000001,1.3,80.97,9,790,N/A
2011,9,5,1,0,0,0,0,0.14100000000000001,1.3,79.08,9,790,N/A
2011,9,5,1,30,0,0,0,0.14100000000000001,1.2000000000000002,79.07000000000001,9,790,N/A
2011,9,5,2,0,0,0,0,0.14100000000000001,1.2000000000000002,77.59,9,790,N/A
2011,9,5,2,30,0,0,0,0.14100000000000001,1.2000000000000002,83.01,8,790,N/A
2011,9,5,3,0,0,0,0,0.14100000000000001,1.3,81.45,8,790,N/A
2011,9,5,3,30,0,0,0,0.14100000000000001,1.3,81.45,8,790,N/A
2011,9,5,4,0,0,0,0,0.14100000000000001,1.3,80.26,8,790,N/A
2011,9,5,4,30,0,0,0,0.14100000000000001,1.3,85.92,8,790,N/A
2011,9,5,5,0,0,0,0,0.14100000000000001,1.3,84.96000000000001,8,790,N/A
2011,9,5,5,30,0,0,0,0.14100000000000001,1.8,79.37,9,790,N/A
2011,9,5,6,0,20,44,23,0.14100000000000001,2.3000000000000003,69.21000000000001,10,790,N/A
2011,9,5,6,30,60,125,81,0.14100000000000001,2.5,64.76,12,790,N/A
2011,9,5,7,0,102,233,165,0.14100000000000001,2.7,55.26,14,790,N/A
2011,9,5,7,30,146,281,251,0.14100000000000001,2.4000000000000004,51.78,15,790,N/A
2011,9,5,8,0,75,805,450,0.14100000000000001,2.2,47.550000000000004,17,790,N/A
2011,9,5,8,30,82,851,552,0.14100000000000001,2,44.62,18,790,N/A
2011,9,5,9,0,85,888,648,0.14100000000000001,1.8,41.54,19,790,N/A
2011,9,5,9,30,89,913,732,0.14100000000000001,1.7000000000000002,39.03,20,790,N/A
2011,9,5,10,0,91,933,804,0.14100000000000001,1.7000000000000002,35.18,22,790,N/A
2011,9,5,10,30,94,946,861,0.14100000000000001,1.7000000000000002,33.1,23,790,N/A
2011,9,5,11,0,92,961,905,0.14100000000000001,1.7000000000000002,31.09,24,790,N/A
2011,9,5,11,30,93,966,931,0.14100000000000001,1.8,31.080000000000002,25,790,N/A
2011,9,5,12,0,94,966,940,0.14100000000000001,2,28.93,26,790,N/A
2011,9,5,12,30,94,964,932,0.14100000000000001,2.1,28.92,26,790,N/A
2011,9,5,13,0,96,954,907,0.14100000000000001,2.2,26.8,27,790,N/A
2011,9,5,13,30,94,945,866,0.14100000000000001,2.3000000000000003,26.79,27,790,N/A
2011,9,5,14,0,89,936,811,0.14100000000000001,2.5,24.66,27,790,N/A
2011,9,5,14,30,86,919,742,0.14100000000000001,2.5,26.14,26,780,N/A
2011,9,5,15,0,85,889,658,0.14100000000000001,2.6,25.400000000000002,26,780,N/A
2011,9,5,15,30,80,856,565,0.14100000000000001,2.6,26.95,25,780,N/A
2011,9,5,16,0,77,806,462,0.14100000000000001,2.7,26.72,25,780,N/A
2011,9,5,16,30,69,745,355,0.14100000000000001,2.4000000000000004,28.37,24,780,N/A
2011,9,5,17,0,60,649,245,0.14400000000000002,2.2,31.63,23,790,N/A
2011,9,5,17,30,57,330,116,0.14400000000000002,1.6,35.72,21,790,N/A
2011,9,5,18,0,26,162,39,0.14400000000000002,1,48.32,19,790,N/A
2011,9,5,18,30,0,0,0,0.14400000000000002,1,51.45,18,790,N/A
2011,9,5,19,0,0,0,0,0.14400000000000002,1,54.980000000000004,18,790,N/A
2011,9,5,19,30,0,0,0,0.14400000000000002,0.9,58.6,17,790,N/A
2011,9,5,20,0,0,0,0,0.14400000000000002,0.9,58.39,17,790,N/A
2011,9,5,20,30,0,0,0,0.14400000000000002,0.9,62.25,16,790,N/A
2011,9,5,21,0,0,0,0,0.14400000000000002,0.9,61.43,16,790,N/A
2011,9,5,21,30,0,0,0,0.14400000000000002,0.9,65.51,15,790,N/A
2011,9,5,22,0,0,0,0,0.14400000000000002,0.9,64.31,15,790,N/A
2011,9,5,22,30,0,0,0,0.14400000000000002,0.9,64.31,14,790,N/A
2011,9,5,23,0,0,0,0,0.14400000000000002,0.9,63.21,14,790,N/A
2011,9,5,23,30,0,0,0,0.14400000000000002,0.9,67.44,13,790,N/A
2011,9,6,0,0,0,0,0,0.14400000000000002,0.9,66.85,13,790,N/A
2011,9,6,0,30,0,0,0,0.14400000000000002,0.8,66.85,13,790,N/A
2011,9,6,1,0,0,0,0,0.14400000000000002,0.8,66.85,13,790,N/A
2011,9,6,1,30,0,0,0,0.14400000000000002,0.8,71.37,12,790,N/A
2011,9,6,2,0,0,0,0,0.14400000000000002,0.8,72.18,12,790,N/A
2011,9,6,2,30,0,0,0,0.14400000000000002,0.8,72.17,12,790,N/A
2011,9,6,3,0,0,0,0,0.14400000000000002,0.9,73.36,12,790,N/A
2011,9,6,3,30,0,0,0,0.14400000000000002,0.8,73.35000000000001,12,790,N/A
2011,9,6,4,0,0,0,0,0.14400000000000002,0.8,75.19,12,790,N/A
2011,9,6,4,30,0,0,0,0.14400000000000002,0.8,75.18,12,790,N/A
2011,9,6,5,0,0,0,0,0.14400000000000002,0.8,77.38,12,790,N/A
2011,9,6,5,30,0,0,0,0.14400000000000002,0.8,72.49,13,790,N/A
2011,9,6,6,0,8,0,8,0.14400000000000002,0.9,71.73,14,790,N/A
2011,9,6,6,30,31,0,31,0.14400000000000002,1.2000000000000002,67.26,15,790,N/A
2011,9,6,7,0,65,0,65,0.14400000000000002,1.5,64.36,17,790,N/A
2011,9,6,7,30,126,412,278,0.14400000000000002,1.8,56.78,19,790,N/A
2011,9,6,8,0,75,786,439,0.14400000000000002,2.1,50.88,21,790,N/A
2011,9,6,8,30,81,832,540,0.14400000000000002,2.2,47.870000000000005,22,790,N/A
2011,9,6,9,0,88,863,632,0.14400000000000002,2.4000000000000004,43.68,23,790,N/A
2011,9,6,9,30,92,888,715,0.14400000000000002,2.5,43.67,24,790,N/A
2011,9,6,10,0,97,904,784,0.14400000000000002,2.6,39.95,25,790,N/A
2011,9,6,10,30,100,917,840,0.14400000000000002,2.6,39.94,25,790,N/A
2011,9,6,11,0,96,934,884,0.14400000000000002,2.6,36.7,26,790,N/A
2011,9,6,11,30,412,482,829,0.14400000000000002,2.6,36.69,26,790,N/A
2011,9,6,12,0,459,281,705,0.14400000000000002,2.6,33.86,26,790,N/A
2011,9,6,12,30,450,269,684,0.14400000000000002,2.5,33.85,26,790,N/A
2011,9,6,13,0,430,298,682,0.14400000000000002,2.5,33.230000000000004,26,790,N/A
2011,9,6,13,30,133,6,139,0.14400000000000002,2.6,33.230000000000004,26,790,N/A
2011,9,6,14,0,297,26,317,0.14400000000000002,2.7,33.1,26,790,N/A
2011,9,6,14,30,128,4,131,0.14400000000000002,2.7,35.11,25,790,N/A
2011,9,6,15,0,45,0,45,0.14400000000000002,2.8000000000000003,37.87,25,790,N/A
2011,9,6,15,30,36,0,36,0.14400000000000002,2.7,40.22,24,790,N/A
2011,9,6,16,0,194,333,353,0.14400000000000002,2.7,41.42,23,790,N/A
2011,9,6,16,30,152,277,258,0.14400000000000002,2.3000000000000003,44.01,22,790,N/A
2011,9,6,17,0,87,420,205,0.14400000000000002,2,48.96,22,790,N/A
2011,9,6,17,30,44,0,44,0.14400000000000002,1.4000000000000001,52.08,20,790,N/A
2011,9,6,18,0,14,0,14,0.14400000000000002,0.8,61.160000000000004,19,790,N/A
2011,9,6,18,30,0,0,0,0.14400000000000002,0.7000000000000001,65.12,18,790,N/A
2011,9,6,19,0,0,0,0,0.14400000000000002,0.6000000000000001,70.56,18,790,N/A
2011,9,6,19,30,0,0,0,0.14400000000000002,0.6000000000000001,70.57000000000001,17,790,N/A
2011,9,6,20,0,0,0,0,0.14400000000000002,0.6000000000000001,70.88,17,790,N/A
2011,9,6,20,30,0,0,0,0.14400000000000002,0.6000000000000001,75.51,17,790,N/A
2011,9,6,21,0,0,0,0,0.14400000000000002,0.7000000000000001,75.44,17,790,N/A
2011,9,6,21,30,0,0,0,0.14400000000000002,0.7000000000000001,75.43,16,790,N/A
2011,9,6,22,0,0,0,0,0.14400000000000002,0.7000000000000001,74.68,16,790,N/A
2011,9,6,22,30,0,0,0,0.14400000000000002,0.7000000000000001,79.60000000000001,16,790,N/A
2011,9,6,23,0,0,0,0,0.14400000000000002,0.7000000000000001,78.63,16,790,N/A
2011,9,6,23,30,0,0,0,0.14400000000000002,0.7000000000000001,78.63,15,790,N/A
2011,9,7,0,0,0,0,0,0.14400000000000002,0.7000000000000001,78.3,15,790,N/A
2011,9,7,0,30,0,0,0,0.14400000000000002,0.7000000000000001,83.5,15,790,N/A
2011,9,7,1,0,0,0,0,0.14400000000000002,0.7000000000000001,83.83,15,790,N/A
2011,9,7,1,30,0,0,0,0.14400000000000002,0.7000000000000001,83.83,15,790,N/A
2011,9,7,2,0,0,0,0,0.14400000000000002,0.8,84.76,15,790,N/A
2011,9,7,2,30,0,0,0,0.14400000000000002,1,84.77,14,790,N/A
2011,9,7,3,0,0,0,0,0.14400000000000002,1.3,86.18,14,790,N/A
2011,9,7,3,30,0,0,0,0.14400000000000002,1.4000000000000001,86.19,14,790,N/A
2011,9,7,4,0,0,0,0,0.14400000000000002,1.6,87.35000000000001,14,790,N/A
2011,9,7,4,30,0,0,0,0.14400000000000002,1.5,93.21000000000001,14,790,N/A
2011,9,7,5,0,0,0,0,0.14400000000000002,1.5,93.75,14,790,N/A
2011,9,7,5,30,0,0,0,0.14400000000000002,1.5,93.76,14,790,N/A
2011,9,7,6,0,5,0,5,0.14400000000000002,1.6,88.51,15,790,N/A
2011,9,7,6,30,21,0,21,0.14400000000000002,1.3,83,16,790,N/A
2011,9,7,7,0,40,0,40,0.14400000000000002,1.1,71.74,17,790,N/A
2011,9,7,7,30,146,54,166,0.14400000000000002,0.8,67.37,18,790,N/A
2011,9,7,8,0,205,127,264,0.14400000000000002,0.6000000000000001,59.72,20,790,N/A
2011,9,7,8,30,238,325,416,0.14400000000000002,0.8,56.15,20,790,N/A
2011,9,7,9,0,144,5,147,0.14400000000000002,1.1,49.22,21,790,N/A
2011,9,7,9,30,220,15,231,0.14400000000000002,1.2000000000000002,49.22,21,790,N/A
2011,9,7,10,0,262,19,277,0.14400000000000002,1.3,47.44,21,790,N/A
2011,9,7,10,30,167,795,807,0.14400000000000002,1.2000000000000002,50.44,21,790,N/A
2011,9,7,11,0,190,775,841,0.14400000000000002,1.2000000000000002,50.620000000000005,21,790,N/A
2011,9,7,11,30,385,41,421,0.14400000000000002,1,50.620000000000005,20,790,N/A
2011,9,7,12,0,213,753,868,0.14400000000000002,0.9,50.81,20,790,N/A
2011,9,7,12,30,212,752,862,0.14400000000000002,0.6000000000000001,50.81,20,790,N/A
2011,9,7,13,0,207,751,840,0.14400000000000002,0.30000000000000004,49.550000000000004,20,790,N/A
2011,9,7,13,30,161,10,170,0.14400000000000002,1,49.54,20,790,N/A
2011,9,7,14,0,48,0,48,0.14400000000000002,1.8,47.52,20,790,N/A
2011,9,7,14,30,344,95,411,0.14400000000000002,2.3000000000000003,47.52,20,790,N/A
2011,9,7,15,0,27,0,27,0.14400000000000002,2.9000000000000004,46.03,20,790,N/A
2011,9,7,15,30,17,0,17,0.14400000000000002,3.3000000000000003,48.97,19,790,N/A
2011,9,7,16,0,60,0,60,0.14400000000000002,3.7,48.480000000000004,19,790,N/A
2011,9,7,16,30,157,210,236,0.14400000000000002,4.1000000000000005,51.61,18,790,N/A
2011,9,7,17,0,63,0,63,0.14400000000000002,4.5,56.18,17,790,N/A
2011,9,7,17,30,61,35,67,0.14400000000000002,4.5,63.82,15,790,N/A
2011,9,7,18,0,20,0,20,0.14400000000000002,4.6000000000000005,69.41,14,790,N/A
2011,9,7,18,30,0,0,0,0.14400000000000002,4.4,74.09,13,790,N/A
2011,9,7,19,0,0,0,0,0.14400000000000002,4.2,77.42,12,790,N/A
2011,9,7,19,30,0,0,0,0.14400000000000002,3.9000000000000004,82.73,11,790,N/A
2011,9,7,20,0,0,0,0,0.14400000000000002,3.6,80.63,11,790,N/A
2011,9,7,20,30,0,0,0,0.14400000000000002,3.4000000000000004,86.19,10,790,N/A
2011,9,7,21,0,0,0,0,0.14400000000000002,3.2,85.08,10,790,N/A
2011,9,7,21,30,0,0,0,0.14400000000000002,3.2,90.99,9,790,N/A
2011,9,7,22,0,0,0,0,0.14400000000000002,3.2,90.43,9,790,N/A
2011,9,7,22,30,0,0,0,0.14400000000000002,3,96.77,9,790,N/A
2011,9,7,23,0,0,0,0,0.14400000000000002,2.9000000000000004,96.36,9,790,N/A
2011,9,7,23,30,0,0,0,0.14400000000000002,3,96.38,9,790,N/A
2011,9,8,0,0,0,0,0,0.14400000000000002,3.2,95.53,9,790,N/A
2011,9,8,0,30,0,0,0,0.14400000000000002,3.1,95.53,9,790,N/A
2011,9,8,1,0,0,0,0,0.14400000000000002,3.1,93.81,9,790,N/A
2011,9,8,1,30,0,0,0,0.14400000000000002,2.8000000000000003,93.79,9,790,N/A
2011,9,8,2,0,0,0,0,0.14400000000000002,2.6,92.08,9,790,N/A
2011,9,8,2,30,0,0,0,0.14400000000000002,2.4000000000000004,92.06,8,790,N/A
2011,9,8,3,0,0,0,0,0.14400000000000002,2.2,90.68,8,790,N/A
2011,9,8,3,30,0,0,0,0.14400000000000002,2.1,90.68,8,790,N/A
2011,9,8,4,0,0,0,0,0.14400000000000002,2,89.72,8,790,N/A
2011,9,8,4,30,0,0,0,0.14400000000000002,2,89.72,8,790,N/A
2011,9,8,5,0,0,0,0,0.14400000000000002,2.1,89.58,8,790,N/A
2011,9,8,5,30,0,0,0,0.14400000000000002,2.4000000000000004,89.58,8,790,N/A
2011,9,8,6,0,18,21,19,0.14400000000000002,2.8000000000000003,85.24,9,790,N/A
2011,9,8,6,30,57,132,78,0.14400000000000002,3,79.71000000000001,10,790,N/A
2011,9,8,7,0,84,382,184,0.14400000000000002,3.4000000000000004,73.28,12,790,N/A
2011,9,8,7,30,126,398,271,0.14400000000000002,3.4000000000000004,68.59,13,790,N/A
2011,9,8,8,0,100,723,430,0.14400000000000002,3.5,55.26,14,790,N/A
2011,9,8,8,30,109,776,532,0.14400000000000002,3.3000000000000003,51.800000000000004,15,790,N/A
2011,9,8,9,0,116,817,627,0.14400000000000002,3.1,44.28,17,790,N/A
2011,9,8,9,30,121,846,711,0.14400000000000002,2.9000000000000004,41.57,18,790,N/A
2011,9,8,10,0,129,862,780,0.14400000000000002,2.7,39.08,19,790,N/A
2011,9,8,10,30,133,878,837,0.14400000000000002,2.5,36.71,20,790,N/A
2011,9,8,11,0,117,920,887,0.14400000000000002,2.4000000000000004,34.43,21,790,N/A
2011,9,8,11,30,118,925,912,0.14400000000000002,2.3000000000000003,34.42,21,790,N/A
2011,9,8,12,0,128,911,917,0.14400000000000002,2.2,32.2,22,790,N/A
2011,9,8,12,30,128,909,909,0.14400000000000002,2.1,32.18,22,790,N/A
2011,9,8,13,0,140,880,879,0.14400000000000002,2.1,31.990000000000002,23,790,N/A
2011,9,8,13,30,137,869,838,0.14400000000000002,2,31.970000000000002,23,790,N/A
2011,9,8,14,0,137,846,780,0.14400000000000002,1.9000000000000001,31.76,23,790,N/A
2011,9,8,14,30,132,823,710,0.14400000000000002,1.8,31.76,22,790,N/A
2011,9,8,15,0,186,11,193,0.14400000000000002,1.8,31.55,22,790,N/A
2011,9,8,15,30,160,7,164,0.14400000000000002,1.6,33.53,21,790,N/A
2011,9,8,16,0,168,19,177,0.14400000000000002,1.5,36.01,21,790,N/A
2011,9,8,16,30,142,320,261,0.14400000000000002,1.2000000000000002,38.31,20,790,N/A
2011,9,8,17,0,74,492,207,0.14400000000000002,0.9,47.1,19,790,N/A
2011,9,8,17,30,55,263,99,0.14400000000000002,0.9,53.44,17,790,N/A
2011,9,8,18,0,22,78,27,0.14400000000000002,1,62.160000000000004,16,790,N/A
2011,9,8,18,30,0,0,0,0.14400000000000002,1.2000000000000002,66.31,15,790,N/A
2011,9,8,19,0,0,0,0,0.14400000000000002,1.5,69.67,14,790,N/A
2011,9,8,19,30,0,0,0,0.14400000000000002,1.8,74.4,13,790,N/A
2011,9,8,20,0,0,0,0,0.14400000000000002,2.1,74.94,12,790,N/A
2011,9,8,20,30,0,0,0,0.14400000000000002,2.6,80.06,12,790,N/A
2011,9,8,21,0,0,0,0,0.14400000000000002,3.1,80.88,12,790,N/A
2011,9,8,21,30,0,0,0,0.14400000000000002,3.2,80.89,11,790,N/A
2011,9,8,22,0,0,0,0,0.14400000000000002,3.4000000000000004,80.91,11,790,N/A
2011,9,8,22,30,0,0,0,0.14400000000000002,3.4000000000000004,86.47,10,790,N/A
2011,9,8,23,0,0,0,0,0.14400000000000002,3.5,86.35000000000001,10,790,N/A
2011,9,8,23,30,0,0,0,0.14400000000000002,3.2,86.35000000000001,10,790,N/A
2011,9,9,0,0,0,0,0,0.14400000000000002,3,86.22,10,790,N/A
2011,9,9,0,30,0,0,0,0.14400000000000002,2.7,92.19,9,790,N/A
2011,9,9,1,0,0,0,0,0.14400000000000002,2.5,92.46000000000001,9,790,N/A
2011,9,9,1,30,0,0,0,0.14400000000000002,2.5,92.43,9,790,N/A
2011,9,9,2,0,0,0,0,0.14400000000000002,2.5,92.65,9,790,N/A
2011,9,9,2,30,0,0,0,0.14400000000000002,2.3000000000000003,92.62,9,790,N/A
2011,9,9,3,0,0,0,0,0.14400000000000002,2.1,92.69,9,790,N/A
2011,9,9,3,30,0,0,0,0.14400000000000002,1.9000000000000001,92.69,9,790,N/A
2011,9,9,4,0,0,0,0,0.14400000000000002,1.7000000000000002,92.26,9,790,N/A
2011,9,9,4,30,0,0,0,0.14400000000000002,1.6,98.71000000000001,9,790,N/A
2011,9,9,5,0,0,0,0,0.14400000000000002,1.5,98.14,9,790,N/A
2011,9,9,5,30,0,0,0,0.14400000000000002,1.6,98.14,9,790,N/A
2011,9,9,6,0,14,0,14,0.14400000000000002,1.8,92.15,9,790,N/A
2011,9,9,6,30,54,22,58,0.14400000000000002,2.2,92.13,9,790,N/A
2011,9,9,7,0,95,29,103,0.14400000000000002,2.6,87.68,10,790,N/A
2011,9,9,7,30,151,178,215,0.14400000000000002,3,82.04,11,790,N/A
2011,9,9,8,0,203,143,268,0.14400000000000002,3.5,77.5,12,790,N/A
2011,9,9,8,30,236,59,268,0.14400000000000002,3.7,72.58,13,790,N/A
2011,9,9,9,0,213,17,224,0.14400000000000002,4,67.57000000000001,14,790,N/A
2011,9,9,9,30,343,118,426,0.14400000000000002,3.9000000000000004,67.56,14,790,N/A
2011,9,9,10,0,306,30,329,0.14400000000000002,3.8000000000000003,61.86,15,790,N/A
2011,9,9,10,30,314,27,336,0.14400000000000002,3.6,61.84,15,790,N/A
2011,9,9,11,0,441,166,580,0.14400000000000002,3.5,60.800000000000004,15,790,N/A
2011,9,9,11,30,448,118,549,0.14400000000000002,3.3000000000000003,64.83,15,790,N/A
2011,9,9,12,0,133,6,139,0.14400000000000002,3.1,65.29,15,790,N/A
2011,9,9,12,30,290,19,307,0.14400000000000002,2.9000000000000004,65.28,14,790,N/A
2011,9,9,13,0,198,14,210,0.14400000000000002,2.8000000000000003,66.52,14,790,N/A
2011,9,9,13,30,279,20,295,0.14400000000000002,2.8000000000000003,70.97,14,790,N/A
2011,9,9,14,0,166,10,173,0.14400000000000002,2.9000000000000004,71.81,14,790,N/A
2011,9,9,14,30,350,192,483,0.14400000000000002,3,71.81,14,790,N/A
2011,9,9,15,0,250,31,269,0.14400000000000002,3.1,72.57000000000001,14,790,N/A
2011,9,9,15,30,26,0,26,0.14400000000000002,3.1,72.55,14,790,N/A
2011,9,9,16,0,161,15,168,0.14400000000000002,3.2,73.46000000000001,14,790,N/A
2011,9,9,16,30,155,114,196,0.14400000000000002,2.6,73.46000000000001,13,790,N/A
2011,9,9,17,0,103,186,153,0.14400000000000002,2.1,76.86,13,790,N/A
2011,9,9,17,30,58,49,66,0.14400000000000002,1.7000000000000002,82.07000000000001,12,790,N/A
2011,9,9,18,0,16,0,16,0.14400000000000002,1.3,88.64,11,790,N/A
2011,9,9,18,30,0,0,0,0.14400000000000002,1.5,88.67,11,790,N/A
2011,9,9,19,0,0,0,0,0.14400000000000002,1.8,88.34,11,790,N/A
2011,9,9,19,30,0,0,0,0.14400000000000002,1.9000000000000001,94.44,11,790,N/A
2011,9,9,20,0,0,0,0,0.14400000000000002,2.1,95.67,11,790,N/A
2011,9,9,20,30,0,0,0,0.14400000000000002,2.1,95.68,10,790,N/A
2011,9,9,21,0,0,0,0,0.14400000000000002,2.2,96.37,10,790,N/A
2011,9,9,21,30,0,0,0,0.14400000000000002,2.3000000000000003,96.38,10,790,N/A
2011,9,9,22,0,0,0,0,0.14400000000000002,2.4000000000000004,95.33,10,790,N/A
2011,9,9,22,30,0,0,0,0.14400000000000002,2.3000000000000003,100,10,790,N/A
2011,9,9,23,0,0,0,0,0.14400000000000002,2.2,100,10,790,N/A
2011,9,9,23,30,0,0,0,0.14400000000000002,2.2,100,9,790,N/A
2011,9,10,0,0,0,0,0,0.14400000000000002,2.2,97.92,9,790,N/A
2011,9,10,0,30,0,0,0,0.14400000000000002,2.2,97.92,9,790,N/A
2011,9,10,1,0,0,0,0,0.14400000000000002,2.2,95.2,9,790,N/A
2011,9,10,1,30,0,0,0,0.14400000000000002,2.2,100,9,790,N/A
2011,9,10,2,0,0,0,0,0.14400000000000002,2.3000000000000003,98.66,9,790,N/A
2011,9,10,2,30,0,0,0,0.14400000000000002,2.3000000000000003,98.65,8,790,N/A
2011,9,10,3,0,0,0,0,0.14400000000000002,2.4000000000000004,95.67,8,790,N/A
2011,9,10,3,30,0,0,0,0.14400000000000002,2.4000000000000004,95.65,8,790,N/A
2011,9,10,4,0,0,0,0,0.14400000000000002,2.4000000000000004,93.36,8,790,N/A
2011,9,10,4,30,0,0,0,0.14400000000000002,2.3000000000000003,99.94,8,790,N/A
2011,9,10,5,0,0,0,0,0.14400000000000002,2.2,98.44,8,790,N/A
2011,9,10,5,30,0,0,0,0.14400000000000002,2.4000000000000004,98.46000000000001,8,790,N/A
2011,9,10,6,0,5,0,5,0.14400000000000002,2.7,93.13,8,790,N/A
2011,9,10,6,30,29,0,29,0.14400000000000002,2.9000000000000004,87.04,9,790,N/A
2011,9,10,7,0,16,0,16,0.14400000000000002,3.2,81.33,10,790,N/A
2011,9,10,7,30,50,0,50,0.14400000000000002,3.2,76.10000000000001,11,790,N/A
2011,9,10,8,0,182,43,202,0.14400000000000002,3.2,70.48,12,790,N/A
2011,9,10,8,30,53,0,53,0.14400000000000002,3,66.03,13,790,N/A
2011,9,10,9,0,209,16,219,0.14400000000000002,2.9000000000000004,61.51,14,790,N/A
2011,9,10,9,30,281,32,303,0.14400000000000002,2.7,57.67,15,790,N/A
2011,9,10,10,0,172,10,180,0.14400000000000002,2.5,53.26,16,790,N/A
2011,9,10,10,30,341,36,370,0.14400000000000002,2.3000000000000003,53.25,16,790,N/A
2011,9,10,11,0,358,36,388,0.14400000000000002,2.2,49.410000000000004,17,790,N/A
2011,9,10,11,30,364,42,400,0.14400000000000002,2.1,49.4,17,790,N/A
2011,9,10,12,0,421,412,775,0.14400000000000002,2,45.980000000000004,18,790,N/A
2011,9,10,12,30,61,0,61,0.14400000000000002,1.9000000000000001,45.97,18,790,N/A
2011,9,10,13,0,125,5,129,0.14400000000000002,1.8,45.26,19,790,N/A
2011,9,10,13,30,408,109,496,0.14400000000000002,1.7000000000000002,45.25,19,790,N/A
2011,9,10,14,0,385,198,534,0.14400000000000002,1.7000000000000002,41.910000000000004,19,790,N/A
2011,9,10,14,30,278,466,601,0.14400000000000002,1.6,44.6,19,790,N/A
2011,9,10,15,0,168,8,174,0.14400000000000002,1.5,44.09,19,790,N/A
2011,9,10,15,30,255,167,346,0.14400000000000002,1.4000000000000001,46.96,18,790,N/A
2011,9,10,16,0,203,119,257,0.14400000000000002,1.4000000000000001,46.74,18,790,N/A
2011,9,10,16,30,136,332,256,0.14400000000000002,1.2000000000000002,49.800000000000004,17,790,N/A
2011,9,10,17,0,93,293,169,0.14400000000000002,1,54.18,16,790,N/A
2011,9,10,17,30,59,185,88,0.14400000000000002,0.9,57.77,15,790,N/A
2011,9,10,18,0,20,136,27,0.14400000000000002,0.8,66.69,14,790,N/A
2011,9,10,18,30,0,0,0,0.14400000000000002,0.8,71.18,13,790,N/A
2011,9,10,19,0,0,0,0,0.14400000000000002,0.9,68.93,13,790,N/A
2011,9,10,19,30,0,0,0,0.14400000000000002,0.9,73.62,12,790,N/A
2011,9,10,20,0,0,0,0,0.14400000000000002,1,71.95,12,790,N/A
2011,9,10,20,30,0,0,0,0.14400000000000002,1,76.87,11,790,N/A
2011,9,10,21,0,0,0,0,0.14400000000000002,1,76.17,11,790,N/A
2011,9,10,21,30,0,0,0,0.14400000000000002,1,81.41,10,790,N/A
2011,9,10,22,0,0,0,0,0.14400000000000002,1,81.52,10,790,N/A
2011,9,10,22,30,0,0,0,0.14400000000000002,0.9,81.51,10,790,N/A
2011,9,10,23,0,0,0,0,0.14400000000000002,0.9,81.73,10,790,N/A
2011,9,10,23,30,0,0,0,0.14400000000000002,0.8,87.4,10,790,N/A
2011,9,11,0,0,0,0,0,0.14400000000000002,0.8,87.69,10,790,N/A
2011,9,11,0,30,0,0,0,0.14400000000000002,0.8,93.84,9,790,N/A
2011,9,11,1,0,0,0,0,0.14400000000000002,0.8,94.24,9,790,N/A
2011,9,11,1,30,0,0,0,0.14400000000000002,0.7000000000000001,94.23,9,790,N/A
2011,9,11,2,0,0,0,0,0.14400000000000002,0.6000000000000001,94.77,9,790,N/A
2011,9,11,2,30,0,0,0,0.14400000000000002,0.5,94.76,9,790,N/A
2011,9,11,3,0,0,0,0,0.14400000000000002,0.4,95.22,9,790,N/A
2011,9,11,3,30,0,0,0,0.14400000000000002,0.5,95.22,9,790,N/A
2011,9,11,4,0,0,0,0,0.14400000000000002,0.6000000000000001,95.62,9,790,N/A
2011,9,11,4,30,0,0,0,0.14400000000000002,0.6000000000000001,95.62,8,790,N/A
2011,9,11,5,0,0,0,0,0.14400000000000002,0.6000000000000001,95.96000000000001,8,790,N/A
2011,9,11,5,30,0,0,0,0.14400000000000002,0.5,95.97,9,790,N/A
2011,9,11,6,0,18,170,25,0.14400000000000002,0.5,91.04,10,790,N/A
2011,9,11,6,30,42,443,109,0.14400000000000002,0.8,79.66,11,790,N/A
2011,9,11,7,0,59,603,212,0.14400000000000002,1.2000000000000002,69.49,13,790,N/A
2011,9,11,7,30,71,704,320,0.14400000000000002,1.4000000000000001,65.12,14,790,N/A
2011,9,11,8,0,80,772,427,0.14400000000000002,1.7000000000000002,55.53,16,790,N/A
2011,9,11,8,30,232,323,406,0.14400000000000002,1.7000000000000002,52.120000000000005,17,790,N/A
2011,9,11,9,0,93,855,621,0.14400000000000002,1.8,44.67,19,790,N/A
2011,9,11,9,30,98,882,704,0.14400000000000002,1.8,44.65,20,790,N/A
2011,9,11,10,0,102,900,774,0.14400000000000002,1.9000000000000001,41.35,21,790,N/A
2011,9,11,10,30,404,106,489,0.14400000000000002,2,38.87,21,790,N/A
2011,9,11,11,0,222,15,234,0.14400000000000002,2.1,36.72,22,790,N/A
2011,9,11,11,30,428,82,498,0.14400000000000002,2.2,36.7,22,790,N/A
2011,9,11,12,0,420,442,798,0.14400000000000002,2.3000000000000003,37.07,22,790,N/A
2011,9,11,12,30,397,394,732,0.14400000000000002,2.3000000000000003,37.06,22,790,N/A
2011,9,11,13,0,389,465,774,0.14400000000000002,2.4000000000000004,37.13,23,790,N/A
2011,9,11,13,30,356,410,681,0.14400000000000002,2.4000000000000004,37.12,23,790,N/A
2011,9,11,14,0,92,922,781,0.14400000000000002,2.5,36.61,23,790,N/A
2011,9,11,14,30,89,904,711,0.14400000000000002,2.4000000000000004,36.61,22,790,N/A
2011,9,11,15,0,82,884,630,0.14400000000000002,2.4000000000000004,35.79,22,790,N/A
2011,9,11,15,30,77,851,536,0.14400000000000002,2.2,38.04,21,790,N/A
2011,9,11,16,0,69,812,435,0.14400000000000002,2.1,37.34,21,790,N/A
2011,9,11,16,30,71,673,311,0.14400000000000002,1.5,39.71,20,790,N/A
2011,9,11,17,0,85,355,175,0.14400000000000002,1,46.38,19,790,N/A
2011,9,11,17,30,42,397,102,0.14400000000000002,0.9,52.58,17,790,N/A
2011,9,11,18,0,24,0,24,0.14400000000000002,0.8,59.910000000000004,16,790,N/A
2011,9,11,18,30,0,0,0,0.14400000000000002,0.9,63.870000000000005,15,790,N/A
2011,9,11,19,0,0,0,0,0.14400000000000002,1,61.88,15,790,N/A
2011,9,11,19,30,0,0,0,0.14400000000000002,1.3,66.03,14,790,N/A
2011,9,11,20,0,0,0,0,0.14400000000000002,1.6,65.31,14,790,N/A
2011,9,11,20,30,0,0,0,0.14400000000000002,1.5,65.32000000000001,14,790,N/A
2011,9,11,21,0,0,0,0,0.14400000000000002,1.4000000000000001,66.7,14,790,N/A
2011,9,11,21,30,0,0,0,0.14400000000000002,1.1,71.17,13,790,N/A
2011,9,11,22,0,0,0,0,0.14400000000000002,0.8,73,13,790,N/A
2011,9,11,22,30,0,0,0,0.14400000000000002,0.7000000000000001,72.99,13,790,N/A
2011,9,11,23,0,0,0,0,0.14400000000000002,0.7000000000000001,74.38,13,790,N/A
2011,9,11,23,30,0,0,0,0.14400000000000002,0.7000000000000001,79.4,13,790,N/A
2011,9,12,0,0,0,0,0,0.14400000000000002,0.8,80.16,13,790,N/A
2011,9,12,0,30,0,0,0,0.14400000000000002,0.9,80.15,13,790,N/A
2011,9,12,1,0,0,0,0,0.14400000000000002,1,80.46000000000001,13,790,N/A
2011,9,12,1,30,0,0,0,0.14400000000000002,1,80.45,12,790,N/A
2011,9,12,2,0,0,0,0,0.14400000000000002,1.1,80.15,12,790,N/A
2011,9,12,2,30,0,0,0,0.14400000000000002,1.1,85.61,12,790,N/A
2011,9,12,3,0,0,0,0,0.14400000000000002,1.1,83.94,12,790,N/A
2011,9,12,3,30,0,0,0,0.14400000000000002,1.1,83.94,11,790,N/A
2011,9,12,4,0,0,0,0,0.14400000000000002,1.1,81.46000000000001,11,790,N/A
2011,9,12,4,30,0,0,0,0.14400000000000002,1.1,87.07000000000001,11,790,N/A
2011,9,12,5,0,0,0,0,0.14400000000000002,1.2000000000000002,83.87,11,790,N/A
2011,9,12,5,30,0,0,0,0.14400000000000002,1.5,78.48,11,790,N/A
2011,9,12,6,0,16,183,24,0.14400000000000002,1.8,71.57000000000001,12,790,N/A
2011,9,12,6,30,50,214,82,0.14400000000000002,2.2,67.04,13,790,N/A
2011,9,12,7,0,93,268,161,0.14400000000000002,2.6,61.52,15,790,N/A
2011,9,12,7,30,66,721,320,0.14400000000000002,2.9000000000000004,57.69,16,790,N/A
2011,9,12,8,0,72,794,427,0.14400000000000002,3.3000000000000003,52.09,18,790,N/A
2011,9,12,8,30,79,841,529,0.14400000000000002,3.3000000000000003,48.92,19,790,N/A
2011,9,12,9,0,82,880,624,0.14400000000000002,3.3000000000000003,43.21,20,790,N/A
2011,9,12,9,30,333,263,513,0.14400000000000002,3.3000000000000003,40.63,21,790,N/A
2011,9,12,10,0,90,923,776,0.14400000000000002,3.3000000000000003,36.800000000000004,22,790,N/A
2011,9,12,10,30,93,936,832,0.14400000000000002,3.3000000000000003,36.79,22,790,N/A
2011,9,12,11,0,96,942,873,0.14400000000000002,3.3000000000000003,35.53,23,790,N/A
2011,9,12,11,30,97,947,897,0.14400000000000002,3.3000000000000003,35.52,22,790,N/A
2011,9,12,12,0,103,939,903,0.14400000000000002,3.4000000000000004,34.9,22,790,N/A
2011,9,12,12,30,102,937,894,0.14400000000000002,3.4000000000000004,37.09,21,790,N/A
2011,9,12,13,0,39,0,39,0.14400000000000002,3.4000000000000004,37.15,21,790,N/A
2011,9,12,13,30,352,428,691,0.14400000000000002,3.3000000000000003,37.14,21,790,N/A
2011,9,12,14,0,349,349,609,0.14400000000000002,3.3000000000000003,37.22,21,790,N/A
2011,9,12,14,30,291,409,571,0.14400000000000002,3.2,39.57,21,790,N/A
2011,9,12,15,0,237,456,517,0.14400000000000002,3.2,39.33,21,790,N/A
2011,9,12,15,30,249,191,351,0.14400000000000002,3.1,39.34,20,790,N/A
2011,9,12,16,0,174,366,338,0.14400000000000002,3,39.21,20,790,N/A
2011,9,12,16,30,127,19,134,0.14400000000000002,2.4000000000000004,41.72,19,790,N/A
2011,9,12,17,0,70,0,70,0.14400000000000002,1.9000000000000001,46.050000000000004,19,790,N/A
2011,9,12,17,30,36,0,36,0.14400000000000002,1.6,49.04,17,790,N/A
2011,9,12,18,0,8,0,8,0.14400000000000002,1.4000000000000001,54.33,16,790,N/A
2011,9,12,18,30,0,0,0,0.14400000000000002,1.3,57.92,15,790,N/A
2011,9,12,19,0,0,0,0,0.14400000000000002,1.3,57.96,15,790,N/A
2011,9,12,19,30,0,0,0,0.14400000000000002,1.3,61.82,15,790,N/A
2011,9,12,20,0,0,0,0,0.14400000000000002,1.3,61.63,15,790,N/A
2011,9,12,20,30,0,0,0,0.14400000000000002,1.3,65.75,14,790,N/A
2011,9,12,21,0,0,0,0,0.14400000000000002,1.4000000000000001,65.02,14,790,N/A
2011,9,12,21,30,0,0,0,0.14400000000000002,1.4000000000000001,69.41,13,790,N/A
2011,9,12,22,0,0,0,0,0.14400000000000002,1.4000000000000001,68.77,13,790,N/A
2011,9,12,22,30,0,0,0,0.14400000000000002,1.5,68.77,13,790,N/A
2011,9,12,23,0,0,0,0,0.14400000000000002,1.6,68.39,13,790,N/A
2011,9,12,23,30,0,0,0,0.14400000000000002,1.6,68.38,12,790,N/A
2011,9,13,0,0,0,0,0,0.14400000000000002,1.6,68.2,12,790,N/A
2011,9,13,0,30,0,0,0,0.14400000000000002,1.6,72.83,12,790,N/A
2011,9,13,1,0,0,0,0,0.14400000000000002,1.6,72.33,12,790,N/A
2011,9,13,1,30,0,0,0,0.14400000000000002,1.6,72.32000000000001,11,790,N/A
2011,9,13,2,0,0,0,0,0.14400000000000002,1.6,71.76,11,790,N/A
2011,9,13,2,30,0,0,0,0.14400000000000002,1.5,76.68,11,790,N/A
2011,9,13,3,0,0,0,0,0.14400000000000002,1.4000000000000001,76.12,11,790,N/A
2011,9,13,3,30,0,0,0,0.14400000000000002,1.4000000000000001,76.11,10,790,N/A
2011,9,13,4,0,0,0,0,0.14400000000000002,1.4000000000000001,75.43,10,790,N/A
2011,9,13,4,30,0,0,0,0.14400000000000002,1.2000000000000002,75.43,10,790,N/A
2011,9,13,5,0,0,0,0,0.14400000000000002,1.2000000000000002,74.86,10,790,N/A
2011,9,13,5,30,0,0,0,0.14400000000000002,1.3,74.86,10,790,N/A
2011,9,13,6,0,16,0,16,0.14400000000000002,1.5,69.57000000000001,11,790,N/A
2011,9,13,6,30,51,160,74,0.14400000000000002,1.6,65.13,12,790,N/A
2011,9,13,7,0,88,292,161,0.14400000000000002,1.8,56.42,14,790,N/A
2011,9,13,7,30,119,409,263,0.14400000000000002,1.8,49.63,16,790,N/A
2011,9,13,8,0,153,471,362,0.14400000000000002,1.9000000000000001,40.56,18,790,N/A
2011,9,13,8,30,244,99,297,0.14400000000000002,1.7000000000000002,38.11,19,790,N/A
2011,9,13,9,0,243,30,261,0.14400000000000002,1.5,31.470000000000002,21,790,N/A
2011,9,13,9,30,257,24,273,0.14400000000000002,1.7000000000000002,29.6,22,790,N/A
2011,9,13,10,0,260,621,720,0.14400000000000002,1.9000000000000001,26.92,23,790,N/A
2011,9,13,10,30,407,129,508,0.14400000000000002,2,26.91,23,790,N/A
2011,9,13,11,0,418,283,652,0.14400000000000002,2.1,25.37,24,790,N/A
2011,9,13,11,30,406,349,700,0.14400000000000002,2.2,25.36,24,790,N/A
2011,9,13,12,0,94,960,908,0.14400000000000002,2.3000000000000003,25.52,24,790,N/A
2011,9,13,12,30,93,959,900,0.14400000000000002,2.4000000000000004,25.51,24,790,N/A
2011,9,13,13,0,91,958,877,0.14400000000000002,2.5,24.16,25,790,N/A
2011,9,13,13,30,89,950,836,0.14400000000000002,2.7,24.150000000000002,25,790,N/A
2011,9,13,14,0,95,922,776,0.14400000000000002,2.9000000000000004,24.04,25,790,N/A
2011,9,13,14,30,91,903,705,0.14400000000000002,3.1,25.51,24,790,N/A
2011,9,13,15,0,89,872,621,0.14400000000000002,3.4000000000000004,25.22,24,780,N/A
2011,9,13,15,30,156,6,159,0.14400000000000002,3.5,26.79,23,780,N/A
2011,9,13,16,0,127,0,128,0.14400000000000002,3.6,27.240000000000002,23,780,N/A
2011,9,13,16,30,132,30,142,0.14400000000000002,3.1,30.77,22,790,N/A
2011,9,13,17,0,88,19,93,0.146,2.6,36.550000000000004,21,790,N/A
2011,9,13,17,30,41,361,92,0.146,1.9000000000000001,41.39,19,790,N/A
2011,9,13,18,0,18,0,18,0.146,1.3,53.54,17,790,N/A
2011,9,13,18,30,0,0,0,0.146,1.2000000000000002,57.08,16,790,N/A
2011,9,13,19,0,0,0,0,0.146,1.2000000000000002,57.89,15,790,N/A
2011,9,13,19,30,0,0,0,0.146,1.2000000000000002,61.76,14,790,N/A
2011,9,13,20,0,0,0,0,0.146,1.2000000000000002,62.02,14,790,N/A
2011,9,13,20,30,0,0,0,0.146,1.2000000000000002,66.18,14,790,N/A
2011,9,13,21,0,0,0,0,0.146,1.2000000000000002,66.25,14,790,N/A
2011,9,13,21,30,0,0,0,0.146,1.2000000000000002,70.72,13,790,N/A
2011,9,13,22,0,0,0,0,0.146,1.2000000000000002,70.33,13,790,N/A
2011,9,13,22,30,0,0,0,0.146,1.2000000000000002,75.12,12,790,N/A
2011,9,13,23,0,0,0,0,0.146,1.2000000000000002,74.07000000000001,12,790,N/A
2011,9,13,23,30,0,0,0,0.146,1.1,74.07000000000001,11,790,N/A
2011,9,14,0,0,0,0,0,0.146,1.1,73.28,11,790,N/A
2011,9,14,0,30,0,0,0,0.146,1.1,78.31,11,790,N/A
2011,9,14,1,0,0,0,0,0.146,1.1,77.65,11,790,N/A
2011,9,14,1,30,0,0,0,0.146,1,77.64,10,790,N/A
2011,9,14,2,0,0,0,0,0.146,1,77.44,10,790,N/A
2011,9,14,2,30,0,0,0,0.146,0.9,77.43,10,790,N/A
2011,9,14,3,0,0,0,0,0.146,0.9,72.74,11,790,N/A
2011,9,14,3,30,0,0,0,0.146,0.8,72.74,11,790,N/A
2011,9,14,4,0,0,0,0,0.146,0.8,72.68,11,790,N/A
2011,9,14,4,30,0,0,0,0.146,0.7000000000000001,72.68,11,790,N/A
2011,9,14,5,0,0,0,0,0.146,0.6000000000000001,72.73,11,790,N/A
2011,9,14,5,30,0,0,0,0.146,0.6000000000000001,72.74,11,790,N/A
2011,9,14,6,0,1,0,1,0.146,0.6000000000000001,76.21000000000001,12,790,N/A
2011,9,14,6,30,7,0,7,0.146,0.9,71.36,13,790,N/A
2011,9,14,7,0,27,0,27,0.146,1.2000000000000002,65.27,14,790,N/A
2011,9,14,7,30,86,0,86,0.146,1.4000000000000001,61.2,15,790,N/A
2011,9,14,8,0,140,6,143,0.146,1.7000000000000002,59.910000000000004,16,790,N/A
2011,9,14,8,30,181,14,189,0.146,1.8,59.9,16,790,N/A
2011,9,14,9,0,233,25,249,0.146,2,56.96,17,790,N/A
2011,9,14,9,30,104,864,691,0.146,2.1,56.95,17,790,N/A
2011,9,14,10,0,112,878,760,0.146,2.3000000000000003,56.64,18,790,N/A
2011,9,14,10,30,115,895,817,0.146,2.4000000000000004,56.620000000000005,18,790,N/A
2011,9,14,11,0,416,287,651,0.146,2.5,52.800000000000004,18,790,N/A
2011,9,14,11,30,425,85,496,0.146,2.5,52.79,18,790,N/A
2011,9,14,12,0,124,907,890,0.146,2.6,52.42,18,780,N/A
2011,9,14,12,30,124,905,882,0.146,2.5,52.4,18,780,N/A
2011,9,14,13,0,119,906,858,0.146,2.4000000000000004,52.01,18,780,N/A
2011,9,14,13,30,116,895,816,0.146,2.3000000000000003,52,18,780,N/A
2011,9,14,14,0,102,902,764,0.146,2.2,51.33,18,780,N/A
2011,9,14,14,30,98,881,693,0.146,2,54.660000000000004,17,780,N/A
2011,9,14,15,0,292,199,413,0.146,1.9000000000000001,53.69,17,780,N/A
2011,9,14,15,30,244,138,317,0.146,1.6,57.2,17,780,N/A
2011,9,14,16,0,125,0,125,0.146,1.4000000000000001,58.01,17,780,N/A
2011,9,14,16,30,39,0,39,0.146,1,61.84,16,780,N/A
2011,9,14,17,0,93,152,130,0.146,0.6000000000000001,70.15,15,780,N/A
2011,9,14,17,30,50,98,63,0.146,0.6000000000000001,74.83,14,780,N/A
2011,9,14,18,0,11,0,11,0.146,0.7000000000000001,79.59,13,780,N/A
2011,9,14,18,30,0,0,0,0.146,0.6000000000000001,85.01,12,780,N/A
2011,9,14,19,0,0,0,0,0.146,0.6000000000000001,85.10000000000001,12,790,N/A
2011,9,14,19,30,0,0,0,0.146,0.6000000000000001,90.92,12,790,N/A
2011,9,14,20,0,0,0,0,0.146,0.7000000000000001,91.97,12,790,N/A
2011,9,14,20,30,0,0,0,0.146,1,91.97,11,790,N/A
2011,9,14,21,0,0,0,0,0.146,1.4000000000000001,92.41,11,790,N/A
2011,9,14,21,30,0,0,0,0.146,1.2000000000000002,98.75,10,790,N/A
2011,9,14,22,0,0,0,0,0.146,1.1,98,10,790,N/A
2011,9,14,22,30,0,0,0,0.146,1.3,98,10,790,N/A
2011,9,14,23,0,0,0,0,0.146,1.5,97.8,10,790,N/A
2011,9,14,23,30,0,0,0,0.146,1.6,97.78,10,790,N/A
2011,9,15,0,0,0,0,0,0.146,1.7000000000000002,97.88,10,780,N/A
2011,9,15,0,30,0,0,0,0.146,1.6,100,10,780,N/A
2011,9,15,1,0,0,0,0,0.146,1.5,100,10,780,N/A
2011,9,15,1,30,0,0,0,0.146,1.3,100,10,780,N/A
2011,9,15,2,0,0,0,0,0.146,1.2000000000000002,98.53,10,780,N/A
2011,9,15,2,30,0,0,0,0.146,1.2000000000000002,98.53,10,780,N/A
2011,9,15,3,0,0,0,0,0.146,1.2000000000000002,98.5,10,780,N/A
2011,9,15,3,30,0,0,0,0.146,1.2000000000000002,100,10,780,N/A
2011,9,15,4,0,0,0,0,0.146,1.2000000000000002,100,10,780,N/A
2011,9,15,4,30,0,0,0,0.146,1.1,100,9,780,N/A
2011,9,15,5,0,0,0,0,0.146,1.1,100,9,780,N/A
2011,9,15,5,30,0,0,0,0.146,1.2000000000000002,100,9,780,N/A
2011,9,15,6,0,16,0,16,0.146,1.3,100,10,780,N/A
2011,9,15,6,30,45,275,83,0.146,1.6,96.47,10,780,N/A
2011,9,15,7,0,94,70,112,0.146,1.9000000000000001,91.82000000000001,11,780,N/A
2011,9,15,7,30,139,60,160,0.146,1.9000000000000001,85.95,12,780,N/A
2011,9,15,8,0,173,35,188,0.146,2,79.89,13,780,N/A
2011,9,15,8,30,192,20,203,0.146,2.1,74.87,14,780,N/A
2011,9,15,9,0,289,105,353,0.146,2.2,67.21000000000001,16,780,N/A
2011,9,15,9,30,337,138,430,0.146,2.3000000000000003,63.04,16,780,N/A
2011,9,15,10,0,105,902,768,0.146,2.5,55.89,17,780,N/A
2011,9,15,10,30,108,917,824,0.146,2.6,55.870000000000005,17,780,N/A
2011,9,15,11,0,410,303,657,0.146,2.8000000000000003,49.5,18,780,N/A
2011,9,15,11,30,109,937,891,0.146,2.8000000000000003,49.49,18,780,N/A
2011,9,15,12,0,116,3,119,0.146,2.9000000000000004,43.74,19,780,N/A
2011,9,15,12,30,103,945,892,0.146,2.9000000000000004,43.730000000000004,19,780,N/A
2011,9,15,13,0,99,945,867,0.146,2.9000000000000004,41.9,19,780,N/A
2011,9,15,13,30,97,935,824,0.146,2.9000000000000004,41.89,19,780,N/A
2011,9,15,14,0,317,412,618,0.146,2.9000000000000004,40.58,19,780,N/A
2011,9,15,14,30,260,495,593,0.146,2.9000000000000004,43.18,19,780,N/A
2011,9,15,15,0,231,27,248,0.146,2.9000000000000004,42.25,19,780,N/A
2011,9,15,15,30,184,17,193,0.146,2.8000000000000003,42.25,18,780,N/A
2011,9,15,16,0,16,0,16,0.146,2.7,42.06,18,780,N/A
2011,9,15,16,30,140,105,175,0.146,2.1,44.79,17,780,N/A
2011,9,15,17,0,76,362,161,0.146,1.6,51.27,16,780,N/A
2011,9,15,17,30,44,250,77,0.146,1.3,58.29,14,780,N/A
2011,9,15,18,0,12,0,12,0.146,1,73.05,13,780,N/A
2011,9,15,18,30,0,0,0,0.146,1.2000000000000002,78.05,12,780,N/A
2011,9,15,19,0,0,0,0,0.146,1.4000000000000001,80.33,12,780,N/A
2011,9,15,19,30,0,0,0,0.146,1.5,80.35000000000001,11,780,N/A
2011,9,15,20,0,0,0,0,0.146,1.7000000000000002,85.26,11,780,N/A
2011,9,15,20,30,0,0,0,0.146,1.8,91.13,10,780,N/A
2011,9,15,21,0,0,0,0,0.146,1.9000000000000001,96.18,10,780,N/A
2011,9,15,21,30,0,0,0,0.146,1.7000000000000002,96.18,10,780,N/A
2011,9,15,22,0,0,0,0,0.146,1.6,100,10,780,N/A
2011,9,15,22,30,0,0,0,0.146,1.4000000000000001,100,10,780,N/A
2011,9,15,23,0,0,0,0,0.146,1.2000000000000002,100,10,780,N/A
2011,9,15,23,30,0,0,0,0.146,1,100,10,780,N/A
2011,9,16,0,0,0,0,0,0.146,0.9,100,10,780,N/A
2011,9,16,0,30,0,0,0,0.146,0.8,100,10,780,N/A
2011,9,16,1,0,0,0,0,0.146,0.8,100,10,780,N/A
2011,9,16,1,30,0,0,0,0.146,0.8,100,9,780,N/A
2011,9,16,2,0,0,0,0,0.146,0.8,100,9,780,N/A
2011,9,16,2,30,0,0,0,0.146,0.8,100,9,780,N/A
2011,9,16,3,0,0,0,0,0.146,0.8,100,9,780,N/A
2011,9,16,3,30,0,0,0,0.146,0.8,100,9,780,N/A
2011,9,16,4,0,0,0,0,0.146,0.8,100,9,780,N/A
2011,9,16,4,30,0,0,0,0.146,0.8,100,9,780,N/A
2011,9,16,5,0,0,0,0,0.146,0.9,100,9,780,N/A
2011,9,16,5,30,0,0,0,0.146,0.9,100,9,780,N/A
2011,9,16,6,0,14,144,19,0.146,1,100,10,780,N/A
2011,9,16,6,30,39,449,100,0.146,1.2000000000000002,99.29,11,780,N/A
2011,9,16,7,0,54,626,205,0.146,1.5,97.45,12,780,N/A
2011,9,16,7,30,65,731,315,0.146,2,91.24,13,780,N/A
2011,9,16,8,0,73,805,424,0.146,2.6,72.37,14,780,N/A
2011,9,16,8,30,225,326,397,0.146,3,67.86,15,780,N/A
2011,9,16,9,0,86,886,621,0.146,3.4000000000000004,49,17,780,N/A
2011,9,16,9,30,90,913,705,0.146,3.5,46.01,18,780,N/A
2011,9,16,10,0,374,172,500,0.146,3.6,39.33,19,780,N/A
2011,9,16,10,30,246,17,259,0.146,3.7,39.32,19,780,N/A
2011,9,16,11,0,166,11,175,0.146,3.8000000000000003,34.42,20,780,N/A
2011,9,16,11,30,343,30,369,0.146,3.8000000000000003,34.410000000000004,20,780,N/A
2011,9,16,12,0,28,0,28,0.146,3.8000000000000003,31.01,21,780,N/A
2011,9,16,12,30,28,0,28,0.146,3.8000000000000003,31,21,780,N/A
2011,9,16,13,0,105,941,866,0.146,3.9000000000000004,30.6,21,780,N/A
2011,9,16,13,30,343,471,708,0.146,3.8000000000000003,30.6,21,780,N/A
2011,9,16,14,0,304,467,643,0.146,3.8000000000000003,30.62,21,780,N/A
2011,9,16,14,30,327,235,484,0.146,3.7,32.56,20,780,N/A
2011,9,16,15,0,273,299,451,0.146,3.6,32.9,20,780,N/A
2011,9,16,15,30,157,569,450,0.146,3.4000000000000004,35,19,780,N/A
2011,9,16,16,0,82,758,405,0.146,3.2,35.77,19,780,N/A
2011,9,16,16,30,72,680,297,0.146,2.5,38.08,18,780,N/A
2011,9,16,17,0,58,566,188,0.146,1.9000000000000001,43.63,17,780,N/A
2011,9,16,17,30,39,381,87,0.146,1.4000000000000001,49.56,15,780,N/A
2011,9,16,18,0,10,80,12,0.146,0.9,63.620000000000005,13,780,N/A
2011,9,16,18,30,0,0,0,0.146,0.9,67.95,12,780,N/A
2011,9,16,19,0,0,0,0,0.146,0.9,67.07000000000001,12,780,N/A
2011,9,16,19,30,0,0,0,0.146,0.9,71.66,11,780,N/A
2011,9,16,20,0,0,0,0,0.146,0.9,70.84,11,780,N/A
2011,9,16,20,30,0,0,0,0.146,0.9,75.72,10,780,N/A
2011,9,16,21,0,0,0,0,0.146,0.9,74.69,10,780,N/A
2011,9,16,21,30,0,0,0,0.146,0.9,74.68,10,780,N/A
2011,9,16,22,0,0,0,0,0.146,0.9,73.83,10,780,N/A
2011,9,16,22,30,0,0,0,0.146,0.8,73.82000000000001,10,780,N/A
2011,9,16,23,0,0,0,0,0.146,0.8,73.05,10,780,N/A
2011,9,16,23,30,0,0,0,0.146,0.7000000000000001,78.10000000000001,10,780,N/A
2011,9,17,0,0,0,0,0,0.146,0.6000000000000001,77.58,10,780,N/A
2011,9,17,0,30,0,0,0,0.146,0.6000000000000001,77.57000000000001,9,780,N/A
2011,9,17,1,0,0,0,0,0.146,0.6000000000000001,77.25,9,780,N/A
2011,9,17,1,30,0,0,0,0.146,0.7000000000000001,82.64,9,780,N/A
2011,9,17,2,0,0,0,0,0.146,0.8,82.67,9,780,N/A
2011,9,17,2,30,0,0,0,0.146,0.9,82.66,8,780,N/A
2011,9,17,3,0,0,0,0,0.146,1,83.12,8,780,N/A
2011,9,17,3,30,0,0,0,0.146,1,88.98,7,780,N/A
2011,9,17,4,0,0,0,0,0.146,1,89.33,7,780,N/A
2011,9,17,4,30,0,0,0,0.146,1,89.34,7,780,N/A
2011,9,17,5,0,0,0,0,0.146,1,89.54,7,780,N/A
2011,9,17,5,30,0,0,0,0.146,1,89.56,8,780,N/A
2011,9,17,6,0,13,119,16,0.146,1.1,85.26,9,780,N/A
2011,9,17,6,30,39,423,96,0.146,1.7000000000000002,74.53,11,780,N/A
2011,9,17,7,0,56,600,199,0.146,2.3000000000000003,66.48,13,790,N/A
2011,9,17,7,30,122,363,245,0.146,2.9000000000000004,58.36,14,790,N/A
2011,9,17,8,0,75,787,417,0.146,3.6,51.26,16,790,N/A
2011,9,17,8,30,82,838,519,0.146,3.9000000000000004,48.11,17,790,N/A
2011,9,17,9,0,86,879,614,0.146,4.3,42.97,18,790,N/A
2011,9,17,9,30,91,906,698,0.146,4.4,42.97,18,790,N/A
2011,9,17,10,0,92,929,769,0.146,4.5,39.15,19,790,N/A
2011,9,17,10,30,95,943,825,0.146,4.6000000000000005,39.14,19,780,N/A
2011,9,17,11,0,94,956,867,0.146,4.7,36.13,20,780,N/A
2011,9,17,11,30,95,961,891,0.146,4.7,36.11,20,780,N/A
2011,9,17,12,0,330,26,352,0.146,4.800000000000001,33.67,21,780,N/A
2011,9,17,12,30,94,962,889,0.146,4.800000000000001,33.660000000000004,21,780,N/A
2011,9,17,13,0,93,955,862,0.146,4.9,33.58,21,780,N/A
2011,9,17,13,30,213,14,224,0.146,4.800000000000001,33.57,21,780,N/A
2011,9,17,14,0,363,237,535,0.146,4.800000000000001,33.51,21,780,N/A
2011,9,17,14,30,229,18,241,0.146,4.6000000000000005,35.63,20,780,N/A
2011,9,17,15,0,43,0,43,0.146,4.6000000000000005,35.56,20,780,N/A
2011,9,17,15,30,180,483,426,0.146,4.4,37.83,19,780,N/A
2011,9,17,16,0,150,448,339,0.146,4.3,40.26,19,780,N/A
2011,9,17,16,30,115,369,235,0.146,3.7,42.89,18,780,N/A
2011,9,17,17,0,53,593,186,0.146,3.1,46.45,17,780,N/A
2011,9,17,17,30,35,405,84,0.146,2.2,52.82,15,780,N/A
2011,9,17,18,0,0,0,0,0.146,1.3,59.730000000000004,13,780,N/A
2011,9,17,18,30,0,0,0,0.146,1.2000000000000002,63.78,12,780,N/A
2011,9,17,19,0,0,0,0,0.146,1.1,67.97,11,790,N/A
2011,9,17,19,30,0,0,0,0.146,1.1,72.66,10,790,N/A
2011,9,17,20,0,0,0,0,0.146,1.1,71.04,10,790,N/A
2011,9,17,20,30,0,0,0,0.146,1.1,75.97,10,790,N/A
2011,9,17,21,0,0,0,0,0.146,1.2000000000000002,73.89,10,790,N/A
2011,9,17,21,30,0,0,0,0.146,1.2000000000000002,73.9,9,790,N/A
2011,9,17,22,0,0,0,0,0.146,1.3,72.37,9,790,N/A
2011,9,17,22,30,0,0,0,0.146,1.3,77.43,8,790,N/A
2011,9,17,23,0,0,0,0,0.146,1.3,76.64,8,790,N/A
2011,9,17,23,30,0,0,0,0.146,1.3,82.04,8,790,N/A
2011,9,18,0,0,0,0,0,0.146,1.3,81.83,8,790,N/A
2011,9,18,0,30,0,0,0,0.146,1.3,81.83,7,790,N/A
2011,9,18,1,0,0,0,0,0.146,1.3,81.72,7,790,N/A
2011,9,18,1,30,0,0,0,0.146,1.3,87.53,6,790,N/A
2011,9,18,2,0,0,0,0,0.146,1.3,87.27,6,790,N/A
2011,9,18,2,30,0,0,0,0.146,1.2000000000000002,93.54,6,790,N/A
2011,9,18,3,0,0,0,0,0.146,1.2000000000000002,93.02,6,790,N/A
2011,9,18,3,30,0,0,0,0.146,1.2000000000000002,93.03,5,790,N/A
2011,9,18,4,0,0,0,0,0.146,1.2000000000000002,92.04,5,790,N/A
2011,9,18,4,30,0,0,0,0.146,1.1,92.05,5,790,N/A
2011,9,18,5,0,0,0,0,0.146,1.1,90.71000000000001,5,790,N/A
2011,9,18,5,30,0,0,0,0.146,1.2000000000000002,84.66,6,790,N/A
2011,9,18,6,0,12,147,16,0.146,1.3,79.28,7,790,N/A
2011,9,18,6,30,35,472,98,0.146,1.6,69.24,9,790,N/A
2011,9,18,7,0,50,646,203,0.146,2,59.07,12,790,N/A
2011,9,18,7,30,61,751,313,0.146,2,51.800000000000004,14,790,N/A
2011,9,18,8,0,68,821,422,0.146,2,38.06,16,790,N/A
2011,9,18,8,30,74,869,525,0.146,2.1,35.72,17,790,N/A
2011,9,18,9,0,79,905,620,0.146,2.2,31.720000000000002,18,790,N/A
2011,9,18,9,30,83,930,703,0.146,2.4000000000000004,29.79,19,790,N/A
2011,9,18,10,0,86,948,774,0.146,2.6,27.55,20,790,N/A
2011,9,18,10,30,88,961,830,0.146,2.8000000000000003,25.900000000000002,21,790,N/A
2011,9,18,11,0,91,968,870,0.146,3,24.39,22,790,N/A
2011,9,18,11,30,91,973,893,0.146,3.1,24.38,22,790,N/A
2011,9,18,12,0,92,974,900,0.146,3.3000000000000003,23.11,23,790,N/A
2011,9,18,12,30,91,971,890,0.146,3.4000000000000004,23.11,23,790,N/A
2011,9,18,13,0,90,966,863,0.146,3.5,23.29,24,790,N/A
2011,9,18,13,30,88,956,820,0.146,3.6,23.28,24,790,N/A
2011,9,18,14,0,83,946,762,0.146,3.7,23.400000000000002,24,790,N/A
2011,9,18,14,30,80,926,689,0.146,3.7,23.400000000000002,23,790,N/A
2011,9,18,15,0,76,900,604,0.146,3.8000000000000003,23.47,23,790,N/A
2011,9,18,15,30,71,864,508,0.146,3.7,24.94,22,790,N/A
2011,9,18,16,0,65,813,404,0.146,3.7,25.13,22,790,N/A
2011,9,18,16,30,57,740,295,0.146,3,28.41,20,790,N/A
2011,9,18,17,0,47,629,185,0.146,2.4000000000000004,34,19,790,N/A
2011,9,18,17,30,31,439,82,0.146,1.9000000000000001,41.07,16,790,N/A
2011,9,18,18,0,0,0,0,0.146,1.4000000000000001,50.31,14,790,N/A
2011,9,18,18,30,0,0,0,0.146,1.4000000000000001,53.7,13,790,N/A
2011,9,18,19,0,0,0,0,0.146,1.5,52.04,13,790,N/A
2011,9,18,19,30,0,0,0,0.146,1.5,55.57,12,790,N/A
2011,9,18,20,0,0,0,0,0.146,1.5,54.77,12,790,N/A
2011,9,18,20,30,0,0,0,0.146,1.5,58.51,11,790,N/A
2011,9,18,21,0,0,0,0,0.146,1.5,58.53,11,790,N/A
2011,9,18,21,30,0,0,0,0.146,1.4000000000000001,62.550000000000004,11,790,N/A
2011,9,18,22,0,0,0,0,0.146,1.4000000000000001,62.660000000000004,11,790,N/A
2011,9,18,22,30,0,0,0,0.146,1.4000000000000001,62.660000000000004,10,790,N/A
2011,9,18,23,0,0,0,0,0.146,1.4000000000000001,62.68,10,790,N/A
2011,9,18,23,30,0,0,0,0.146,1.3,67.02,10,790,N/A
2011,9,19,0,0,0,0,0,0.146,1.3,67.08,10,790,N/A
2011,9,19,0,30,0,0,0,0.146,1.3,67.07000000000001,9,790,N/A
2011,9,19,1,0,0,0,0,0.146,1.3,67.21000000000001,9,790,N/A
2011,9,19,1,30,0,0,0,0.146,1.3,71.91,8,790,N/A
2011,9,19,2,0,0,0,0,0.146,1.3,73.31,8,790,N/A
2011,9,19,2,30,0,0,0,0.146,1.3,78.48,7,790,N/A
2011,9,19,3,0,0,0,0,0.146,1.3,79.67,7,790,N/A
2011,9,19,3,30,0,0,0,0.146,1.3,79.67,7,790,N/A
2011,9,19,4,0,0,0,0,0.146,1.3,80.19,7,790,N/A
2011,9,19,4,30,0,0,0,0.146,1.3,85.89,7,790,N/A
2011,9,19,5,0,0,0,0,0.146,1.3,85.8,7,790,N/A
2011,9,19,5,30,0,0,0,0.146,1.3,80.12,7,790,N/A
2011,9,19,6,0,11,144,15,0.146,1.4000000000000001,79.02,8,790,N/A
2011,9,19,6,30,34,469,95,0.146,1.7000000000000002,69.08,10,790,N/A
2011,9,19,7,0,48,644,199,0.146,2.1,63.68,12,790,N/A
2011,9,19,7,30,59,749,308,0.146,1.3,55.910000000000004,14,790,N/A
2011,9,19,8,0,66,819,417,0.146,0.5,44.79,17,790,N/A
2011,9,19,8,30,72,867,519,0.146,0.9,39.480000000000004,18,790,N/A
2011,9,19,9,0,76,904,614,0.146,1.4000000000000001,32.8,20,790,N/A
2011,9,19,9,30,79,930,697,0.146,1.7000000000000002,30.84,21,790,N/A
2011,9,19,10,0,81,952,768,0.146,2.1,28.330000000000002,22,790,N/A
2011,9,19,10,30,83,965,824,0.146,2.4000000000000004,28.32,22,790,N/A
2011,9,19,11,0,78,984,867,0.146,2.7,25.900000000000002,23,790,N/A
2011,9,19,11,30,79,990,891,0.146,2.9000000000000004,25.89,23,790,N/A
2011,9,19,12,0,78,993,899,0.146,3.2,23.580000000000002,24,790,N/A
2011,9,19,12,30,78,991,889,0.146,3.4000000000000004,23.57,24,790,N/A
2011,9,19,13,0,76,988,863,0.146,3.6,22.830000000000002,25,790,N/A
2011,9,19,13,30,75,979,820,0.146,3.6,22.82,25,790,N/A
2011,9,19,14,0,68,975,763,0.146,3.7,22.2,25,790,N/A
2011,9,19,14,30,66,957,691,0.146,3.6,22.2,24,790,N/A
2011,9,19,15,0,64,930,605,0.146,3.6,21.82,24,790,N/A
2011,9,19,15,30,60,897,509,0.146,3.4000000000000004,23.17,23,790,N/A
2011,9,19,16,0,56,846,405,0.146,3.3000000000000003,24.43,23,790,N/A
2011,9,19,16,30,50,778,295,0.146,2.5,25.97,21,790,N/A
2011,9,19,17,0,42,664,184,0.146,1.7000000000000002,31.04,20,790,N/A
2011,9,19,17,30,28,476,81,0.146,1.4000000000000001,37.44,17,790,N/A
2011,9,19,18,0,0,0,0,0.146,1.1,46.74,15,790,N/A
2011,9,19,18,30,0,0,0,0.146,1.1,49.86,14,790,N/A
2011,9,19,19,0,0,0,0,0.146,1.1,51.96,14,790,N/A
2011,9,19,19,30,0,0,0,0.146,1.1,55.480000000000004,13,790,N/A
2011,9,19,20,0,0,0,0,0.146,1.1,54.28,13,790,N/A
2011,9,19,20,30,0,0,0,0.146,1.1,57.980000000000004,12,790,N/A
2011,9,19,21,0,0,0,0,0.146,1.1,56.49,12,790,N/A
2011,9,19,21,30,0,0,0,0.146,1.1,56.47,11,790,N/A
2011,9,19,22,0,0,0,0,0.146,1.1,55,11,790,N/A
2011,9,19,22,30,0,0,0,0.146,1.1,58.77,10,790,N/A
2011,9,19,23,0,0,0,0,0.146,1.1,57.64,10,790,N/A
2011,9,19,23,30,0,0,0,0.146,1.1,61.63,10,790,N/A
2011,9,20,0,0,0,0,0,0.146,1.1,61.27,10,790,N/A
2011,9,20,0,30,0,0,0,0.146,1.1,61.26,9,790,N/A
2011,9,20,1,0,0,0,0,0.146,1.1,61.72,9,790,N/A
2011,9,20,1,30,0,0,0,0.146,1.1,66.02,9,790,N/A
2011,9,20,2,0,0,0,0,0.146,1.1,66.97,9,790,N/A
2011,9,20,2,30,0,0,0,0.146,1.1,66.97,8,790,N/A
2011,9,20,3,0,0,0,0,0.146,1.1,68.08,8,790,N/A
2011,9,20,3,30,0,0,0,0.146,1.1,72.88,8,790,N/A
2011,9,20,4,0,0,0,0,0.146,1.1,73.97,8,790,N/A
2011,9,20,4,30,0,0,0,0.146,1.1,73.98,7,790,N/A
2011,9,20,5,0,0,0,0,0.146,1.2000000000000002,74.55,7,790,N/A
2011,9,20,5,30,0,0,0,0.146,1.3,69.65,8,790,N/A
2011,9,20,6,0,10,191,14,0.146,1.5,66.91,9,790,N/A
2011,9,20,6,30,30,527,97,0.146,2,58.56,11,790,N/A
2011,9,20,7,0,42,696,203,0.146,2.6,51.63,14,790,N/A
2011,9,20,7,30,51,796,315,0.146,2.6,45.37,16,790,N/A
2011,9,20,8,0,58,861,424,0.146,2.6,36.2,18,790,N/A
2011,9,20,8,30,63,906,528,0.146,2.7,34.01,19,790,N/A
2011,9,20,9,0,67,937,622,0.146,2.8000000000000003,27.63,21,790,N/A
2011,9,20,9,30,71,961,706,0.146,2.5,25.990000000000002,22,790,N/A
2011,9,20,10,0,74,976,776,0.146,2.4000000000000004,22.78,23,790,N/A
2011,9,20,10,30,76,988,832,0.146,2.3000000000000003,22.78,23,790,N/A
2011,9,20,11,0,80,993,872,0.146,2.2,20.37,24,790,N/A
2011,9,20,11,30,80,997,895,0.146,2.2,20.36,24,790,N/A
2011,9,20,12,0,82,996,901,0.146,2.3000000000000003,18.53,25,780,N/A
2011,9,20,12,30,82,994,891,0.146,2.4000000000000004,18.52,25,780,N/A
2011,9,20,13,0,83,984,862,0.146,2.5,18.03,26,780,N/A
2011,9,20,13,30,81,975,819,0.146,2.7,18.03,26,780,N/A
2011,9,20,14,0,79,960,759,0.146,2.9000000000000004,17.6,26,780,N/A
2011,9,20,14,30,76,940,686,0.146,3,17.6,25,780,N/A
2011,9,20,15,0,73,911,599,0.146,3.1,17.36,25,780,N/A
2011,9,20,15,30,68,875,502,0.146,3.1,18.42,24,780,N/A
2011,9,20,16,0,63,822,397,0.146,3.1,19.6,24,780,N/A
2011,9,20,16,30,55,748,288,0.146,2.4000000000000004,22.13,22,780,N/A
2011,9,20,17,0,45,626,177,0.146,1.7000000000000002,30.98,20,780,N/A
2011,9,20,17,30,29,423,74,0.146,1.5,35.08,18,780,N/A
2011,9,20,18,0,0,0,0,0.146,1.3,41.660000000000004,16,780,N/A
2011,9,20,18,30,0,0,0,0.146,1.2000000000000002,44.42,15,780,N/A
2011,9,20,19,0,0,0,0,0.146,1.2000000000000002,42,15,780,N/A
2011,9,20,19,30,0,0,0,0.146,1.1,44.81,14,780,N/A
2011,9,20,20,0,0,0,0,0.146,1,44.480000000000004,14,790,N/A
2011,9,20,20,30,0,0,0,0.146,0.9,47.47,13,790,N/A
2011,9,20,21,0,0,0,0,0.146,0.9,52.36,12,790,N/A
2011,9,20,21,30,0,0,0,0.146,0.9,55.93,11,790,N/A
2011,9,20,22,0,0,0,0,0.146,1,55.58,11,790,N/A
2011,9,20,22,30,0,0,0,0.146,1,59.4,10,790,N/A
2011,9,20,23,0,0,0,0,0.146,1.1,59.84,10,790,N/A
2011,9,20,23,30,0,0,0,0.146,1.3,64,10,790,N/A
2011,9,21,0,0,0,0,0,0.146,1.5,65.12,10,790,N/A
2011,9,21,0,30,0,0,0,0.146,1.8,69.68,9,790,N/A
2011,9,21,1,0,0,0,0,0.146,2.1,70.66,9,790,N/A
2011,9,21,1,30,0,0,0,0.146,2.4000000000000004,70.66,8,790,N/A
2011,9,21,2,0,0,0,0,0.146,2.7,70.02,8,790,N/A
2011,9,21,2,30,0,0,0,0.146,3,74.95,8,790,N/A
2011,9,21,3,0,0,0,0,0.146,3.4000000000000004,72.17,8,790,N/A
2011,9,21,3,30,0,0,0,0.146,3.3000000000000003,72.18,7,790,N/A
2011,9,21,4,0,0,0,0,0.146,3.3000000000000003,66.92,7,790,N/A
2011,9,21,4,30,0,0,0,0.146,3.2,71.68,6,790,N/A
2011,9,21,5,0,0,0,0,0.146,3.1,66.31,6,790,N/A
2011,9,21,5,30,0,0,0,0.146,3.1,66.32000000000001,6,790,N/A
2011,9,21,6,0,10,89,12,0.146,3.1,58.54,7,790,N/A
2011,9,21,6,30,35,428,89,0.146,3.3000000000000003,54.68,9,790,N/A
2011,9,21,7,0,53,610,192,0.146,3.6,44.35,11,790,N/A
2011,9,21,7,30,64,723,301,0.146,3.3000000000000003,38.85,13,790,N/A
2011,9,21,8,0,74,792,409,0.146,3,33.99,15,790,N/A
2011,9,21,8,30,81,844,512,0.146,2.7,31.87,16,790,N/A
2011,9,21,9,0,88,877,605,0.146,2.4000000000000004,29.29,17,790,N/A
2011,9,21,9,30,93,905,689,0.146,2.4000000000000004,27.5,18,790,N/A
2011,9,21,10,0,98,922,758,0.146,2.5,24.94,20,790,N/A
2011,9,21,10,30,101,936,814,0.146,2.7,23.44,21,790,N/A
2011,9,21,11,0,100,951,855,0.146,3,22.23,22,790,N/A
2011,9,21,11,30,101,956,879,0.146,3.2,22.22,23,790,N/A
2011,9,21,12,0,103,954,884,0.146,3.5,20.94,24,790,N/A
2011,9,21,12,30,103,952,874,0.146,3.6,20.93,24,790,N/A
2011,9,21,13,0,102,944,846,0.146,3.7,19.78,24,780,N/A
2011,9,21,13,30,99,934,802,0.146,3.6,19.77,24,780,N/A
2011,9,21,14,0,92,928,745,0.146,3.6,19.64,24,780,N/A
2011,9,21,14,30,88,906,671,0.146,3.5,19.63,24,780,N/A
2011,9,21,15,0,84,876,585,0.146,3.4000000000000004,19.25,24,780,N/A
2011,9,21,15,30,221,88,264,0.146,3.2,20.44,23,780,N/A
2011,9,21,16,0,172,88,208,0.146,3,21.26,23,780,N/A
2011,9,21,16,30,23,0,23,0.146,2.1,24.04,21,780,N/A
2011,9,21,17,0,73,18,76,0.146,1.3,31.080000000000002,19,780,N/A
2011,9,21,17,30,30,0,30,0.146,1.2000000000000002,37.54,16,780,N/A
2011,9,21,18,0,0,0,0,0.146,1.1,45.69,14,780,N/A
2011,9,21,18,30,0,0,0,0.146,1.1,48.77,13,780,N/A
2011,9,21,19,0,0,0,0,0.146,1.1,46.95,13,790,N/A
2011,9,21,19,30,0,0,0,0.146,1.1,50.14,12,790,N/A
2011,9,21,20,0,0,0,0,0.146,1.1,48.06,12,790,N/A
2011,9,21,20,30,0,0,0,0.146,1.1,48.07,12,790,N/A
2011,9,21,21,0,0,0,0,0.146,1.2000000000000002,45.64,12,790,N/A
2011,9,21,21,30,0,0,0,0.146,1.1,48.75,12,790,N/A
2011,9,21,22,0,0,0,0,0.146,1.1,46.61,12,790,N/A
2011,9,21,22,30,0,0,0,0.146,1.1,49.81,11,790,N/A
2011,9,21,23,0,0,0,0,0.146,1.2000000000000002,49.480000000000004,10,790,N/A
2011,9,21,23,30,0,0,0,0.146,1.2000000000000002,52.92,9,790,N/A
2011,9,22,0,0,0,0,0,0.146,1.2000000000000002,58.6,8,790,N/A
2011,9,22,0,30,0,0,0,0.146,1.4000000000000001,62.75,7,790,N/A
2011,9,22,1,0,0,0,0,0.146,1.7000000000000002,64.94,7,790,N/A
2011,9,22,1,30,0,0,0,0.146,2.2,69.57000000000001,7,790,N/A
2011,9,22,2,0,0,0,0,0.146,2.8000000000000003,74.79,7,790,N/A
2011,9,22,2,30,0,0,0,0.146,3,74.79,6,790,N/A
2011,9,22,3,0,0,0,0,0.146,3.4000000000000004,80.06,6,790,N/A
2011,9,22,3,30,0,0,0,0.146,3.2,85.8,5,790,N/A
2011,9,22,4,0,0,0,0,0.146,3,89.31,5,790,N/A
2011,9,22,4,30,0,0,0,0.146,2.6,89.32000000000001,5,790,N/A
2011,9,22,5,0,0,0,0,0.146,2.2,90.59,5,790,N/A
2011,9,22,5,30,0,0,0,0.146,2.3000000000000003,90.60000000000001,5,790,N/A
2011,9,22,6,0,0,0,0,0.146,2.4000000000000004,85.26,6,790,N/A
2011,9,22,6,30,32,484,91,0.146,2.6,74.37,8,790,N/A
2011,9,22,7,0,45,679,198,0.146,2.9000000000000004,65.12,10,790,N/A
2011,9,22,7,30,54,785,310,0.146,2.4000000000000004,57.050000000000004,12,790,N/A
2011,9,22,8,0,60,860,421,0.146,2,47.46,14,790,N/A
2011,9,22,8,30,65,907,525,0.146,1.3,44.51,15,790,N/A
2011,9,22,9,0,69,944,622,0.146,0.6000000000000001,34.08,17,790,N/A
2011,9,22,9,30,72,968,706,0.146,0.8,32,18,790,N/A
2011,9,22,10,0,73,989,778,0.146,1,24.490000000000002,20,790,N/A
2011,9,22,10,30,75,1002,834,0.146,1.2000000000000002,23.02,21,790,N/A
2011,9,22,11,0,77,1010,875,0.146,1.5,19.54,22,790,N/A
2011,9,22,11,30,77,1015,899,0.146,1.6,19.53,22,790,N/A
2011,9,22,12,0,77,1017,906,0.146,1.7000000000000002,17.04,23,790,N/A
2011,9,22,12,30,77,1015,895,0.146,1.7000000000000002,17.04,23,790,N/A
2011,9,22,13,0,75,1010,867,0.146,1.7000000000000002,15.030000000000001,24,790,N/A
2011,9,22,13,30,74,1002,823,0.146,1.6,15.030000000000001,24,790,N/A
2011,9,22,14,0,68,996,765,0.146,1.6,14.16,24,790,N/A
2011,9,22,14,30,65,979,691,0.146,1.5,14.15,24,790,N/A
2011,9,22,15,0,61,956,604,0.146,1.5,13.32,24,790,N/A
2011,9,22,15,30,57,922,506,0.146,1.5,14.14,23,790,N/A
2011,9,22,16,0,52,877,400,0.146,1.6,14.11,23,790,N/A
2011,9,22,16,30,46,807,288,0.146,1.2000000000000002,15.94,21,790,N/A
2011,9,22,17,0,37,695,176,0.146,0.9,31.27,19,790,N/A
2011,9,22,17,30,24,491,71,0.146,1,35.45,17,790,N/A
2011,9,22,18,0,0,0,0,0.146,1.2000000000000002,36.730000000000004,16,790,N/A
2011,9,22,18,30,0,0,0,0.146,1.1,39.18,15,790,N/A
2011,9,22,19,0,0,0,0,0.146,1.1,37.980000000000004,14,790,N/A
2011,9,22,19,30,0,0,0,0.146,1,40.54,13,790,N/A
2011,9,22,20,0,0,0,0,0.146,1,40.29,13,790,N/A
2011,9,22,20,30,0,0,0,0.146,0.9,43.02,13,790,N/A
2011,9,22,21,0,0,0,0,0.146,0.9,42.74,13,790,N/A
2011,9,22,21,30,0,0,0,0.146,0.8,42.75,12,790,N/A
2011,9,22,22,0,0,0,0,0.146,0.7000000000000001,42.22,12,790,N/A
2011,9,22,22,30,0,0,0,0.146,0.6000000000000001,45.11,11,790,N/A
2011,9,22,23,0,0,0,0,0.146,0.5,44.4,11,790,N/A
2011,9,22,23,30,0,0,0,0.146,0.4,44.410000000000004,11,790,N/A
2011,9,23,0,0,0,0,0,0.146,0.4,43.87,11,790,N/A
2011,9,23,0,30,0,0,0,0.146,0.4,46.88,10,790,N/A
2011,9,23,1,0,0,0,0,0.146,0.4,46.53,10,790,N/A
2011,9,23,1,30,0,0,0,0.146,0.30000000000000004,49.75,10,790,N/A
2011,9,23,2,0,0,0,0,0.146,0.30000000000000004,49.21,10,790,N/A
2011,9,23,2,30,0,0,0,0.146,0.30000000000000004,49.21,9,790,N/A
2011,9,23,3,0,0,0,0,0.146,0.4,48.45,9,790,N/A
2011,9,23,3,30,0,0,0,0.146,0.6000000000000001,51.84,8,790,N/A
2011,9,23,4,0,0,0,0,0.146,0.9,50.94,8,790,N/A
2011,9,23,4,30,0,0,0,0.146,1,54.53,7,790,N/A
2011,9,23,5,0,0,0,0,0.146,1.1,53.7,7,790,N/A
2011,9,23,5,30,0,0,0,0.146,1,53.71,7,790,N/A
2011,9,23,6,0,0,0,0,0.146,1,56.89,7,790,N/A
2011,9,23,6,30,29,522,91,0.146,1.5,49.68,10,790,N/A
2011,9,23,7,0,42,704,198,0.146,2.1,39.5,13,790,N/A
2011,9,23,7,30,50,808,311,0.146,2.1,34.67,15,790,N/A
2011,9,23,8,0,57,876,422,0.146,2.1,26.03,17,790,N/A
2011,9,23,8,30,62,922,527,0.146,2.4000000000000004,22.96,19,790,N/A
2011,9,23,9,0,66,955,622,0.146,2.8000000000000003,17.89,22,790,N/A
2011,9,23,9,30,69,978,707,0.146,2.7,16.830000000000002,23,790,N/A
2011,9,23,10,0,72,995,778,0.146,2.6,15.15,24,790,N/A
2011,9,23,10,30,74,1007,834,0.146,2.4000000000000004,14.26,24,790,N/A
2011,9,23,11,0,78,1010,873,0.146,2.3000000000000003,13.09,25,790,N/A
2011,9,23,11,30,79,1014,896,0.146,2.2,13.08,25,790,N/A
2011,9,23,12,0,80,1014,902,0.146,2.2,12.08,26,790,N/A
2011,9,23,12,30,79,1011,890,0.146,2.2,12.07,26,790,N/A
2011,9,23,13,0,79,1003,861,0.146,2.3000000000000003,11.92,27,790,N/A
2011,9,23,13,30,78,993,816,0.146,2.3000000000000003,11.91,27,790,N/A
2011,9,23,14,0,75,980,756,0.146,2.4000000000000004,11.76,27,790,N/A
2011,9,23,14,30,72,961,681,0.146,2.4000000000000004,11.76,26,790,N/A
2011,9,23,15,0,68,934,593,0.146,2.4000000000000004,11.52,26,790,N/A
2011,9,23,15,30,64,897,495,0.146,2.3000000000000003,12.22,25,790,N/A
2011,9,23,16,0,58,845,389,0.146,2.3000000000000003,12.47,25,790,N/A
2011,9,23,16,30,50,769,278,0.146,1.7000000000000002,14.06,23,790,N/A
2011,9,23,17,0,40,648,166,0.146,1.1,26.79,21,790,N/A
2011,9,23,17,30,25,432,63,0.146,1.1,30.32,19,790,N/A
2011,9,23,18,0,0,0,0,0.146,1.2000000000000002,31.39,17,790,N/A
2011,9,23,18,30,0,0,0,0.146,1.2000000000000002,33.45,16,790,N/A
2011,9,23,19,0,0,0,0,0.146,1.2000000000000002,34.980000000000004,16,790,N/A
2011,9,23,19,30,0,0,0,0.146,1.1,37.31,15,790,N/A
2011,9,23,20,0,0,0,0,0.146,1.1,36.4,14,790,N/A
2011,9,23,20,30,0,0,0,0.146,1.1,38.84,13,790,N/A
2011,9,23,21,0,0,0,0,0.146,1.2000000000000002,38.95,13,790,N/A
2011,9,23,21,30,0,0,0,0.146,1.2000000000000002,41.58,12,790,N/A
2011,9,23,22,0,0,0,0,0.146,1.3,44.74,12,790,N/A
2011,9,23,22,30,0,0,0,0.146,1.3,44.74,11,790,N/A
2011,9,23,23,0,0,0,0,0.146,1.3,44.56,11,790,N/A
2011,9,23,23,30,0,0,0,0.146,1.3,47.62,11,790,N/A
2011,9,24,0,0,0,0,0,0.146,1.3,47.27,11,790,N/A
2011,9,24,0,30,0,0,0,0.146,1.3,47.26,10,790,N/A
2011,9,24,1,0,0,0,0,0.146,1.3,46.9,10,790,N/A
2011,9,24,1,30,0,0,0,0.146,1.3,46.89,10,790,N/A
2011,9,24,2,0,0,0,0,0.146,1.3,46.22,11,790,N/A
2011,9,24,2,30,0,0,0,0.146,1.3,46.21,11,790,N/A
2011,9,24,3,0,0,0,0,0.146,1.3,42.33,11,790,N/A
2011,9,24,3,30,0,0,0,0.146,1.2000000000000002,42.32,11,790,N/A
2011,9,24,4,0,0,0,0,0.146,1.2000000000000002,41.35,11,790,N/A
2011,9,24,4,30,0,0,0,0.146,1.2000000000000002,41.35,11,790,N/A
2011,9,24,5,0,0,0,0,0.146,1.2000000000000002,40.02,12,790,N/A
2011,9,24,5,30,0,0,0,0.146,1.1,40.02,12,790,N/A
2011,9,24,6,0,0,0,0,0.146,1.1,42.18,12,790,N/A
2011,9,24,6,30,30,485,86,0.146,1.3,36.980000000000004,14,790,N/A
2011,9,24,7,0,44,669,191,0.146,1.5,36.75,16,790,N/A
2011,9,24,7,30,53,777,302,0.146,1.5,32.35,18,790,N/A
2011,9,24,8,0,61,846,411,0.146,1.6,21.97,20,790,N/A
2011,9,24,8,30,66,893,514,0.146,2,19.42,21,790,N/A
2011,9,24,9,0,71,926,608,0.146,2.4000000000000004,15.19,23,790,N/A
2011,9,24,9,30,75,951,691,0.146,2.5,15.19,24,790,N/A
2011,9,24,10,0,78,967,761,0.146,2.7,13.6,25,790,N/A
2011,9,24,10,30,81,980,816,0.146,2.7,12.81,25,790,N/A
2011,9,24,11,0,83,985,855,0.146,2.8000000000000003,11.75,26,790,N/A
2011,9,24,11,30,84,990,878,0.146,2.9000000000000004,11.75,26,790,N/A
2011,9,24,12,0,86,989,883,0.146,3,11.61,27,780,N/A
2011,9,24,12,30,85,986,872,0.146,3.1,11.61,27,780,N/A
2011,9,24,13,0,86,977,843,0.146,3.3000000000000003,10.93,27,780,N/A
2011,9,24,13,30,83,967,798,0.146,3.3000000000000003,10.93,27,780,N/A
2011,9,24,14,0,75,966,742,0.146,3.4000000000000004,10.91,27,780,N/A
2011,9,24,14,30,72,947,668,0.146,3.4000000000000004,11.57,26,780,N/A
2011,9,24,15,0,68,919,581,0.146,3.4000000000000004,11.6,26,780,N/A
2011,9,24,15,30,64,881,484,0.146,3.3000000000000003,12.31,25,780,N/A
2011,9,24,16,0,58,828,378,0.146,3.2,13.34,25,780,N/A
2011,9,24,16,30,50,750,268,0.146,2.3000000000000003,15.05,22,780,N/A
2011,9,24,17,0,40,625,158,0.146,1.5,24.38,20,780,N/A
2011,9,24,17,30,24,402,58,0.146,1.4000000000000001,29.400000000000002,17,780,N/A
2011,9,24,18,0,0,0,0,0.146,1.4000000000000001,33.83,15,780,N/A
2011,9,24,18,30,0,0,0,0.146,1.5,36.09,14,780,N/A
2011,9,24,19,0,0,0,0,0.146,1.6,34.230000000000004,14,780,N/A
2011,9,24,19,30,0,0,0,0.146,1.6,36.52,13,780,N/A
2011,9,24,20,0,0,0,0,0.146,1.7000000000000002,35.480000000000004,13,780,N/A
2011,9,24,20,30,0,0,0,0.146,1.7000000000000002,37.88,12,780,N/A
2011,9,24,21,0,0,0,0,0.146,1.7000000000000002,37.02,12,780,N/A
2011,9,24,21,30,0,0,0,0.146,1.7000000000000002,39.54,11,780,N/A
2011,9,24,22,0,0,0,0,0.146,1.8,38.95,11,780,N/A
2011,9,24,22,30,0,0,0,0.146,1.8,41.63,11,780,N/A
2011,9,24,23,0,0,0,0,0.146,1.8,41.13,11,780,N/A
2011,9,24,23,30,0,0,0,0.146,1.7000000000000002,41.13,10,780,N/A
2011,9,25,0,0,0,0,0,0.146,1.7000000000000002,40.59,10,780,N/A
2011,9,25,0,30,0,0,0,0.146,1.6,43.39,9,780,N/A
2011,9,25,1,0,0,0,0,0.146,1.6,43.02,9,780,N/A
2011,9,25,1,30,0,0,0,0.146,1.6,43.02,9,780,N/A
2011,9,25,2,0,0,0,0,0.146,1.6,42.79,9,780,N/A
2011,9,25,2,30,0,0,0,0.146,1.5,42.78,9,780,N/A
2011,9,25,3,0,0,0,0,0.146,1.5,42.58,9,780,N/A
2011,9,25,3,30,0,0,0,0.146,1.4000000000000001,45.56,9,780,N/A
2011,9,25,4,0,0,0,0,0.146,1.4000000000000001,45.12,9,780,N/A
2011,9,25,4,30,0,0,0,0.146,1.3,45.12,9,780,N/A
2011,9,25,5,0,0,0,0,0.146,1.3,44.49,9,780,N/A
2011,9,25,5,30,0,0,0,0.146,1.2000000000000002,44.49,9,780,N/A
2011,9,25,6,0,0,0,0,0.146,1.2000000000000002,44.480000000000004,9,780,N/A
2011,9,25,6,30,28,498,84,0.146,1.6,38.93,12,780,N/A
2011,9,25,7,0,41,683,190,0.146,2.1,31.34,15,780,N/A
2011,9,25,7,30,50,790,301,0.146,2,27.57,17,780,N/A
2011,9,25,8,0,57,858,410,0.146,1.9000000000000001,20.28,19,780,N/A
2011,9,25,8,30,63,905,514,0.146,2.3000000000000003,19.06,21,780,N/A
2011,9,25,9,0,67,939,608,0.146,2.8000000000000003,15.81,23,780,N/A
2011,9,25,9,30,70,963,692,0.146,2.9000000000000004,14.870000000000001,24,780,N/A
2011,9,25,10,0,73,980,762,0.146,3,13.9,25,780,N/A
2011,9,25,10,30,75,993,818,0.146,3.1,13.09,25,780,N/A
2011,9,25,11,0,81,993,856,0.146,3.3000000000000003,12.120000000000001,26,780,N/A
2011,9,25,11,30,82,999,879,0.146,3.3000000000000003,12.120000000000001,26,780,N/A
2011,9,25,12,0,83,1000,885,0.146,3.4000000000000004,11.72,27,780,N/A
2011,9,25,12,30,82,998,874,0.146,3.5,11.72,27,780,N/A
2011,9,25,13,0,82,992,846,0.146,3.6,10.67,27,780,N/A
2011,9,25,13,30,80,983,802,0.146,3.6,11.31,27,780,N/A
2011,9,25,14,0,75,974,743,0.146,3.6,10.92,27,780,N/A
2011,9,25,14,30,72,955,669,0.146,3.6,10.92,26,780,N/A
2011,9,25,15,0,68,928,582,0.146,3.6,10.620000000000001,26,780,N/A
2011,9,25,15,30,64,891,484,0.146,3.4000000000000004,11.27,25,780,N/A
2011,9,25,16,0,58,839,378,0.146,3.3000000000000003,11.86,24,780,N/A
2011,9,25,16,30,50,760,267,0.146,2.4000000000000004,13.38,22,780,N/A
2011,9,25,17,0,39,634,156,0.146,1.5,21.04,20,780,N/A
2011,9,25,17,30,23,403,55,0.146,1.4000000000000001,25.37,17,780,N/A
2011,9,25,18,0,0,0,0,0.146,1.4000000000000001,29.55,15,780,N/A
2011,9,25,18,30,0,0,0,0.146,1.4000000000000001,31.52,14,780,N/A
2011,9,25,19,0,0,0,0,0.146,1.4000000000000001,29.98,14,780,N/A
2011,9,25,19,30,0,0,0,0.146,1.4000000000000001,31.990000000000002,13,780,N/A
2011,9,25,20,0,0,0,0,0.146,1.4000000000000001,33.46,13,780,N/A
2011,9,25,20,30,0,0,0,0.146,1.4000000000000001,35.74,12,780,N/A
2011,9,25,21,0,0,0,0,0.146,1.5,35.59,12,780,N/A
2011,9,25,21,30,0,0,0,0.146,1.5,35.59,11,780,N/A
2011,9,25,22,0,0,0,0,0.146,1.5,36.050000000000004,11,780,N/A
2011,9,25,22,30,0,0,0,0.146,1.5,38.53,10,780,N/A
2011,9,25,23,0,0,0,0,0.146,1.5,39.550000000000004,10,780,N/A
2011,9,25,23,30,0,0,0,0.146,1.5,42.300000000000004,10,780,N/A
2011,9,26,0,0,0,0,0,0.146,1.5,43.58,10,780,N/A
2011,9,26,0,30,0,0,0,0.146,1.5,43.58,9,780,N/A
2011,9,26,1,0,0,0,0,0.146,1.6,44.71,9,780,N/A
2011,9,26,1,30,0,0,0,0.146,1.6,47.83,9,780,N/A
2011,9,26,2,0,0,0,0,0.146,1.6,48.95,9,780,N/A
2011,9,26,2,30,0,0,0,0.146,1.6,48.95,8,780,N/A
2011,9,26,3,0,0,0,0,0.146,1.6,49.75,8,780,N/A
2011,9,26,3,30,0,0,0,0.146,1.6,49.76,8,780,N/A
2011,9,26,4,0,0,0,0,0.146,1.6,50.160000000000004,8,780,N/A
2011,9,26,4,30,0,0,0,0.146,1.6,53.71,8,780,N/A
2011,9,26,5,0,0,0,0,0.146,1.7000000000000002,53.730000000000004,8,780,N/A
2011,9,26,5,30,0,0,0,0.146,1.7000000000000002,50.19,8,780,N/A
2011,9,26,6,0,0,0,0,0.146,1.8,47.78,9,780,N/A
2011,9,26,6,30,29,461,80,0.146,2.4000000000000004,41.82,11,780,N/A
2011,9,26,7,0,44,652,184,0.146,3,35.97,14,780,N/A
2011,9,26,7,30,54,763,294,0.146,3,31.61,16,780,N/A
2011,9,26,8,0,62,834,402,0.146,3.1,25.91,19,780,N/A
2011,9,26,8,30,68,882,504,0.146,3.6,22.88,20,780,N/A
2011,9,26,9,0,73,914,597,0.146,4.1000000000000005,20.19,22,780,N/A
2011,9,26,9,30,77,939,679,0.146,3.9000000000000004,19,23,780,N/A
2011,9,26,10,0,81,954,747,0.146,3.8000000000000003,18.76,25,780,N/A
2011,9,26,10,30,83,966,802,0.146,3.5,17.67,25,780,N/A
2011,9,26,11,0,91,962,837,0.146,3.3000000000000003,17.28,26,780,N/A
2011,9,26,11,30,92,966,859,0.146,3,17.28,26,780,N/A
2011,9,26,12,0,98,955,861,0.146,2.9000000000000004,17.75,27,780,N/A
2011,9,26,12,30,98,951,848,0.146,2.8000000000000003,17.75,27,780,N/A
2011,9,26,13,0,106,924,815,0.146,2.7,18.25,27,780,N/A
2011,9,26,13,30,104,911,769,0.146,2.6,18.25,26,780,N/A
2011,9,26,14,0,102,890,708,0.146,2.5,19.09,26,780,N/A
2011,9,26,14,30,228,508,543,0.146,2.2,20.26,25,780,N/A
2011,9,26,15,0,206,461,459,0.146,2,21.78,25,780,N/A
2011,9,26,15,30,180,422,377,0.146,1.7000000000000002,24.560000000000002,24,780,N/A
2011,9,26,16,0,149,358,284,0.146,1.4000000000000001,29.02,23,780,N/A
2011,9,26,16,30,107,314,195,0.146,1.2000000000000002,32.81,21,780,N/A
2011,9,26,17,0,71,196,106,0.146,1.2000000000000002,44.75,19,780,N/A
2011,9,26,17,30,28,69,33,0.146,1.6,50.75,17,780,N/A
2011,9,26,18,0,0,0,0,0.146,2,61.01,15,780,N/A
2011,9,26,18,30,0,0,0,0.146,2.8000000000000003,65.1,14,780,N/A
2011,9,26,19,0,0,0,0,0.146,3.7,67.52,14,790,N/A
2011,9,26,19,30,0,0,0,0.146,4.3,72.08,13,790,N/A
2011,9,26,20,0,0,0,0,0.146,4.9,73.37,13,790,N/A
2011,9,26,20,30,0,0,0,0.146,4.800000000000001,73.39,13,790,N/A
2011,9,26,21,0,0,0,0,0.146,4.7,72.39,13,790,N/A
2011,9,26,21,30,0,0,0,0.146,4.5,72.39,13,790,N/A
2011,9,26,22,0,0,0,0,0.146,4.3,71.22,13,790,N/A
2011,9,26,22,30,0,0,0,0.146,4,76.04,13,790,N/A
2011,9,26,23,0,0,0,0,0.146,3.8000000000000003,74.85000000000001,13,790,N/A
2011,9,26,23,30,0,0,0,0.146,3.3000000000000003,74.85000000000001,13,790,N/A
2011,9,27,0,0,0,0,0,0.146,2.9000000000000004,73.12,13,790,N/A
2011,9,27,0,30,0,0,0,0.146,2.2,73.11,13,790,N/A
2011,9,27,1,0,0,0,0,0.146,1.6,70.49,13,790,N/A
2011,9,27,1,30,0,0,0,0.146,1.2000000000000002,70.47,13,790,N/A
2011,9,27,2,0,0,0,0,0.146,0.8,66.97,13,790,N/A
2011,9,27,2,30,0,0,0,0.146,0.8,66.96000000000001,13,790,N/A
2011,9,27,3,0,0,0,0,0.146,0.9,63.93,13,790,N/A
2011,9,27,3,30,0,0,0,0.146,1,63.93,12,790,N/A
2011,9,27,4,0,0,0,0,0.146,1.1,62.160000000000004,12,790,N/A
2011,9,27,4,30,0,0,0,0.146,1.1,66.41,12,790,N/A
2011,9,27,5,0,0,0,0,0.146,1.2000000000000002,65.41,12,790,N/A
2011,9,27,5,30,0,0,0,0.146,1.1,65.42,12,790,N/A
2011,9,27,6,0,0,0,0,0.146,1.1,62.34,12,790,N/A
2011,9,27,6,30,32,391,74,0.146,1.4000000000000001,54.730000000000004,14,790,N/A
2011,9,27,7,0,49,595,175,0.146,1.8,50.29,16,790,N/A
2011,9,27,7,30,61,712,282,0.146,1,44.33,18,790,N/A
2011,9,27,8,0,69,790,389,0.146,0.30000000000000004,32.32,21,790,N/A
2011,9,27,8,30,76,843,490,0.146,0.8,30.400000000000002,22,790,N/A
2011,9,27,9,0,83,876,582,0.146,1.4000000000000001,25.72,24,790,N/A
2011,9,27,9,30,87,903,664,0.146,1.6,24.22,24,790,N/A
2011,9,27,10,0,96,912,730,0.146,1.9000000000000001,22.2,25,790,N/A
2011,9,27,10,30,98,926,783,0.146,2,22.19,25,790,N/A
2011,9,27,11,0,99,937,822,0.146,2.1,20.89,26,790,N/A
2011,9,27,11,30,100,940,843,0.146,2,20.88,26,790,N/A
2011,9,27,12,0,361,479,742,0.146,1.9000000000000001,21.45,26,790,N/A
2011,9,27,12,30,226,15,238,0.146,1.8,22.75,25,790,N/A
2011,9,27,13,0,156,9,163,0.146,1.7000000000000002,24.080000000000002,25,790,N/A
2011,9,27,13,30,169,10,176,0.146,1.7000000000000002,25.560000000000002,24,790,N/A
2011,9,27,14,0,33,0,33,0.146,1.7000000000000002,27.57,24,790,N/A
2011,9,27,14,30,198,13,206,0.146,1.7000000000000002,29.28,23,790,N/A
2011,9,27,15,0,246,77,288,0.146,1.8,33.69,22,790,N/A
2011,9,27,15,30,203,248,317,0.146,1.8,38.09,21,790,N/A
2011,9,27,16,0,102,564,311,0.146,1.9000000000000001,43.980000000000004,20,790,N/A
2011,9,27,16,30,87,415,201,0.146,2.2,49.88,18,790,N/A
2011,9,27,17,0,9,0,9,0.146,2.5,58.26,17,790,N/A
2011,9,27,17,30,2,0,2,0.146,3.3000000000000003,66.28,15,790,N/A
2011,9,27,18,0,0,0,0,0.146,4.2,75.85000000000001,14,790,N/A
2011,9,27,18,30,0,0,0,0.146,4.3,81,13,790,N/A
2011,9,27,19,0,0,0,0,0.146,4.5,80.28,12,790,N/A
2011,9,27,19,30,0,0,0,0.146,4.2,80.28,12,790,N/A
2011,9,27,20,0,0,0,0,0.146,3.9000000000000004,78.48,12,790,N/A
2011,9,27,20,30,0,0,0,0.146,3.8000000000000003,78.47,12,790,N/A
2011,9,27,21,0,0,0,0,0.146,3.7,77.86,12,790,N/A
2011,9,27,21,30,0,0,0,0.146,3.6,83.15,12,790,N/A
2011,9,27,22,0,0,0,0,0.146,3.5,82.87,12,790,N/A
2011,9,27,22,30,0,0,0,0.146,3.3000000000000003,82.84,11,790,N/A
2011,9,27,23,0,0,0,0,0.146,3.1,82.55,11,790,N/A
2011,9,27,23,30,0,0,0,0.146,2.7,82.52,11,790,N/A
2011,9,28,0,0,0,0,0,0.146,2.4000000000000004,81.88,11,790,N/A
2011,9,28,0,30,0,0,0,0.146,1.9000000000000001,87.49,11,790,N/A
2011,9,28,1,0,0,0,0,0.146,1.5,85.7,11,790,N/A
2011,9,28,1,30,0,0,0,0.146,1.2000000000000002,85.68,11,790,N/A
2011,9,28,2,0,0,0,0,0.146,0.9,83.39,11,790,N/A
2011,9,28,2,30,0,0,0,0.146,0.8,83.37,11,790,N/A
2011,9,28,3,0,0,0,0,0.146,0.8,81.65,11,790,N/A
2011,9,28,3,30,0,0,0,0.146,0.8,87.3,10,790,N/A
2011,9,28,4,0,0,0,0,0.146,0.9,86.23,10,790,N/A
2011,9,28,4,30,0,0,0,0.146,0.9,92.26,9,790,N/A
2011,9,28,5,0,0,0,0,0.146,1,91.4,9,790,N/A
2011,9,28,5,30,0,0,0,0.146,1.1,91.41,9,790,N/A
2011,9,28,6,0,0,0,0,0.146,1.3,85.28,10,790,N/A
2011,9,28,6,30,32,383,72,0.146,1.9000000000000001,74.63,12,790,N/A
2011,9,28,7,0,49,590,172,0.146,2.6,61.52,14,790,N/A
2011,9,28,7,30,61,709,280,0.146,2.5,54.11,16,790,N/A
2011,9,28,8,0,69,793,387,0.146,2.4000000000000004,42.11,19,790,N/A
2011,9,28,8,30,75,846,489,0.146,2.5,37.18,20,790,N/A
2011,9,28,9,0,80,887,583,0.146,2.7,28.1,22,790,N/A
2011,9,28,9,30,84,915,665,0.146,2.6,26.44,23,790,N/A
2011,9,28,10,0,87,935,734,0.146,2.6,22.71,25,790,N/A
2011,9,28,10,30,89,950,789,0.146,2.4000000000000004,21.39,25,790,N/A
2011,9,28,11,0,89,962,828,0.146,2.2,18.91,26,790,N/A
2011,9,28,11,30,90,967,850,0.146,2.1,18.900000000000002,26,790,N/A
2011,9,28,12,0,92,965,855,0.146,2,16.98,27,780,N/A
2011,9,28,12,30,92,962,843,0.146,2,16.97,27,780,N/A
2011,9,28,13,0,94,948,812,0.146,2,15.34,28,780,N/A
2011,9,28,13,30,92,936,767,0.146,2,16.25,28,780,N/A
2011,9,28,14,0,84,931,709,0.146,2.1,15.65,28,780,N/A
2011,9,28,14,30,81,908,635,0.146,2.2,15.65,27,780,N/A
2011,9,28,15,0,82,863,546,0.146,2.3000000000000003,15.22,27,780,N/A
2011,9,28,15,30,76,820,450,0.146,2.3000000000000003,16.14,26,780,N/A
2011,9,28,16,0,72,741,343,0.146,2.3000000000000003,16.31,26,780,N/A
2011,9,28,16,30,61,648,236,0.146,1.7000000000000002,19.51,24,780,N/A
2011,9,28,17,0,46,495,130,0.146,1.1,32.89,22,780,N/A
2011,9,28,17,30,23,246,39,0.146,1.2000000000000002,37.22,20,780,N/A
2011,9,28,18,0,0,0,0,0.146,1.3,36.43,19,780,N/A
2011,9,28,18,30,0,0,0,0.146,1.3,38.800000000000004,18,780,N/A
2011,9,28,19,0,0,0,0,0.146,1.3,37.37,17,780,N/A
2011,9,28,19,30,0,0,0,0.146,1.3,39.83,16,780,N/A
2011,9,28,20,0,0,0,0,0.146,1.3,39.71,16,790,N/A
2011,9,28,20,30,0,0,0,0.146,1.3,42.34,15,790,N/A
2011,9,28,21,0,0,0,0,0.146,1.3,42.19,15,790,N/A
2011,9,28,21,30,0,0,0,0.146,1.3,45,14,790,N/A
2011,9,28,22,0,0,0,0,0.146,1.3,44.43,14,790,N/A
2011,9,28,22,30,0,0,0,0.146,1.2000000000000002,47.410000000000004,13,790,N/A
2011,9,28,23,0,0,0,0,0.146,1.2000000000000002,46.910000000000004,13,790,N/A
2011,9,28,23,30,0,0,0,0.146,1.2000000000000002,50.08,12,790,N/A
2011,9,29,0,0,0,0,0,0.146,1.2000000000000002,49.86,12,790,N/A
2011,9,29,0,30,0,0,0,0.146,1.1,49.86,12,790,N/A
2011,9,29,1,0,0,0,0,0.146,1.1,49.54,12,790,N/A
2011,9,29,1,30,0,0,0,0.146,1.1,52.92,12,790,N/A
2011,9,29,2,0,0,0,0,0.146,1.2000000000000002,52.07,12,790,N/A
2011,9,29,2,30,0,0,0,0.146,1.2000000000000002,52.06,12,790,N/A
2011,9,29,3,0,0,0,0,0.146,1.2000000000000002,50.83,12,790,N/A
2011,9,29,3,30,0,0,0,0.146,1.2000000000000002,50.84,11,790,N/A
2011,9,29,4,0,0,0,0,0.146,1.2000000000000002,49.74,11,790,N/A
2011,9,29,4,30,0,0,0,0.146,1.2000000000000002,53.160000000000004,11,790,N/A
2011,9,29,5,0,0,0,0,0.146,1.2000000000000002,52.19,11,790,N/A
2011,9,29,5,30,0,0,0,0.146,1.2000000000000002,52.2,11,790,N/A
2011,9,29,6,0,0,0,0,0.146,1.2000000000000002,50.34,11,790,N/A
2011,9,29,6,30,29,416,72,0.146,1.6,41.38,14,790,N/A
2011,9,29,7,0,47,606,171,0.146,2.1,34.78,17,790,N/A
2011,9,29,7,30,90,484,238,0.146,2.3000000000000003,30.69,19,790,N/A
2011,9,29,8,0,69,789,384,0.146,2.5,25.63,21,790,N/A
2011,9,29,8,30,139,595,428,0.146,2.7,24.12,22,790,N/A
2011,9,29,9,0,236,398,461,0.146,2.9000000000000004,20.86,24,790,N/A
2011,9,29,9,30,91,895,656,0.146,3,20.86,24,790,N/A
2011,9,29,10,0,332,299,538,0.146,3.3000000000000003,20.12,25,790,N/A
2011,9,29,10,30,370,250,553,0.146,3.6,20.12,25,790,N/A
2011,9,29,11,0,64,0,64,0.146,3.9000000000000004,21.12,26,790,N/A
2011,9,29,11,30,127,5,131,0.146,4.3,21.12,25,790,N/A
2011,9,29,12,0,126,4,130,0.146,4.7,22.240000000000002,25,790,N/A
2011,9,29,12,30,203,13,214,0.146,5,22.240000000000002,25,790,N/A
2011,9,29,13,0,112,1,113,0.146,5.300000000000001,23.07,25,790,N/A
2011,9,29,13,30,152,7,158,0.146,5.4,24.490000000000002,24,790,N/A
2011,9,29,14,0,26,0,26,0.146,5.5,24.96,24,790,N/A
2011,9,29,14,30,17,0,17,0.146,5.300000000000001,26.5,23,790,N/A
2011,9,29,15,0,206,27,221,0.146,5.2,26.57,23,790,N/A
2011,9,29,15,30,76,0,76,0.146,5,28.23,22,790,N/A
2011,9,29,16,0,149,242,236,0.146,4.800000000000001,29.88,21,790,N/A
2011,9,29,16,30,56,653,229,0.146,4.1000000000000005,31.78,20,790,N/A
2011,9,29,17,0,42,455,117,0.15,3.5,35.07,19,790,N/A
2011,9,29,17,30,21,210,33,0.15,3,39.77,17,790,N/A
2011,9,29,18,0,0,0,0,0.15,2.6,46.12,16,790,N/A
2011,9,29,18,30,0,0,0,0.15,2.8000000000000003,49.22,15,790,N/A
2011,9,29,19,0,0,0,0,0.15,3.1,47.980000000000004,14,790,N/A
2011,9,29,19,30,0,0,0,0.15,3.1,51.21,13,790,N/A
2011,9,29,20,0,0,0,0,0.15,3.2,50.050000000000004,13,790,N/A
2011,9,29,20,30,0,0,0,0.15,3.2,53.44,12,790,N/A
2011,9,29,21,0,0,0,0,0.15,3.3000000000000003,51.4,12,790,N/A
2011,9,29,21,30,0,0,0,0.15,3.5,54.910000000000004,11,790,N/A
2011,9,29,22,0,0,0,0,0.15,3.8000000000000003,52.620000000000005,11,790,N/A
2011,9,29,22,30,0,0,0,0.15,3.9000000000000004,56.24,11,790,N/A
2011,9,29,23,0,0,0,0,0.15,4.1000000000000005,54.410000000000004,11,790,N/A
2011,9,29,23,30,0,0,0,0.15,4,58.19,10,790,N/A
2011,9,30,0,0,0,0,0,0.15,4,56.86,10,790,N/A
2011,9,30,0,30,0,0,0,0.15,3.8000000000000003,56.86,9,790,N/A
2011,9,30,1,0,0,0,0,0.15,3.7,55.77,9,790,N/A
2011,9,30,1,30,0,0,0,0.15,3.3000000000000003,59.660000000000004,8,790,N/A
2011,9,30,2,0,0,0,0,0.15,3,58.72,8,790,N/A
2011,9,30,2,30,0,0,0,0.15,2.6,62.85,7,790,N/A
2011,9,30,3,0,0,0,0,0.15,2.3000000000000003,62.22,7,790,N/A
2011,9,30,3,30,0,0,0,0.15,1.8,66.64,7,790,N/A
2011,9,30,4,0,0,0,0,0.15,1.4000000000000001,66.11,7,790,N/A
2011,9,30,4,30,0,0,0,0.15,1.2000000000000002,66.11,6,790,N/A
2011,9,30,5,0,0,0,0,0.15,1.1,65.07000000000001,6,790,N/A
2011,9,30,5,30,0,0,0,0.15,1.1,65.07000000000001,6,790,N/A
2011,9,30,6,0,0,0,0,0.15,1.1,61.230000000000004,7,790,N/A
2011,9,30,6,30,34,303,64,0.15,1.5,57.2,9,790,N/A
2011,9,30,7,0,56,518,161,0.15,1.9000000000000001,47.85,11,790,N/A
2011,9,30,7,30,71,646,267,0.15,1.7000000000000002,41.910000000000004,12,790,N/A
2011,9,30,8,0,82,735,373,0.15,1.5,37.81,14,790,N/A
2011,9,30,8,30,90,794,473,0.15,1.3,35.44,15,790,N/A
2011,9,30,9,0,95,843,567,0.15,1.1,33.18,17,790,N/A
2011,9,30,9,30,100,874,648,0.15,1.3,31.14,18,790,N/A
2011,9,30,10,0,101,903,719,0.15,1.5,30.71,19,790,N/A
2011,9,30,10,30,103,919,773,0.15,1.7000000000000002,28.85,20,790,N/A
2011,9,30,11,0,103,934,813,0.15,2,27.93,21,790,N/A
2011,9,30,11,30,104,940,835,0.15,2.2,27.91,22,790,N/A
2011,9,30,12,0,100,948,842,0.15,2.5,26.62,23,790,N/A
2011,9,30,12,30,100,946,830,0.15,2.7,26.6,23,790,N/A
2011,9,30,13,0,96,943,802,0.15,2.9000000000000004,25.11,23,790,N/A
2011,9,30,13,30,94,932,757,0.15,3,25.1,23,790,N/A
2011,9,30,14,0,87,924,699,0.15,3.3000000000000003,24.830000000000002,23,790,N/A
2011,9,30,14,30,84,901,624,0.15,3.2,26.37,22,790,N/A
2011,9,30,15,0,78,873,539,0.15,3.2,25.95,22,790,N/A
2011,9,30,15,30,72,829,442,0.15,3,27.57,21,790,N/A
2011,9,30,16,0,63,771,338,0.15,2.8000000000000003,27.38,21,790,N/A
2011,9,30,16,30,53,679,230,0.15,2.1,30.970000000000002,19,790,N/A
2011,9,30,17,0,39,533,124,0.15,1.5,38.800000000000004,18,790,N/A
2011,9,30,17,30,19,262,33,0.15,1.2000000000000002,44.07,16,790,N/A
2011,9,30,18,0,0,0,0,0.15,1,50.6,14,790,N/A
2011,9,30,18,30,0,0,0,0.15,0.9,50.61,13,790,N/A
2011,9,30,19,0,0,0,0,0.15,0.9,49.89,13,790,N/A
2011,9,30,19,30,0,0,0,0.15,0.8,53.27,12,790,N/A
2011,9,30,20,0,0,0,0,0.15,0.8,52.67,12,790,N/A
2011,9,30,20,30,0,0,0,0.15,0.7000000000000001,52.67,12,790,N/A
2011,9,30,21,0,0,0,0,0.15,0.7000000000000001,52.32,12,790,N/A
2011,9,30,21,30,0,0,0,0.15,0.6000000000000001,52.31,12,790,N/A
2011,9,30,22,0,0,0,0,0.15,0.6000000000000001,51.81,12,790,N/A
2011,9,30,22,30,0,0,0,0.15,0.6000000000000001,55.35,12,790,N/A
2011,9,30,23,0,0,0,0,0.15,0.6000000000000001,54.6,12,790,N/A
2011,9,30,23,30,0,0,0,0.15,0.5,54.6,11,790,N/A
2011,10,1,0,0,0,0,0,0.15,0.5,53.81,11,790,N/A
2011,10,1,0,30,0,0,0,0.15,0.30000000000000004,57.51,11,790,N/A
2011,10,1,1,0,0,0,0,0.15,0.1,56.99,11,790,N/A
2011,10,1,1,30,0,0,0,0.15,0.30000000000000004,56.99,10,790,N/A
2011,10,1,2,0,0,0,0,0.15,0.5,57.06,10,790,N/A
2011,10,1,2,30,0,0,0,0.15,0.6000000000000001,61.02,9,790,N/A
2011,10,1,3,0,0,0,0,0.15,0.8,61.75,9,790,N/A
2011,10,1,3,30,0,0,0,0.15,0.7000000000000001,66.08,9,790,N/A
2011,10,1,4,0,0,0,0,0.15,0.7000000000000001,67.2,9,790,N/A
2011,10,1,4,30,0,0,0,0.15,0.5,67.21000000000001,8,790,N/A
2011,10,1,5,0,0,0,0,0.15,0.4,68.12,8,790,N/A
2011,10,1,5,30,0,0,0,0.15,0.30000000000000004,68.13,8,790,N/A
2011,10,1,6,0,0,0,0,0.15,0.2,64.35,9,790,N/A
2011,10,1,6,30,29,392,66,0.15,0.1,56.31,11,790,N/A
2011,10,1,7,0,46,601,166,0.15,0.1,50.550000000000004,13,790,N/A
2011,10,1,7,30,58,724,275,0.15,0.7000000000000001,44.42,15,790,N/A
2011,10,1,8,0,67,802,382,0.15,1.5,36.93,17,790,N/A
2011,10,1,8,30,74,857,484,0.15,1.6,34.67,18,790,N/A
2011,10,1,9,0,79,895,578,0.15,1.8,28.8,20,790,N/A
2011,10,1,9,30,83,923,660,0.15,1.7000000000000002,27.080000000000002,21,790,N/A
2011,10,1,10,0,87,943,729,0.15,1.6,23.77,22,790,N/A
2011,10,1,10,30,89,958,783,0.15,1.6,23.77,23,790,N/A
2011,10,1,11,0,90,968,822,0.15,1.7000000000000002,20.61,24,790,N/A
2011,10,1,11,30,91,973,844,0.15,1.9000000000000001,20.6,24,790,N/A
2011,10,1,12,0,92,974,849,0.15,2.1,18.18,25,790,N/A
2011,10,1,12,30,91,971,836,0.15,2.2,18.17,25,790,N/A
2011,10,1,13,0,91,962,807,0.15,2.4000000000000004,16.29,25,790,N/A
2011,10,1,13,30,89,951,761,0.15,2.4000000000000004,17.28,25,790,N/A
2011,10,1,14,0,82,942,701,0.15,2.5,16.66,25,790,N/A
2011,10,1,14,30,79,918,626,0.15,2.5,16.65,24,790,N/A
2011,10,1,15,0,75,885,538,0.15,2.6,16.31,24,790,N/A
2011,10,1,15,30,69,841,440,0.15,2.5,17.32,23,790,N/A
2011,10,1,16,0,62,775,335,0.15,2.5,18.54,22,790,N/A
2011,10,1,16,30,53,680,226,0.15,1.8,20.96,20,790,N/A
2011,10,1,17,0,39,526,119,0.15,1.2000000000000002,29.78,18,790,N/A
2011,10,1,17,30,18,247,29,0.15,1.1,33.8,16,790,N/A
2011,10,1,18,0,0,0,0,0.15,1.1,40.01,14,790,N/A
2011,10,1,18,30,0,0,0,0.15,1,42.7,14,790,N/A
2011,10,1,19,0,0,0,0,0.15,1,42.85,14,790,N/A
2011,10,1,19,30,0,0,0,0.15,1,45.76,13,790,N/A
2011,10,1,20,0,0,0,0,0.15,1,46.29,13,790,N/A
2011,10,1,20,30,0,0,0,0.15,1,46.300000000000004,12,790,N/A
2011,10,1,21,0,0,0,0,0.15,1.1,46.14,12,790,N/A
2011,10,1,21,30,0,0,0,0.15,1.1,49.29,11,790,N/A
2011,10,1,22,0,0,0,0,0.15,1.2000000000000002,48.67,11,790,N/A
2011,10,1,22,30,0,0,0,0.15,1.2000000000000002,48.67,11,790,N/A
2011,10,1,23,0,0,0,0,0.15,1.2000000000000002,47.96,11,790,N/A
2011,10,1,23,30,0,0,0,0.15,1.1,51.25,11,790,N/A
2011,10,2,0,0,0,0,0,0.15,1,50.71,11,790,N/A
2011,10,2,0,30,0,0,0,0.15,0.9,50.71,10,790,N/A
2011,10,2,1,0,0,0,0,0.15,0.8,50.53,10,790,N/A
2011,10,2,1,30,0,0,0,0.15,0.7000000000000001,50.52,10,790,N/A
2011,10,2,2,0,0,0,0,0.15,0.7000000000000001,50.65,10,790,N/A
2011,10,2,2,30,0,0,0,0.15,0.7000000000000001,54.160000000000004,9,790,N/A
2011,10,2,3,0,0,0,0,0.15,0.8,54.28,9,790,N/A
2011,10,2,3,30,0,0,0,0.15,0.9,54.29,9,790,N/A
2011,10,2,4,0,0,0,0,0.15,1,54.47,9,790,N/A
2011,10,2,4,30,0,0,0,0.15,1,58.28,9,790,N/A
2011,10,2,5,0,0,0,0,0.15,1,58.59,9,790,N/A
2011,10,2,5,30,0,0,0,0.15,0.9,58.6,9,790,N/A
2011,10,2,6,0,0,0,0,0.15,0.9,56.36,9,790,N/A
2011,10,2,6,30,27,406,65,0.15,1,49.32,11,790,N/A
2011,10,2,7,0,43,613,164,0.15,1.2000000000000002,48.02,13,790,N/A
2011,10,2,7,30,54,733,271,0.15,1.5,42.19,15,790,N/A
2011,10,2,8,0,62,810,378,0.15,1.8,37.21,17,790,N/A
2011,10,2,8,30,69,862,479,0.15,2,34.94,18,790,N/A
2011,10,2,9,0,74,897,571,0.15,2.3000000000000003,30.8,20,790,N/A
2011,10,2,9,30,78,924,651,0.15,2.4000000000000004,28.96,21,790,N/A
2011,10,2,10,0,81,941,719,0.15,2.5,26.76,22,790,N/A
2011,10,2,10,30,84,954,772,0.15,2.6,26.75,22,790,N/A
2011,10,2,11,0,300,563,723,0.15,2.7,25.01,23,790,N/A
2011,10,2,11,30,318,548,740,0.15,2.9000000000000004,24.990000000000002,23,790,N/A
2011,10,2,12,0,344,447,690,0.15,3.1,23.59,24,790,N/A
2011,10,2,12,30,336,458,685,0.15,3.3000000000000003,23.580000000000002,24,790,N/A
2011,10,2,13,0,323,419,634,0.15,3.6,23.86,24,790,N/A
2011,10,2,13,30,278,528,648,0.15,3.7,25.330000000000002,23,790,N/A
2011,10,2,14,0,229,553,589,0.15,3.8000000000000003,25.89,23,790,N/A
2011,10,2,14,30,172,649,556,0.15,3.8000000000000003,27.51,22,790,N/A
2011,10,2,15,0,231,286,379,0.15,3.8000000000000003,30.48,22,790,N/A
2011,10,2,15,30,176,341,325,0.15,3.5,32.42,21,790,N/A
2011,10,2,16,0,109,478,274,0.15,3.3000000000000003,34.39,20,790,N/A
2011,10,2,16,30,76,427,182,0.15,2.5,38.95,19,790,N/A
2011,10,2,17,0,41,398,100,0.15,1.8,44.71,18,790,N/A
2011,10,2,17,30,22,0,22,0.15,1.4000000000000001,47.65,17,790,N/A
2011,10,2,18,0,0,0,0,0.15,1.1,53.480000000000004,16,790,N/A
2011,10,2,18,30,0,0,0,0.15,1,57.050000000000004,15,790,N/A
2011,10,2,19,0,0,0,0,0.15,1,58.29,15,790,N/A
2011,10,2,19,30,0,0,0,0.15,0.9,62.2,14,790,N/A
2011,10,2,20,0,0,0,0,0.15,0.8,63.24,14,790,N/A
2011,10,2,20,30,0,0,0,0.15,0.8,67.51,13,790,N/A
2011,10,2,21,0,0,0,0,0.15,0.8,68.32000000000001,13,790,N/A
2011,10,2,21,30,0,0,0,0.15,0.8,68.31,12,790,N/A
2011,10,2,22,0,0,0,0,0.15,0.8,68.5,12,790,N/A
2011,10,2,22,30,0,0,0,0.15,0.8,73.16,11,790,N/A
2011,10,2,23,0,0,0,0,0.15,0.8,72.97,11,790,N/A
2011,10,2,23,30,0,0,0,0.15,0.8,72.97,11,790,N/A
2011,10,3,0,0,0,0,0,0.15,0.8,72.82000000000001,11,790,N/A
2011,10,3,0,30,0,0,0,0.15,0.8,72.82000000000001,11,790,N/A
2011,10,3,1,0,0,0,0,0.15,0.8,72.68,11,790,N/A
2011,10,3,1,30,0,0,0,0.15,0.8,72.67,11,790,N/A
2011,10,3,2,0,0,0,0,0.15,0.8,72.32000000000001,11,790,N/A
2011,10,3,2,30,0,0,0,0.15,0.7000000000000001,72.31,11,790,N/A
2011,10,3,3,0,0,0,0,0.15,0.6000000000000001,71.85000000000001,11,790,N/A
2011,10,3,3,30,0,0,0,0.15,0.5,71.85000000000001,11,790,N/A
2011,10,3,4,0,0,0,0,0.15,0.5,71.47,11,790,N/A
2011,10,3,4,30,0,0,0,0.15,0.5,71.47,11,790,N/A
2011,10,3,5,0,0,0,0,0.15,0.5,71.24,11,790,N/A
2011,10,3,5,30,0,0,0,0.15,0.4,71.25,11,790,N/A
2011,10,3,6,0,0,0,0,0.15,0.4,71.33,11,790,N/A
2011,10,3,6,30,31,285,57,0.15,0.2,66.79,12,790,N/A
2011,10,3,7,0,59,376,132,0.15,0.1,59.13,14,790,N/A
2011,10,3,7,30,90,454,223,0.15,0.7000000000000001,55.45,15,790,N/A
2011,10,3,8,0,149,345,283,0.15,1.4000000000000001,47.42,17,790,N/A
2011,10,3,8,30,197,347,361,0.15,1.7000000000000002,44.53,18,790,N/A
2011,10,3,9,0,101,807,545,0.15,2.1,41.42,19,790,N/A
2011,10,3,9,30,106,840,625,0.15,2.3000000000000003,41.42,19,790,N/A
2011,10,3,10,0,117,850,689,0.15,2.5,39.06,20,790,N/A
2011,10,3,10,30,120,867,742,0.15,2.6,39.050000000000004,20,790,N/A
2011,10,3,11,0,377,100,452,0.15,2.7,39.04,20,790,N/A
2011,10,3,11,30,394,115,482,0.15,2.7,39.03,20,790,N/A
2011,10,3,12,0,339,484,712,0.15,2.7,38.63,21,790,N/A
2011,10,3,12,30,328,500,707,0.15,2.7,38.62,21,790,N/A
2011,10,3,13,0,346,60,390,0.15,2.7,37.92,21,790,N/A
2011,10,3,13,30,321,65,367,0.15,2.7,37.910000000000004,21,790,N/A
2011,10,3,14,0,90,0,90,0.15,2.7,37.12,21,790,N/A
2011,10,3,14,30,80,0,80,0.15,2.6,37.12,20,790,N/A
2011,10,3,15,0,193,23,205,0.15,2.6,36.71,20,790,N/A
2011,10,3,15,30,158,18,166,0.15,2.5,39.06,19,790,N/A
2011,10,3,16,0,138,244,222,0.15,2.4000000000000004,39.33,19,790,N/A
2011,10,3,16,30,97,111,124,0.15,1.7000000000000002,41.87,18,790,N/A
2011,10,3,17,0,40,0,40,0.15,1.1,48.24,17,790,N/A
2011,10,3,17,30,8,0,8,0.15,0.9,54.79,16,790,N/A
2011,10,3,18,0,0,0,0,0.15,0.8,59.47,15,790,N/A
2011,10,3,18,30,0,0,0,0.15,0.8,59.480000000000004,14,790,N/A
2011,10,3,19,0,0,0,0,0.15,0.8,60.01,14,790,N/A
2011,10,3,19,30,0,0,0,0.15,0.8,60.02,14,790,N/A
2011,10,3,20,0,0,0,0,0.15,0.8,60.870000000000005,14,790,N/A
2011,10,3,20,30,0,0,0,0.15,0.8,64.96000000000001,14,790,N/A
2011,10,3,21,0,0,0,0,0.15,0.8,65.46000000000001,14,790,N/A
2011,10,3,21,30,0,0,0,0.15,0.8,65.45,13,790,N/A
2011,10,3,22,0,0,0,0,0.15,0.8,66.07000000000001,13,790,N/A
2011,10,3,22,30,0,0,0,0.15,0.8,70.52,13,790,N/A
2011,10,3,23,0,0,0,0,0.15,0.9,71.2,13,790,N/A
2011,10,3,23,30,0,0,0,0.15,0.9,71.2,12,790,N/A
2011,10,4,0,0,0,0,0,0.15,1,71.63,12,790,N/A
2011,10,4,0,30,0,0,0,0.15,1,76.51,12,790,N/A
2011,10,4,1,0,0,0,0,0.15,1,76.4,12,790,N/A
2011,10,4,1,30,0,0,0,0.15,0.9,76.38,11,790,N/A
2011,10,4,2,0,0,0,0,0.15,0.9,76.01,11,790,N/A
2011,10,4,2,30,0,0,0,0.15,0.8,81.23,11,790,N/A
2011,10,4,3,0,0,0,0,0.15,0.7000000000000001,81.63,11,790,N/A
2011,10,4,3,30,0,0,0,0.15,0.6000000000000001,81.63,10,790,N/A
2011,10,4,4,0,0,0,0,0.15,0.6000000000000001,83,10,790,N/A
2011,10,4,4,30,0,0,0,0.15,0.4,83,10,790,N/A
2011,10,4,5,0,0,0,0,0.15,0.2,84.44,10,790,N/A
2011,10,4,5,30,0,0,0,0.15,0.2,84.44,10,790,N/A
2011,10,4,6,0,0,0,0,0.15,0.2,87.06,10,790,N/A
2011,10,4,6,30,22,0,22,0.15,0.30000000000000004,87.06,10,790,N/A
2011,10,4,7,0,63,0,63,0.15,0.4,84.45,11,790,N/A
2011,10,4,7,30,92,503,237,0.15,0.5,84.45,12,790,N/A
2011,10,4,8,0,107,606,339,0.15,0.7000000000000001,79.52,13,790,N/A
2011,10,4,8,30,184,395,370,0.15,1,79.51,13,790,N/A
2011,10,4,9,0,147,664,511,0.15,1.4000000000000001,72.54,14,790,N/A
2011,10,4,9,30,193,626,577,0.15,1.7000000000000002,67.95,14,790,N/A
2011,10,4,10,0,302,379,555,0.15,2.1,61.370000000000005,15,790,N/A
2011,10,4,10,30,341,334,580,0.15,2.4000000000000004,61.33,16,790,N/A
2011,10,4,11,0,377,266,575,0.15,2.8000000000000003,55.31,17,780,N/A
2011,10,4,11,30,340,413,654,0.15,3,55.28,17,780,N/A
2011,10,4,12,0,65,0,65,0.15,3.3000000000000003,50.22,17,780,N/A
2011,10,4,12,30,69,0,69,0.15,3.4000000000000004,50.2,17,780,N/A
2011,10,4,13,0,52,0,52,0.15,3.6,50.08,18,780,N/A
2011,10,4,13,30,224,15,235,0.15,3.6,53.34,17,780,N/A
2011,10,4,14,0,229,19,242,0.15,3.7,55.04,17,780,N/A
2011,10,4,14,30,46,0,46,0.15,3.5,58.67,16,780,N/A
2011,10,4,15,0,21,0,21,0.15,3.3000000000000003,65.91,15,780,N/A
2011,10,4,15,30,26,0,26,0.15,3,70.33,14,780,N/A
2011,10,4,16,0,5,0,5,0.15,2.7,78.19,13,780,N/A
2011,10,4,16,30,13,0,13,0.15,2.2,83.52,12,780,N/A
2011,10,4,17,0,6,0,6,0.15,1.8,86.11,11,780,N/A
2011,10,4,17,30,1,0,1,0.15,1.5,92.03,10,780,N/A
2011,10,4,18,0,0,0,0,0.15,1.2000000000000002,93.87,10,780,N/A
2011,10,4,18,30,0,0,0,0.15,1.2000000000000002,93.88,10,780,N/A
2011,10,4,19,0,0,0,0,0.15,1.3,93.49,10,780,N/A
2011,10,4,19,30,0,0,0,0.15,1,99.97,10,780,N/A
2011,10,4,20,0,0,0,0,0.15,0.7000000000000001,100,10,780,N/A
2011,10,4,20,30,0,0,0,0.15,0.7000000000000001,100,9,780,N/A
2011,10,4,21,0,0,0,0,0.15,0.7000000000000001,99.58,9,780,N/A
2011,10,4,21,30,0,0,0,0.15,0.8,100,9,780,N/A
2011,10,4,22,0,0,0,0,0.15,1,100,9,780,N/A
2011,10,4,22,30,0,0,0,0.15,1.1,100,8,780,N/A
2011,10,4,23,0,0,0,0,0.15,1.2000000000000002,100,8,780,N/A
2011,10,4,23,30,0,0,0,0.15,1.6,100,8,780,N/A
2011,10,5,0,0,0,0,0,0.15,2,100,8,780,N/A
2011,10,5,0,30,0,0,0,0.15,2.3000000000000003,100,8,780,N/A
2011,10,5,1,0,0,0,0,0.15,2.6,100,9,780,N/A
2011,10,5,1,30,0,0,0,0.15,2,100,9,780,N/A
2011,10,5,2,0,0,0,0,0.15,1.4000000000000001,100,9,780,N/A
2011,10,5,2,30,0,0,0,0.15,1.1,100,8,780,N/A
2011,10,5,3,0,0,0,0,0.15,0.9,100,8,780,N/A
2011,10,5,3,30,0,0,0,0.15,0.5,100,8,780,N/A
2011,10,5,4,0,0,0,0,0.15,0.2,100,8,780,N/A
2011,10,5,4,30,0,0,0,0.15,0.30000000000000004,100,7,780,N/A
2011,10,5,5,0,0,0,0,0.15,0.4,100,7,780,N/A
2011,10,5,5,30,0,0,0,0.15,0.5,100,7,780,N/A
2011,10,5,6,0,0,0,0,0.15,0.6000000000000001,100,7,780,N/A
2011,10,5,6,30,26,0,26,0.15,0.9,100,8,780,N/A
2011,10,5,7,0,67,20,71,0.15,1.3,98.65,9,780,N/A
2011,10,5,7,30,57,660,247,0.15,1.7000000000000002,92.21000000000001,9,780,N/A
2011,10,5,8,0,60,810,368,0.15,2.2,83.09,10,780,N/A
2011,10,5,8,30,66,864,469,0.15,2.6,77.74,11,780,N/A
2011,10,5,9,0,187,519,469,0.15,3.1,66.11,12,780,N/A
2011,10,5,9,30,71,939,644,0.15,3.3000000000000003,66.09,12,780,N/A
2011,10,5,10,0,71,964,713,0.15,3.5,54.71,13,780,N/A
2011,10,5,10,30,73,977,767,0.15,3.7,54.68,14,780,N/A
2011,10,5,11,0,89,959,798,0.15,3.9000000000000004,48.18,15,780,N/A
2011,10,5,11,30,90,963,819,0.15,4,45.15,15,780,N/A
2011,10,5,12,0,391,111,476,0.15,4.2,41,16,780,N/A
2011,10,5,12,30,368,76,426,0.15,4.3,40.980000000000004,16,780,N/A
2011,10,5,13,0,363,278,565,0.15,4.5,39.57,17,780,N/A
2011,10,5,13,30,260,23,277,0.15,4.5,39.56,17,780,N/A
2011,10,5,14,0,238,24,253,0.15,4.5,35.63,17,780,N/A
2011,10,5,14,30,279,180,383,0.15,4.1000000000000005,37.97,16,780,N/A
2011,10,5,15,0,194,437,415,0.15,3.8000000000000003,39.65,16,780,N/A
2011,10,5,15,30,163,376,321,0.15,3.1,42.29,14,780,N/A
2011,10,5,16,0,131,270,221,0.15,2.5,47.660000000000004,13,780,N/A
2011,10,5,16,30,82,305,153,0.15,1.6,50.88,12,780,N/A
2011,10,5,17,0,47,211,75,0.15,0.7000000000000001,60.18,11,780,N/A
2011,10,5,17,30,13,0,13,0.15,0.4,64.31,10,780,N/A
2011,10,5,18,0,0,0,0,0.15,0.2,67.14,10,780,N/A
2011,10,5,18,30,0,0,0,0.15,0.30000000000000004,71.79,9,780,N/A
2011,10,5,19,0,0,0,0,0.15,0.5,70.39,9,780,N/A
2011,10,5,19,30,0,0,0,0.15,0.7000000000000001,75.3,8,780,N/A
2011,10,5,20,0,0,0,0,0.15,0.9,74.22,8,780,N/A
2011,10,5,20,30,0,0,0,0.15,0.9,74.2,8,780,N/A
2011,10,5,21,0,0,0,0,0.15,1,73.32000000000001,8,780,N/A
2011,10,5,21,30,0,0,0,0.15,1,78.47,7,780,N/A
2011,10,5,22,0,0,0,0,0.15,1.1,76.58,7,780,N/A
2011,10,5,22,30,0,0,0,0.15,1.1,82,7,780,N/A
2011,10,5,23,0,0,0,0,0.15,1.1,80.55,7,780,N/A
2011,10,5,23,30,0,0,0,0.15,1.1,80.53,6,780,N/A
2011,10,6,0,0,0,0,0,0.15,1.1,79.46000000000001,6,780,N/A
2011,10,6,0,30,0,0,0,0.15,1,85.14,6,780,N/A
2011,10,6,1,0,0,0,0,0.15,1,83.73,6,780,N/A
2011,10,6,1,30,0,0,0,0.15,1,83.7,6,780,N/A
2011,10,6,2,0,0,0,0,0.15,1.1,81.17,6,780,N/A
2011,10,6,2,30,0,0,0,0.15,1.1,81.15,5,780,N/A
2011,10,6,3,0,0,0,0,0.15,1.2000000000000002,77.47,5,780,N/A
2011,10,6,3,30,0,0,0,0.15,1.2000000000000002,77.46000000000001,5,780,N/A
2011,10,6,4,0,0,0,0,0.15,1.4000000000000001,74.11,5,780,N/A
2011,10,6,4,30,0,0,0,0.15,1.3,74.11,5,780,N/A
2011,10,6,5,0,0,0,0,0.15,1.3,72.63,5,780,N/A
2011,10,6,5,30,0,0,0,0.15,1.4000000000000001,72.62,5,780,N/A
2011,10,6,6,0,0,0,0,0.15,1.5,73.14,6,780,N/A
2011,10,6,6,30,12,0,12,0.15,2.3000000000000003,63.71,8,780,N/A
2011,10,6,7,0,34,0,34,0.15,3.2,57.49,10,780,N/A
2011,10,6,7,30,102,15,106,0.15,4.1000000000000005,50.300000000000004,11,780,N/A
2011,10,6,8,0,164,150,221,0.15,5.1000000000000005,45.93,13,780,N/A
2011,10,6,8,30,206,87,246,0.15,5.6000000000000005,43.04,14,780,N/A
2011,10,6,9,0,237,57,268,0.15,6.300000000000001,37.63,15,780,N/A
2011,10,6,9,30,285,81,335,0.15,6.6000000000000005,37.62,16,780,N/A
2011,10,6,10,0,323,278,507,0.15,7,33.81,17,780,N/A
2011,10,6,10,30,253,20,268,0.15,7.300000000000001,33.79,17,770,N/A
2011,10,6,11,0,174,11,182,0.15,7.7,32.78,18,770,N/A
2011,10,6,11,30,208,14,218,0.15,7.800000000000001,32.77,18,770,N/A
2011,10,6,12,0,207,15,219,0.15,7.9,32.78,18,770,N/A
2011,10,6,12,30,106,0,106,0.15,7.800000000000001,32.77,18,770,N/A
2011,10,6,13,0,372,151,481,0.15,7.800000000000001,34.480000000000004,18,770,N/A
2011,10,6,13,30,66,0,66,0.15,7.6000000000000005,36.72,18,770,N/A
2011,10,6,14,0,61,0,61,0.15,7.4,38.04,18,770,N/A
2011,10,6,14,30,162,7,167,0.15,7,40.54,17,770,N/A
2011,10,6,15,0,140,3,142,0.15,6.6000000000000005,41.33,17,770,N/A
2011,10,6,15,30,115,0,115,0.15,6,44.08,16,770,N/A
2011,10,6,16,0,85,0,85,0.15,5.4,44.76,15,770,N/A
2011,10,6,16,30,55,0,55,0.15,4.5,50.96,13,770,N/A
2011,10,6,17,0,26,0,26,0.15,3.7,54.050000000000004,12,780,N/A
2011,10,6,17,30,4,0,4,0.15,3,57.76,11,780,N/A
2011,10,6,18,0,0,0,0,0.15,2.4000000000000004,59.39,10,780,N/A
2011,10,6,18,30,0,0,0,0.15,2.4000000000000004,63.54,9,780,N/A
2011,10,6,19,0,0,0,0,0.15,2.4000000000000004,61.85,9,780,N/A
2011,10,6,19,30,0,0,0,0.15,2.4000000000000004,66.23,8,780,N/A
2011,10,6,20,0,0,0,0,0.15,2.4000000000000004,58.13,7,780,N/A
2011,10,6,20,30,0,0,0,0.15,2.3000000000000003,62.27,6,780,N/A
2011,10,6,21,0,0,0,0,0.15,2.3000000000000003,54.76,6,780,N/A
2011,10,6,21,30,0,0,0,0.15,2.2,58.69,5,780,N/A
2011,10,6,22,0,0,0,0,0.15,2.1,57.33,5,780,N/A
2011,10,6,22,30,0,0,0,0.15,2,61.52,4,780,N/A
2011,10,6,23,0,0,0,0,0.15,1.9000000000000001,58.09,4,780,N/A
2011,10,6,23,30,0,0,0,0.15,1.8,62.36,3,780,N/A
2011,10,7,0,0,0,0,0,0.15,1.7000000000000002,60.27,2,780,N/A
2011,10,7,0,30,0,0,0,0.15,1.7000000000000002,64.75,2,780,N/A
2011,10,7,1,0,0,0,0,0.15,1.8,62.910000000000004,2,780,N/A
2011,10,7,1,30,0,0,0,0.15,1.8,62.9,1,780,N/A
2011,10,7,2,0,0,0,0,0.15,1.8,62.68,1,780,N/A
2011,10,7,2,30,0,0,0,0.15,1.6,62.68,1,780,N/A
2011,10,7,3,0,0,0,0,0.15,1.5,64.04,1,780,N/A
2011,10,7,3,30,0,0,0,0.15,1.3,64.04,1,780,N/A
2011,10,7,4,0,0,0,0,0.15,1.2000000000000002,65.7,1,780,N/A
2011,10,7,4,30,0,0,0,0.15,1.1,70.62,1,780,N/A
2011,10,7,5,0,0,0,0,0.15,1,71.76,1,780,N/A
2011,10,7,5,30,0,0,0,0.15,0.9,71.77,1,780,N/A
2011,10,7,6,0,0,0,0,0.15,0.9,69.05,1,780,N/A
2011,10,7,6,30,23,388,54,0.15,1,59.89,3,780,N/A
2011,10,7,7,0,39,618,152,0.15,1.2000000000000002,55.11,5,780,N/A
2011,10,7,7,30,32,0,32,0.15,1.4000000000000001,51.43,6,780,N/A
2011,10,7,8,0,40,0,40,0.15,1.6,51.92,8,780,N/A
2011,10,7,8,30,134,578,399,0.15,1.9000000000000001,48.53,9,780,N/A
2011,10,7,9,0,187,15,196,0.15,2.3000000000000003,48.53,11,780,N/A
2011,10,7,9,30,190,12,197,0.15,2.5,45.410000000000004,11,780,N/A
2011,10,7,10,0,119,1,120,0.15,2.9000000000000004,43.76,12,780,N/A
2011,10,7,10,30,340,77,394,0.15,3,43.75,12,780,N/A
2011,10,7,11,0,201,13,211,0.15,3.2,42.53,13,780,N/A
2011,10,7,11,30,127,4,131,0.15,3.3000000000000003,42.51,13,780,N/A
2011,10,7,12,0,93,0,93,0.15,3.5,43.94,14,780,N/A
2011,10,7,12,30,93,0,93,0.15,3.5,43.92,14,780,N/A
2011,10,7,13,0,369,193,507,0.15,3.5,44.84,14,780,N/A
2011,10,7,13,30,86,0,86,0.15,3.3000000000000003,44.83,13,780,N/A
2011,10,7,14,0,79,0,79,0.15,3.2,45.22,13,780,N/A
2011,10,7,14,30,235,38,256,0.15,3,48.28,12,780,N/A
2011,10,7,15,0,154,7,157,0.15,2.8000000000000003,51.800000000000004,12,780,N/A
2011,10,7,15,30,23,0,23,0.15,2.5,55.370000000000005,11,780,N/A
2011,10,7,16,0,42,0,42,0.15,2.2,55.910000000000004,10,780,N/A
2011,10,7,16,30,6,0,6,0.15,1.8,63.980000000000004,9,780,N/A
2011,10,7,17,0,3,0,3,0.148,1.4000000000000001,72.78,8,780,N/A
2011,10,7,17,30,0,0,0,0.148,1.2000000000000002,77.97,7,780,N/A
2011,10,7,18,0,0,0,0,0.148,1.1,87.34,6,780,N/A
2011,10,7,18,30,0,0,0,0.148,1.2000000000000002,93.66,5,780,N/A
2011,10,7,19,0,0,0,0,0.148,1.4000000000000001,89.17,4,780,N/A
2011,10,7,19,30,0,0,0,0.148,1.5,95.67,3,780,N/A
2011,10,7,20,0,0,0,0,0.148,1.7000000000000002,91.07000000000001,3,780,N/A
2011,10,7,20,30,0,0,0,0.148,1.7000000000000002,97.75,3,780,N/A
2011,10,7,21,0,0,0,0,0.148,1.7000000000000002,95.46000000000001,3,780,N/A
2011,10,7,21,30,0,0,0,0.148,1.4000000000000001,95.42,2,780,N/A
2011,10,7,22,0,0,0,0,0.148,1.2000000000000002,94.56,2,780,N/A
2011,10,7,22,30,0,0,0,0.148,1.1,94.55,2,780,N/A
2011,10,7,23,0,0,0,0,0.148,1,93.01,2,780,N/A
2011,10,7,23,30,0,0,0,0.148,1.2000000000000002,99.93,1,780,N/A
2011,10,8,0,0,0,0,0,0.148,1.4000000000000001,96.29,1,780,N/A
2011,10,8,0,30,0,0,0,0.148,1.4000000000000001,100,0,780,N/A
2011,10,8,1,0,0,0,0,0.148,1.5,98.11,0,780,N/A
2011,10,8,1,30,0,0,0,0.148,1.5,98.11,0,780,N/A
2011,10,8,2,0,0,0,0,0.148,1.5,93.18,0,780,N/A
2011,10,8,2,30,0,0,0,0.148,1.5,93.18,0,780,N/A
2011,10,8,3,0,0,0,0,0.148,1.5,94.24,0,780,N/A
2011,10,8,3,30,0,0,0,0.148,1.5,94.25,0,780,N/A
2011,10,8,4,0,0,0,0,0.148,1.5,89.02,-1,780,N/A
2011,10,8,4,30,0,0,0,0.148,1.4000000000000001,89.03,-1,780,N/A
2011,10,8,5,0,0,0,0,0.148,1.4000000000000001,92.07000000000001,-2,780,N/A
2011,10,8,5,30,0,0,0,0.148,1.4000000000000001,92.07000000000001,-2,780,N/A
2011,10,8,6,0,0,0,0,0.148,1.5,91.01,-2,780,N/A
2011,10,8,6,30,26,341,52,0.148,2,84.59,-1,780,N/A
2011,10,8,7,0,54,375,121,0.148,2.5,84.06,0,780,N/A
2011,10,8,7,30,56,734,259,0.148,3.1,78.22,1,780,N/A
2011,10,8,8,0,63,826,369,0.148,3.7,65.53,3,780,N/A
2011,10,8,8,30,69,882,471,0.148,3.7,61.08,4,780,N/A
2011,10,8,9,0,75,920,565,0.148,3.8000000000000003,47.7,6,780,N/A
2011,10,8,9,30,79,948,647,0.148,3.6,44.53,7,780,N/A
2011,10,8,10,0,85,961,713,0.148,3.4000000000000004,39.31,8,780,N/A
2011,10,8,10,30,87,974,766,0.148,3.2,39.31,9,780,N/A
2011,10,8,11,0,93,973,801,0.148,3.1,35.84,10,780,N/A
2011,10,8,11,30,94,977,821,0.148,3.1,35.83,10,780,N/A
2011,10,8,12,0,95,976,824,0.148,3.1,33.22,11,780,N/A
2011,10,8,12,30,94,973,810,0.148,3.1,33.2,11,780,N/A
2011,10,8,13,0,90,969,779,0.148,3.2,31.09,11,780,N/A
2011,10,8,13,30,88,956,731,0.148,3.2,31.09,11,780,N/A
2011,10,8,14,0,84,939,669,0.148,3.2,31.220000000000002,12,780,N/A
2011,10,8,14,30,80,913,592,0.148,3,31.240000000000002,11,780,N/A
2011,10,8,15,0,77,870,502,0.148,2.9000000000000004,31.46,11,780,N/A
2011,10,8,15,30,70,818,403,0.148,2.6,33.64,10,780,N/A
2011,10,8,16,0,65,728,295,0.148,2.4000000000000004,34.12,10,780,N/A
2011,10,8,16,30,53,611,187,0.148,1.8,39.06,9,780,N/A
2011,10,8,17,0,36,408,85,0.148,1.2000000000000002,51.34,8,780,N/A
2011,10,8,17,30,0,0,0,0.148,1.1,55,6,780,N/A
2011,10,8,18,0,0,0,0,0.148,1,60.1,5,780,N/A
2011,10,8,18,30,0,0,0,0.148,1.1,64.46000000000001,4,780,N/A
2011,10,8,19,0,0,0,0,0.148,1.2000000000000002,65.71000000000001,3,780,N/A
2011,10,8,19,30,0,0,0,0.148,1.2000000000000002,70.56,3,780,N/A
2011,10,8,20,0,0,0,0,0.148,1.2000000000000002,69.19,3,780,N/A
2011,10,8,20,30,0,0,0,0.148,1.2000000000000002,69.19,2,780,N/A
2011,10,8,21,0,0,0,0,0.148,1.2000000000000002,69.5,2,780,N/A
2011,10,8,21,30,0,0,0,0.148,1.2000000000000002,69.5,2,780,N/A
2011,10,8,22,0,0,0,0,0.148,1.3,71.42,2,780,N/A
2011,10,8,22,30,0,0,0,0.148,1.3,71.41,2,780,N/A
2011,10,8,23,0,0,0,0,0.148,1.4000000000000001,72.7,2,780,N/A
2011,10,8,23,30,0,0,0,0.148,1.3,78.09,2,780,N/A
2011,10,9,0,0,0,0,0,0.148,1.3,79.05,2,780,N/A
2011,10,9,0,30,0,0,0,0.148,1.3,79.05,1,780,N/A
2011,10,9,1,0,0,0,0,0.148,1.3,80.07000000000001,1,780,N/A
2011,10,9,1,30,0,0,0,0.148,1.3,86.06,1,780,N/A
2011,10,9,2,0,0,0,0,0.148,1.4000000000000001,86.48,1,780,N/A
2011,10,9,2,30,0,0,0,0.148,1.5,86.49,1,780,N/A
2011,10,9,3,0,0,0,0,0.148,1.6,81.15,1,780,N/A
2011,10,9,3,30,0,0,0,0.148,1.5,81.15,1,780,N/A
2011,10,9,4,0,0,0,0,0.148,1.5,81.45,1,780,N/A
2011,10,9,4,30,0,0,0,0.148,1.5,87.54,0,780,N/A
2011,10,9,5,0,0,0,0,0.148,1.5,86.63,0,780,N/A
2011,10,9,5,30,0,0,0,0.148,1.5,86.63,0,780,N/A
2011,10,9,6,0,0,0,0,0.148,1.6,87.13,0,780,N/A
2011,10,9,6,30,26,98,33,0.148,2.1,81.07000000000001,1,780,N/A
2011,10,9,7,0,62,221,101,0.148,2.7,74.48,3,780,N/A
2011,10,9,7,30,90,395,199,0.148,2.8000000000000003,69.43,4,780,N/A
2011,10,9,8,0,68,780,355,0.148,3,59.01,6,780,N/A
2011,10,9,8,30,76,840,456,0.148,2.7,55.08,7,780,N/A
2011,10,9,9,0,133,691,498,0.148,2.5,48.82,8,780,N/A
2011,10,9,9,30,48,0,48,0.148,2.3000000000000003,48.81,9,780,N/A
2011,10,9,10,0,259,468,564,0.148,2.1,44.550000000000004,10,780,N/A
2011,10,9,10,30,223,15,234,0.148,2.1,44.53,10,780,N/A
2011,10,9,11,0,312,434,626,0.148,2.1,41.35,10,780,N/A
2011,10,9,11,30,320,448,651,0.148,2.1,41.33,10,780,N/A
2011,10,9,12,0,101,956,811,0.148,2.2,38.550000000000004,11,780,N/A
2011,10,9,12,30,100,953,797,0.148,2.2,38.53,11,780,N/A
2011,10,9,13,0,296,458,620,0.148,2.2,38.24,12,780,N/A
2011,10,9,13,30,94,938,721,0.148,2.2,38.24,12,780,N/A
2011,10,9,14,0,88,924,659,0.148,2.2,37.57,12,780,N/A
2011,10,9,14,30,222,435,464,0.148,2.2,37.57,12,780,N/A
2011,10,9,15,0,195,386,381,0.148,2.2,36.74,12,780,N/A
2011,10,9,15,30,159,364,306,0.148,2,39.27,11,780,N/A
2011,10,9,16,0,61,750,294,0.148,1.9000000000000001,38.67,11,780,N/A
2011,10,9,16,30,50,636,186,0.148,1.3,44.25,9,780,N/A
2011,10,9,17,0,33,450,84,0.148,0.8,54.44,8,780,N/A
2011,10,9,17,30,0,0,0,0.148,0.5,58.33,7,780,N/A
2011,10,9,18,0,0,0,0,0.148,0.30000000000000004,55.230000000000004,6,780,N/A
2011,10,9,18,30,0,0,0,0.148,0.30000000000000004,59.21,6,780,N/A
2011,10,9,19,0,0,0,0,0.148,0.4,57.160000000000004,6,780,N/A
2011,10,9,19,30,0,0,0,0.148,0.5,57.17,5,780,N/A
2011,10,9,20,0,0,0,0,0.148,0.7000000000000001,55.59,5,780,N/A
2011,10,9,20,30,0,0,0,0.148,0.7000000000000001,59.61,4,780,N/A
2011,10,9,21,0,0,0,0,0.148,0.8,58.35,4,780,N/A
2011,10,9,21,30,0,0,0,0.148,0.8,58.35,4,780,N/A
2011,10,9,22,0,0,0,0,0.148,0.9,57.52,4,780,N/A
2011,10,9,22,30,0,0,0,0.148,0.8,61.72,3,780,N/A
2011,10,9,23,0,0,0,0,0.148,0.8,61.03,3,780,N/A
2011,10,9,23,30,0,0,0,0.148,0.8,61.03,3,780,N/A
2011,10,10,0,0,0,0,0,0.148,0.8,60.74,3,780,N/A
2011,10,10,0,30,0,0,0,0.148,0.7000000000000001,65.21000000000001,3,780,N/A
2011,10,10,1,0,0,0,0,0.148,0.7000000000000001,64.52,3,780,N/A
2011,10,10,1,30,0,0,0,0.148,0.6000000000000001,64.51,2,780,N/A
2011,10,10,2,0,0,0,0,0.148,0.6000000000000001,64.26,2,780,N/A
2011,10,10,2,30,0,0,0,0.148,0.6000000000000001,64.26,2,780,N/A
2011,10,10,3,0,0,0,0,0.148,0.6000000000000001,64.18,2,780,N/A
2011,10,10,3,30,0,0,0,0.148,0.5,64.17,2,780,N/A
2011,10,10,4,0,0,0,0,0.148,0.5,64.22,2,780,N/A
2011,10,10,4,30,0,0,0,0.148,0.4,64.22,2,780,N/A
2011,10,10,5,0,0,0,0,0.148,0.4,64.46000000000001,2,780,N/A
2011,10,10,5,30,0,0,0,0.148,0.4,64.46000000000001,2,780,N/A
2011,10,10,6,0,0,0,0,0.148,0.4,65.1,3,780,N/A
2011,10,10,6,30,22,367,48,0.148,0.4,60.65,4,780,N/A
2011,10,10,7,0,39,618,145,0.148,0.5,59.24,6,780,N/A
2011,10,10,7,30,50,752,253,0.148,1.1,51.61,7,780,N/A
2011,10,10,8,0,57,836,361,0.148,1.8,42.34,9,780,N/A
2011,10,10,8,30,63,891,463,0.148,2.3000000000000003,39.59,10,780,N/A
2011,10,10,9,0,68,929,556,0.148,2.9000000000000004,34.68,12,780,N/A
2011,10,10,9,30,71,956,637,0.148,3,34.67,13,780,N/A
2011,10,10,10,0,74,976,705,0.148,3.2,32.38,14,780,N/A
2011,10,10,10,30,76,990,759,0.148,3.2,30.34,14,780,N/A
2011,10,10,11,0,80,995,795,0.148,3.3000000000000003,27.93,15,780,N/A
2011,10,10,11,30,81,1000,816,0.148,3.3000000000000003,27.92,15,780,N/A
2011,10,10,12,0,80,1002,820,0.148,3.4000000000000004,25.5,16,780,N/A
2011,10,10,12,30,80,999,806,0.148,3.4000000000000004,25.490000000000002,16,780,N/A
2011,10,10,13,0,78,992,775,0.148,3.4000000000000004,24.95,16,780,N/A
2011,10,10,13,30,76,980,727,0.148,3.3000000000000003,24.94,16,780,N/A
2011,10,10,14,0,72,967,665,0.148,3.2,24.47,16,780,N/A
2011,10,10,14,30,68,943,588,0.148,3.1,24.46,16,780,N/A
2011,10,10,15,0,64,909,499,0.148,3,24.09,16,780,N/A
2011,10,10,15,30,59,861,400,0.148,2.7,25.68,15,780,N/A
2011,10,10,16,0,52,794,295,0.148,2.4000000000000004,27.650000000000002,15,780,N/A
2011,10,10,16,30,42,685,186,0.148,1.7000000000000002,31.5,12,780,N/A
2011,10,10,17,0,28,499,82,0.148,1,43.39,10,780,N/A
2011,10,10,17,30,0,0,0,0.148,0.9,49.65,9,780,N/A
2011,10,10,18,0,0,0,0,0.148,0.9,50.7,8,780,N/A
2011,10,10,18,30,0,0,0,0.148,0.8,50.7,7,780,N/A
2011,10,10,19,0,0,0,0,0.148,0.8,48.09,7,780,N/A
2011,10,10,19,30,0,0,0,0.148,0.7000000000000001,48.09,7,780,N/A
2011,10,10,20,0,0,0,0,0.148,0.7000000000000001,46.01,7,780,N/A
2011,10,10,20,30,0,0,0,0.148,0.7000000000000001,49.27,7,780,N/A
2011,10,10,21,0,0,0,0,0.148,0.8,48.19,7,780,N/A
2011,10,10,21,30,0,0,0,0.148,0.9,51.64,6,780,N/A
2011,10,10,22,0,0,0,0,0.148,1,51.45,6,780,N/A
2011,10,10,22,30,0,0,0,0.148,1,51.44,5,780,N/A
2011,10,10,23,0,0,0,0,0.148,1.1,51.77,5,780,N/A
2011,10,10,23,30,0,0,0,0.148,1.1,55.5,4,780,N/A
2011,10,11,0,0,0,0,0,0.148,1.1,57.13,4,780,N/A
2011,10,11,0,30,0,0,0,0.148,1,57.120000000000005,4,780,N/A
2011,10,11,1,0,0,0,0,0.148,1,59.31,5,780,N/A
2011,10,11,1,30,0,0,0,0.148,0.9,59.300000000000004,5,780,N/A
2011,10,11,2,0,0,0,0,0.148,0.8,61.57,5,780,N/A
2011,10,11,2,30,0,0,0,0.148,0.8,61.56,5,780,N/A
2011,10,11,3,0,0,0,0,0.148,0.8,58.9,5,780,N/A
2011,10,11,3,30,0,0,0,0.148,0.9,63.15,5,780,N/A
2011,10,11,4,0,0,0,0,0.148,1.1,63.93,5,780,N/A
2011,10,11,4,30,0,0,0,0.148,1.1,63.93,4,780,N/A
2011,10,11,5,0,0,0,0,0.148,1.2000000000000002,62.88,4,780,N/A
2011,10,11,5,30,0,0,0,0.148,1.2000000000000002,67.46000000000001,4,780,N/A
2011,10,11,6,0,0,0,0,0.148,1.2000000000000002,65.76,4,780,N/A
2011,10,11,6,30,21,361,45,0.148,1.2000000000000002,57.17,5,780,N/A
2011,10,11,7,0,37,622,142,0.148,1.4000000000000001,55.19,7,780,N/A
2011,10,11,7,30,47,757,250,0.148,1.7000000000000002,51.56,9,780,N/A
2011,10,11,8,0,54,842,357,0.148,2,40.910000000000004,11,780,N/A
2011,10,11,8,30,60,898,459,0.148,2.6,35.83,12,780,N/A
2011,10,11,9,0,64,936,552,0.148,3.2,27.05,14,780,N/A
2011,10,11,9,30,68,964,634,0.148,3.5,25.35,15,780,N/A
2011,10,11,10,0,71,984,703,0.148,3.8000000000000003,23.68,16,780,N/A
2011,10,11,10,30,73,999,757,0.148,4,23.67,16,780,N/A
2011,10,11,11,0,77,1003,794,0.148,4.2,22.84,17,780,N/A
2011,10,11,11,30,78,1008,815,0.148,4.3,22.830000000000002,17,780,N/A
2011,10,11,12,0,79,1008,818,0.148,4.5,21.34,18,780,N/A
2011,10,11,12,30,78,1005,804,0.148,4.6000000000000005,21.34,18,780,N/A
2011,10,11,13,0,77,998,772,0.148,4.800000000000001,20.81,18,780,N/A
2011,10,11,13,30,75,985,725,0.148,4.9,20.8,18,780,N/A
2011,10,11,14,0,72,969,662,0.148,5,20.47,18,780,N/A
2011,10,11,14,30,69,944,584,0.148,5,21.8,17,780,N/A
2011,10,11,15,0,64,909,495,0.148,5,21.96,17,780,N/A
2011,10,11,15,30,59,861,396,0.148,4.7,23.400000000000002,16,780,N/A
2011,10,11,16,0,52,788,289,0.148,4.5,25.96,16,780,N/A
2011,10,11,16,30,43,675,181,0.148,3.6,29.560000000000002,14,780,N/A
2011,10,11,17,0,29,466,77,0.148,2.7,34.84,12,780,N/A
2011,10,11,17,30,0,0,0,0.148,2.3000000000000003,39.79,10,780,N/A
2011,10,11,18,0,0,0,0,0.148,2,45.35,9,780,N/A
2011,10,11,18,30,0,0,0,0.148,1.9000000000000001,48.54,8,780,N/A
2011,10,11,19,0,0,0,0,0.148,1.8,49.67,8,780,N/A
2011,10,11,19,30,0,0,0,0.148,1.7000000000000002,53.18,7,780,N/A
2011,10,11,20,0,0,0,0,0.148,1.7000000000000002,54.56,7,780,N/A
2011,10,11,20,30,0,0,0,0.148,1.7000000000000002,58.45,6,780,N/A
2011,10,11,21,0,0,0,0,0.148,1.7000000000000002,59.54,6,780,N/A
2011,10,11,21,30,0,0,0,0.148,1.7000000000000002,63.81,5,780,N/A
2011,10,11,22,0,0,0,0,0.148,1.7000000000000002,64.68,5,780,N/A
2011,10,11,22,30,0,0,0,0.148,1.7000000000000002,69.35000000000001,5,780,N/A
2011,10,11,23,0,0,0,0,0.148,1.8,69.99,5,780,N/A
2011,10,11,23,30,0,0,0,0.148,1.8,70,4,780,N/A
2011,10,12,0,0,0,0,0,0.148,1.8,70.32000000000001,4,780,N/A
2011,10,12,0,30,0,0,0,0.148,1.8,75.46000000000001,3,780,N/A
2011,10,12,1,0,0,0,0,0.148,1.8,75.29,3,780,N/A
2011,10,12,1,30,0,0,0,0.148,1.8,75.29,3,780,N/A
2011,10,12,2,0,0,0,0,0.148,1.8,74.85000000000001,3,780,N/A
2011,10,12,2,30,0,0,0,0.148,1.8,80.37,3,780,N/A
2011,10,12,3,0,0,0,0,0.148,1.8,80.21000000000001,3,780,N/A
2011,10,12,3,30,0,0,0,0.148,1.8,80.22,2,780,N/A
2011,10,12,4,0,0,0,0,0.148,1.8,80.46000000000001,2,780,N/A
2011,10,12,4,30,0,0,0,0.148,1.8,80.47,2,780,N/A
2011,10,12,5,0,0,0,0,0.148,1.8,80.58,2,780,N/A
2011,10,12,5,30,0,0,0,0.148,1.8,80.59,2,780,N/A
2011,10,12,6,0,0,0,0,0.148,1.8,80.49,2,780,N/A
2011,10,12,6,30,20,404,46,0.148,2.3000000000000003,69.89,4,780,N/A
2011,10,12,7,0,36,661,146,0.148,2.9000000000000004,61.59,6,780,N/A
2011,10,12,7,30,46,795,256,0.148,2.9000000000000004,53.730000000000004,8,780,N/A
2011,10,12,8,0,53,874,365,0.148,3,44.21,10,780,N/A
2011,10,12,8,30,59,926,468,0.148,3.2,38.72,12,780,N/A
2011,10,12,9,0,63,962,561,0.148,3.5,27.490000000000002,14,780,N/A
2011,10,12,9,30,66,987,643,0.148,3.3000000000000003,25.77,15,780,N/A
2011,10,12,10,0,69,1004,710,0.148,3.1,21.43,17,780,N/A
2011,10,12,10,30,71,1016,763,0.148,2.8000000000000003,20.11,18,780,N/A
2011,10,12,11,0,74,1020,799,0.148,2.5,17.7,19,780,N/A
2011,10,12,11,30,75,1023,818,0.148,2.3000000000000003,16.63,19,780,N/A
2011,10,12,12,0,74,1024,820,0.148,2.1,15.05,20,780,N/A
2011,10,12,12,30,73,1020,805,0.148,2,15.05,20,780,N/A
2011,10,12,13,0,71,1014,773,0.148,2,13.870000000000001,21,780,N/A
2011,10,12,13,30,69,1002,725,0.148,2,13.86,21,780,N/A
2011,10,12,14,0,65,989,662,0.148,2.1,13.870000000000001,21,780,N/A
2011,10,12,14,30,62,965,584,0.148,2.1,13.870000000000001,21,780,N/A
2011,10,12,15,0,58,932,495,0.148,2.2,14.18,21,780,N/A
2011,10,12,15,30,53,886,395,0.148,2,15.08,20,780,N/A
2011,10,12,16,0,47,814,288,0.148,1.8,20.05,19,780,N/A
2011,10,12,16,30,39,702,179,0.148,1.4000000000000001,24.22,16,780,N/A
2011,10,12,17,0,26,495,75,0.148,1.1,41.45,13,780,N/A
2011,10,12,17,30,0,0,0,0.148,1.2000000000000002,47.29,11,780,N/A
2011,10,12,18,0,0,0,0,0.148,1.3,44.69,10,780,N/A
2011,10,12,18,30,0,0,0,0.148,1.4000000000000001,47.800000000000004,9,780,N/A
2011,10,12,19,0,0,0,0,0.148,1.5,49.31,9,780,N/A
2011,10,12,19,30,0,0,0,0.148,1.5,52.79,8,780,N/A
2011,10,12,20,0,0,0,0,0.148,1.5,51.25,7,780,N/A
2011,10,12,20,30,0,0,0,0.148,1.4000000000000001,54.9,6,780,N/A
2011,10,12,21,0,0,0,0,0.148,1.4000000000000001,53.43,6,780,N/A
2011,10,12,21,30,0,0,0,0.148,1.4000000000000001,57.26,6,780,N/A
2011,10,12,22,0,0,0,0,0.148,1.4000000000000001,55.68,6,780,N/A
2011,10,12,22,30,0,0,0,0.148,1.3,55.68,5,780,N/A
2011,10,12,23,0,0,0,0,0.148,1.3,54.06,5,780,N/A
2011,10,12,23,30,0,0,0,0.148,1.3,54.06,5,780,N/A
2011,10,13,0,0,0,0,0,0.148,1.3,52.410000000000004,5,780,N/A
2011,10,13,0,30,0,0,0,0.148,1.3,52.410000000000004,5,780,N/A
2011,10,13,1,0,0,0,0,0.148,1.3,50.97,5,780,N/A
2011,10,13,1,30,0,0,0,0.148,1.3,50.97,5,780,N/A
2011,10,13,2,0,0,0,0,0.148,1.3,49.99,5,780,N/A
2011,10,13,2,30,0,0,0,0.148,1.3,49.980000000000004,5,780,N/A
2011,10,13,3,0,0,0,0,0.148,1.3,48.93,5,780,N/A
2011,10,13,3,30,0,0,0,0.148,1.2000000000000002,48.92,5,780,N/A
2011,10,13,4,0,0,0,0,0.148,1.2000000000000002,47.75,5,780,N/A
2011,10,13,4,30,0,0,0,0.148,1.2000000000000002,47.75,5,780,N/A
2011,10,13,5,0,0,0,0,0.148,1.2000000000000002,46.32,6,780,N/A
2011,10,13,5,30,0,0,0,0.148,1.1,46.32,6,780,N/A
2011,10,13,6,0,0,0,0,0.148,1.1,46.21,6,780,N/A
2011,10,13,6,30,20,360,42,0.148,1,43.12,7,780,N/A
2011,10,13,7,0,36,628,138,0.148,0.9,52.18,8,780,N/A
2011,10,13,7,30,46,765,246,0.148,1,45.61,10,780,N/A
2011,10,13,8,0,53,850,353,0.148,1.2000000000000002,33.62,12,780,N/A
2011,10,13,8,30,58,904,454,0.148,1.8,29.51,14,780,N/A
2011,10,13,9,0,62,944,547,0.148,2.4000000000000004,19.07,16,780,N/A
2011,10,13,9,30,65,971,628,0.148,2.5,17.89,17,780,N/A
2011,10,13,10,0,67,991,696,0.148,2.7,14.59,19,780,N/A
2011,10,13,10,30,69,1005,749,0.148,2.8000000000000003,13.71,20,780,N/A
2011,10,13,11,0,74,1005,784,0.148,3,13.25,21,780,N/A
2011,10,13,11,30,75,1011,805,0.148,3.1,13.24,21,780,N/A
2011,10,13,12,0,75,1013,808,0.148,3.2,13.14,22,780,N/A
2011,10,13,12,30,74,1011,794,0.148,3.3000000000000003,13.13,22,780,N/A
2011,10,13,13,0,73,1005,764,0.148,3.5,12.950000000000001,23,780,N/A
2011,10,13,13,30,71,994,716,0.148,3.5,12.950000000000001,23,780,N/A
2011,10,13,14,0,67,979,654,0.148,3.6,13.49,23,780,N/A
2011,10,13,14,30,64,956,577,0.148,3.6,14.33,22,780,N/A
2011,10,13,15,0,60,925,488,0.148,3.7,14.76,22,780,N/A
2011,10,13,15,30,55,877,389,0.148,3.2,15.700000000000001,21,780,N/A
2011,10,13,16,0,48,809,283,0.148,2.8000000000000003,18.59,20,780,N/A
2011,10,13,16,30,39,696,174,0.148,2,23.89,17,780,N/A
2011,10,13,17,0,25,495,71,0.148,1.4000000000000001,37.77,14,780,N/A
2011,10,13,17,30,0,0,0,0.148,1.4000000000000001,43.09,12,780,N/A
2011,10,13,18,0,0,0,0,0.148,1.5,44.21,11,780,N/A
2011,10,13,18,30,0,0,0,0.148,1.5,47.28,10,780,N/A
2011,10,13,19,0,0,0,0,0.148,1.5,45.78,9,780,N/A
2011,10,13,19,30,0,0,0,0.148,1.5,48.980000000000004,8,780,N/A
2011,10,13,20,0,0,0,0,0.148,1.5,47.65,8,780,N/A
2011,10,13,20,30,0,0,0,0.148,1.5,51,7,780,N/A
2011,10,13,21,0,0,0,0,0.148,1.5,49.5,7,780,N/A
2011,10,13,21,30,0,0,0,0.148,1.6,53.01,7,780,N/A
2011,10,13,22,0,0,0,0,0.148,1.7000000000000002,51.83,7,780,N/A
2011,10,13,22,30,0,0,0,0.148,1.7000000000000002,51.82,6,780,N/A
2011,10,13,23,0,0,0,0,0.148,1.8,51.33,6,780,N/A
2011,10,13,23,30,0,0,0,0.148,1.8,51.33,6,780,N/A
2011,10,14,0,0,0,0,0,0.148,1.9000000000000001,51.5,6,780,N/A
2011,10,14,0,30,0,0,0,0.148,1.9000000000000001,55.2,5,780,N/A
2011,10,14,1,0,0,0,0,0.148,2,55.74,5,780,N/A
2011,10,14,1,30,0,0,0,0.148,2,55.74,5,780,N/A
2011,10,14,2,0,0,0,0,0.148,2,56.21,5,780,N/A
2011,10,14,2,30,0,0,0,0.148,1.9000000000000001,60.26,4,780,N/A
2011,10,14,3,0,0,0,0,0.148,1.9000000000000001,60.43,4,780,N/A
2011,10,14,3,30,0,0,0,0.148,1.8,60.43,4,780,N/A
2011,10,14,4,0,0,0,0,0.148,1.8,60.29,4,780,N/A
2011,10,14,4,30,0,0,0,0.148,1.8,64.69,4,780,N/A
2011,10,14,5,0,0,0,0,0.148,1.8,64.22,4,780,N/A
2011,10,14,5,30,0,0,0,0.148,1.8,64.23,4,780,N/A
2011,10,14,6,0,0,0,0,0.148,1.8,64.08,4,780,N/A
2011,10,14,6,30,18,398,41,0.148,2.3000000000000003,55.72,6,780,N/A
2011,10,14,7,0,33,653,138,0.148,2.8000000000000003,47.39,8,780,N/A
2011,10,14,7,30,43,789,246,0.148,2.5,41.43,10,780,N/A
2011,10,14,8,0,51,866,353,0.148,2.4000000000000004,36.37,13,780,N/A
2011,10,14,8,30,56,920,455,0.148,2.8000000000000003,31.92,15,780,N/A
2011,10,14,9,0,61,954,548,0.148,3.2,24.03,17,780,N/A
2011,10,14,9,30,64,980,629,0.148,3.3000000000000003,22.56,18,780,N/A
2011,10,14,10,0,68,996,696,0.148,3.5,18.43,20,780,N/A
2011,10,14,10,30,70,1009,749,0.148,3.4000000000000004,18.42,21,780,N/A
2011,10,14,11,0,72,1015,785,0.148,3.3000000000000003,16.8,22,780,N/A
2011,10,14,11,30,73,1019,804,0.148,3.2,16.79,22,780,N/A
2011,10,14,12,0,75,1015,805,0.148,3.2,15.6,23,780,N/A
2011,10,14,12,30,74,1010,790,0.148,3.2,15.6,23,780,N/A
2011,10,14,13,0,74,998,756,0.148,3.2,14.67,23,780,N/A
2011,10,14,13,30,73,985,708,0.148,3.2,14.66,23,780,N/A
2011,10,14,14,0,68,970,645,0.148,3.3000000000000003,14.9,23,780,N/A
2011,10,14,14,30,65,944,567,0.148,3.2,15.83,22,780,N/A
2011,10,14,15,0,61,907,477,0.148,3.2,16.25,22,780,N/A
2011,10,14,15,30,56,855,378,0.148,2.8000000000000003,17.27,21,780,N/A
2011,10,14,16,0,49,779,272,0.148,2.4000000000000004,21.54,20,780,N/A
2011,10,14,16,30,40,657,165,0.148,1.8,25.990000000000002,17,780,N/A
2011,10,14,17,0,26,434,64,0.148,1.3,41.19,15,780,N/A
2011,10,14,17,30,0,0,0,0.148,1.3,43.97,13,780,N/A
2011,10,14,18,0,0,0,0,0.148,1.4000000000000001,44.11,12,780,N/A
2011,10,14,18,30,0,0,0,0.148,1.4000000000000001,47.13,11,780,N/A
2011,10,14,19,0,0,0,0,0.148,1.4000000000000001,50.11,10,780,N/A
2011,10,14,19,30,0,0,0,0.148,1.4000000000000001,53.6,9,780,N/A
2011,10,14,20,0,0,0,0,0.148,1.4000000000000001,53.4,9,780,N/A
2011,10,14,20,30,0,0,0,0.148,1.3,57.14,8,780,N/A
2011,10,14,21,0,0,0,0,0.148,1.3,56.67,8,780,N/A
2011,10,14,21,30,0,0,0,0.148,1.2000000000000002,60.67,8,780,N/A
2011,10,14,22,0,0,0,0,0.148,1.2000000000000002,59.85,8,780,N/A
2011,10,14,22,30,0,0,0,0.148,1.2000000000000002,59.85,7,780,N/A
2011,10,14,23,0,0,0,0,0.148,1.3,59.25,7,790,N/A
2011,10,14,23,30,0,0,0,0.148,1.3,63.47,6,790,N/A
2011,10,15,0,0,0,0,0,0.148,1.4000000000000001,62.980000000000004,6,790,N/A
2011,10,15,0,30,0,0,0,0.148,1.4000000000000001,62.980000000000004,6,790,N/A
2011,10,15,1,0,0,0,0,0.148,1.4000000000000001,62.24,6,790,N/A
2011,10,15,1,30,0,0,0,0.148,1.3,66.7,6,790,N/A
2011,10,15,2,0,0,0,0,0.148,1.3,65.29,6,790,N/A
2011,10,15,2,30,0,0,0,0.148,1.2000000000000002,65.29,5,790,N/A
2011,10,15,3,0,0,0,0,0.148,1.2000000000000002,63.31,5,790,N/A
2011,10,15,3,30,0,0,0,0.148,1.2000000000000002,63.32,5,790,N/A
2011,10,15,4,0,0,0,0,0.148,1.2000000000000002,61.09,5,790,N/A
2011,10,15,4,30,0,0,0,0.148,1.2000000000000002,61.09,5,790,N/A
2011,10,15,5,0,0,0,0,0.148,1.2000000000000002,58.77,6,790,N/A
2011,10,15,5,30,0,0,0,0.148,1.2000000000000002,58.77,6,790,N/A
2011,10,15,6,0,0,0,0,0.148,1.2000000000000002,53.45,6,790,N/A
2011,10,15,6,30,19,150,27,0.148,1,49.910000000000004,8,790,N/A
2011,10,15,7,0,53,265,94,0.148,0.9,54.410000000000004,10,790,N/A
2011,10,15,7,30,43,786,243,0.148,1.1,47.62,12,790,N/A
2011,10,15,8,0,50,865,349,0.148,1.4000000000000001,33,14,790,N/A
2011,10,15,8,30,55,917,450,0.148,1.2000000000000002,29.02,16,790,N/A
2011,10,15,9,0,59,952,542,0.148,1.1,21.8,18,790,N/A
2011,10,15,9,30,62,978,622,0.148,1.2000000000000002,20.48,19,790,N/A
2011,10,15,10,0,65,997,689,0.148,1.4000000000000001,15.85,21,790,N/A
2011,10,15,10,30,66,1009,741,0.148,1.3,15.85,22,790,N/A
2011,10,15,11,0,77,1000,774,0.148,1.3,14.31,23,790,N/A
2011,10,15,11,30,77,1004,794,0.148,1.3,13.47,23,790,N/A
2011,10,15,12,0,76,1008,797,0.148,1.3,12.46,24,790,N/A
2011,10,15,12,30,75,1004,782,0.148,1.4000000000000001,12.46,24,790,N/A
2011,10,15,13,0,73,998,750,0.148,1.5,12.43,24,780,N/A
2011,10,15,13,30,71,985,702,0.148,1.5,12.43,24,780,N/A
2011,10,15,14,0,65,976,640,0.148,1.6,12.61,24,780,N/A
2011,10,15,14,30,62,951,563,0.148,1.7000000000000002,13.39,24,780,N/A
2011,10,15,15,0,58,917,474,0.148,1.8,13.93,24,780,N/A
2011,10,15,15,30,53,868,376,0.148,1.5,14.8,22,780,N/A
2011,10,15,16,0,46,794,270,0.148,1.3,22.38,21,780,N/A
2011,10,15,16,30,37,676,163,0.148,1.2000000000000002,26.96,18,780,N/A
2011,10,15,17,0,23,459,62,0.146,1.1,41.77,15,780,N/A
2011,10,15,17,30,0,0,0,0.146,1.2000000000000002,44.56,14,780,N/A
2011,10,15,18,0,0,0,0,0.146,1.3,41.42,13,780,N/A
2011,10,15,18,30,0,0,0,0.146,1.3,44.230000000000004,12,790,N/A
2011,10,15,19,0,0,0,0,0.146,1.3,42.27,12,790,N/A
2011,10,15,19,30,0,0,0,0.146,1.2000000000000002,45.15,12,790,N/A
2011,10,15,20,0,0,0,0,0.146,1.1,42.86,12,790,N/A
2011,10,15,20,30,0,0,0,0.146,1,42.86,12,790,N/A
2011,10,15,21,0,0,0,0,0.146,0.9,40.58,12,790,N/A
2011,10,15,21,30,0,0,0,0.146,0.7000000000000001,40.58,12,790,N/A
2011,10,15,22,0,0,0,0,0.146,0.6000000000000001,39.17,12,790,N/A
2011,10,15,22,30,0,0,0,0.146,0.6000000000000001,39.17,11,790,N/A
2011,10,15,23,0,0,0,0,0.146,0.6000000000000001,38.550000000000004,11,790,N/A
2011,10,15,23,30,0,0,0,0.146,0.6000000000000001,41.2,11,790,N/A
2011,10,16,0,0,0,0,0,0.146,0.7000000000000001,40.300000000000004,11,790,N/A
2011,10,16,0,30,0,0,0,0.146,0.7000000000000001,40.300000000000004,10,790,N/A
2011,10,16,1,0,0,0,0,0.146,0.7000000000000001,39.6,10,790,N/A
2011,10,16,1,30,0,0,0,0.146,0.7000000000000001,42.34,10,790,N/A
2011,10,16,2,0,0,0,0,0.146,0.7000000000000001,41.75,10,790,N/A
2011,10,16,2,30,0,0,0,0.146,0.7000000000000001,41.75,9,790,N/A
2011,10,16,3,0,0,0,0,0.146,0.8,41.19,9,790,N/A
2011,10,16,3,30,0,0,0,0.146,0.8,44.07,8,790,N/A
2011,10,16,4,0,0,0,0,0.146,0.9,43.6,8,790,N/A
2011,10,16,4,30,0,0,0,0.146,0.9,43.6,8,790,N/A
2011,10,16,5,0,0,0,0,0.146,0.9,42.93,8,790,N/A
2011,10,16,5,30,0,0,0,0.146,0.9,42.94,8,790,N/A
2011,10,16,6,0,0,0,0,0.146,1,42.93,8,790,N/A
2011,10,16,6,30,17,359,36,0.146,0.9,40.14,9,790,N/A
2011,10,16,7,0,33,634,130,0.146,0.9,44.38,11,790,N/A
2011,10,16,7,30,43,773,237,0.146,1.1,38.93,13,790,N/A
2011,10,16,8,0,50,857,344,0.146,1.4000000000000001,27.88,15,790,N/A
2011,10,16,8,30,55,911,444,0.146,1.5,24.54,17,790,N/A
2011,10,16,9,0,59,947,536,0.146,1.7000000000000002,19.830000000000002,19,790,N/A
2011,10,16,9,30,63,974,616,0.146,2,18.63,20,790,N/A
2011,10,16,10,0,65,992,683,0.146,2.4000000000000004,17.42,21,790,N/A
2011,10,16,10,30,67,1004,734,0.146,2.5,16.39,22,790,N/A
2011,10,16,11,0,68,1013,770,0.146,2.8000000000000003,15.76,23,790,N/A
2011,10,16,11,30,69,1017,790,0.146,3,15.75,23,790,N/A
2011,10,16,12,0,70,1015,792,0.146,3.2,16,24,780,N/A
2011,10,16,12,30,70,1011,777,0.146,3.3000000000000003,15.99,24,780,N/A
2011,10,16,13,0,70,1000,744,0.146,3.5,15.91,24,780,N/A
2011,10,16,13,30,69,988,697,0.146,3.5,15.91,23,780,N/A
2011,10,16,14,0,67,968,633,0.146,3.6,15.72,23,780,N/A
2011,10,16,14,30,64,942,556,0.146,3.5,16.7,23,780,N/A
2011,10,16,15,0,61,901,466,0.146,3.4000000000000004,16.48,23,780,N/A
2011,10,16,15,30,56,849,367,0.146,2.8000000000000003,17.52,22,780,N/A
2011,10,16,16,0,50,765,262,0.146,2.2,21.400000000000002,21,780,N/A
2011,10,16,16,30,40,639,155,0.146,1.7000000000000002,25.810000000000002,18,780,N/A
2011,10,16,17,0,24,405,56,0.146,1.2000000000000002,41.160000000000004,15,780,N/A
2011,10,16,17,30,0,0,0,0.146,1.2000000000000002,43.93,13,780,N/A
2011,10,16,18,0,0,0,0,0.146,1.3,44.86,12,780,N/A
2011,10,16,18,30,0,0,0,0.146,1.3,47.92,11,780,N/A
2011,10,16,19,0,0,0,0,0.146,1.3,46.730000000000004,11,780,N/A
2011,10,16,19,30,0,0,0,0.146,1.3,49.94,10,780,N/A
2011,10,16,20,0,0,0,0,0.146,1.3,48.84,10,780,N/A
2011,10,16,20,30,0,0,0,0.146,1.3,52.22,9,780,N/A
2011,10,16,21,0,0,0,0,0.146,1.3,51.22,9,780,N/A
2011,10,16,21,30,0,0,0,0.146,1.2000000000000002,54.79,9,780,N/A
2011,10,16,22,0,0,0,0,0.146,1.2000000000000002,53.99,9,780,N/A
2011,10,16,22,30,0,0,0,0.146,1.2000000000000002,53.97,8,780,N/A
2011,10,16,23,0,0,0,0,0.146,1.2000000000000002,53.26,8,780,N/A
2011,10,16,23,30,0,0,0,0.146,1.2000000000000002,57,8,780,N/A
2011,10,17,0,0,0,0,0,0.146,1.3,56.120000000000005,8,780,N/A
2011,10,17,0,30,0,0,0,0.146,1.2000000000000002,56.1,7,780,N/A
2011,10,17,1,0,0,0,0,0.146,1.2000000000000002,55.28,7,780,N/A
2011,10,17,1,30,0,0,0,0.146,1.2000000000000002,59.18,6,780,N/A
2011,10,17,2,0,0,0,0,0.146,1.2000000000000002,58.480000000000004,6,780,N/A
2011,10,17,2,30,0,0,0,0.146,1.2000000000000002,58.46,6,780,N/A
2011,10,17,3,0,0,0,0,0.146,1.3,57.75,6,780,N/A
2011,10,17,3,30,0,0,0,0.146,1.4000000000000001,61.88,6,780,N/A
2011,10,17,4,0,0,0,0,0.146,1.5,61.120000000000005,6,780,N/A
2011,10,17,4,30,0,0,0,0.146,1.7000000000000002,61.11,6,780,N/A
2011,10,17,5,0,0,0,0,0.146,2,55.57,6,780,N/A
2011,10,17,5,30,0,0,0,0.146,1.9000000000000001,55.56,6,780,N/A
2011,10,17,6,0,0,0,0,0.146,1.9000000000000001,56.06,6,780,N/A
2011,10,17,6,30,18,285,32,0.146,2.6,48.89,8,780,N/A
2011,10,17,7,0,38,552,121,0.146,3.4000000000000004,45.6,10,780,N/A
2011,10,17,7,30,50,704,225,0.146,4.2,42.67,11,780,N/A
2011,10,17,8,0,62,781,327,0.146,5,40.76,13,780,N/A
2011,10,17,8,30,69,844,427,0.146,5.7,38.2,14,780,N/A
2011,10,17,9,0,221,297,369,0.146,6.5,39.550000000000004,15,780,N/A
2011,10,17,9,30,259,298,427,0.146,6.9,39.54,15,780,N/A
2011,10,17,10,0,72,971,673,0.146,7.4,35.76,16,780,N/A
2011,10,17,10,30,74,990,728,0.146,7.6000000000000005,35.75,16,780,N/A
2011,10,17,11,0,73,1011,769,0.146,7.800000000000001,27.34,17,780,N/A
2011,10,17,11,30,73,1020,792,0.146,7.7,27.34,17,780,N/A
2011,10,17,12,0,70,1031,799,0.146,7.6000000000000005,19.34,18,780,N/A
2011,10,17,12,30,70,1029,784,0.146,7.2,19.34,18,780,N/A
2011,10,17,13,0,68,1024,753,0.146,6.9,16.7,19,780,N/A
2011,10,17,13,30,66,1012,704,0.146,6.4,16.7,19,780,N/A
2011,10,17,14,0,62,999,641,0.146,6,16.35,19,780,N/A
2011,10,17,14,30,59,973,562,0.146,5.4,16.35,18,780,N/A
2011,10,17,15,0,54,941,472,0.146,4.9,16.79,18,780,N/A
2011,10,17,15,30,50,891,372,0.146,4.1000000000000005,17.89,17,780,N/A
2011,10,17,16,0,43,817,265,0.146,3.4000000000000004,20.96,17,780,N/A
2011,10,17,16,30,35,695,157,0.146,2.4000000000000004,25.44,14,780,N/A
2011,10,17,17,0,21,461,56,0.146,1.5,38.78,11,780,N/A
2011,10,17,17,30,0,0,0,0.146,1.5,44.34,9,780,N/A
2011,10,17,18,0,0,0,0,0.146,1.6,47.71,8,780,N/A
2011,10,17,18,30,0,0,0,0.146,1.5,51.1,7,780,N/A
2011,10,17,19,0,0,0,0,0.146,1.4000000000000001,51.26,7,780,N/A
2011,10,17,19,30,0,0,0,0.146,1.2000000000000002,54.910000000000004,7,780,N/A
2011,10,17,20,0,0,0,0,0.146,1.2000000000000002,54.06,7,780,N/A
2011,10,17,20,30,0,0,0,0.146,1,54.06,6,780,N/A
2011,10,17,21,0,0,0,0,0.146,0.8,53.230000000000004,6,780,N/A
2011,10,17,21,30,0,0,0,0.146,0.7000000000000001,57.050000000000004,5,780,N/A
2011,10,17,22,0,0,0,0,0.146,0.7000000000000001,58.31,5,780,N/A
2011,10,17,22,30,0,0,0,0.146,0.8,62.54,4,780,N/A
2011,10,17,23,0,0,0,0,0.146,0.9,67.61,4,790,N/A
2011,10,17,23,30,0,0,0,0.146,1,72.59,3,790,N/A
2011,10,18,0,0,0,0,0,0.146,1.2000000000000002,73.5,3,790,N/A
2011,10,18,0,30,0,0,0,0.146,1.2000000000000002,78.95,2,790,N/A
2011,10,18,1,0,0,0,0,0.146,1.3,80.56,2,790,N/A
2011,10,18,1,30,0,0,0,0.146,1.1,80.56,1,790,N/A
2011,10,18,2,0,0,0,0,0.146,1,81.62,1,790,N/A
2011,10,18,2,30,0,0,0,0.146,0.9,81.63,1,790,N/A
2011,10,18,3,0,0,0,0,0.146,0.9,81.2,1,790,N/A
2011,10,18,3,30,0,0,0,0.146,0.8,81.2,1,790,N/A
2011,10,18,4,0,0,0,0,0.146,0.7000000000000001,80.02,1,790,N/A
2011,10,18,4,30,0,0,0,0.146,0.7000000000000001,80.02,1,790,N/A
2011,10,18,5,0,0,0,0,0.146,0.7000000000000001,78.58,1,790,N/A
2011,10,18,5,30,0,0,0,0.146,0.6000000000000001,78.59,1,790,N/A
2011,10,18,6,0,0,0,0,0.146,0.5,77.10000000000001,1,790,N/A
2011,10,18,6,30,16,344,32,0.146,0.4,71.81,2,790,N/A
2011,10,18,7,0,32,635,125,0.146,0.4,66.69,4,790,N/A
2011,10,18,7,30,42,779,232,0.146,0.4,58.050000000000004,6,790,N/A
2011,10,18,8,0,49,864,339,0.146,0.5,44.62,9,790,N/A
2011,10,18,8,30,55,920,441,0.146,0.30000000000000004,39,10,790,N/A
2011,10,18,9,0,59,958,534,0.146,0.2,27.55,12,790,N/A
2011,10,18,9,30,62,986,615,0.146,0.2,25.8,13,790,N/A
2011,10,18,10,0,65,1005,682,0.146,0.2,21.990000000000002,14,790,N/A
2011,10,18,10,30,67,1018,735,0.146,0.30000000000000004,21.98,15,790,N/A
2011,10,18,11,0,72,1019,770,0.146,0.5,19.61,16,790,N/A
2011,10,18,11,30,73,1023,789,0.146,0.6000000000000001,19.6,16,790,N/A
2011,10,18,12,0,73,1023,791,0.146,0.8,17.66,17,790,N/A
2011,10,18,12,30,73,1019,776,0.146,0.8,17.66,17,790,N/A
2011,10,18,13,0,72,1011,743,0.146,0.9,15.98,17,790,N/A
2011,10,18,13,30,70,999,695,0.146,1,15.97,17,790,N/A
2011,10,18,14,0,70,974,630,0.146,1.1,15.48,17,790,N/A
2011,10,18,14,30,67,947,552,0.146,1.1,16.490000000000002,17,780,N/A
2011,10,18,15,0,62,912,463,0.146,1.2000000000000002,15.97,17,780,N/A
2011,10,18,15,30,56,860,363,0.146,0.9,17.03,16,780,N/A
2011,10,18,16,0,48,783,257,0.146,0.7000000000000001,19.86,15,790,N/A
2011,10,18,16,30,38,653,150,0.146,0.7000000000000001,22.61,13,790,N/A
2011,10,18,17,0,22,419,51,0.146,0.7000000000000001,35.27,11,790,N/A
2011,10,18,17,30,0,0,0,0.146,0.9,40.32,9,790,N/A
2011,10,18,18,0,0,0,0,0.146,1.2000000000000002,39.730000000000004,8,790,N/A
2011,10,18,18,30,0,0,0,0.146,1.2000000000000002,42.54,7,790,N/A
2011,10,18,19,0,0,0,0,0.146,1.4000000000000001,45.22,6,790,N/A
2011,10,18,19,30,0,0,0,0.146,1.6,48.47,5,790,N/A
2011,10,18,20,0,0,0,0,0.146,1.8,52.53,4,790,N/A
2011,10,18,20,30,0,0,0,0.146,2,56.370000000000005,3,790,N/A
2011,10,18,21,0,0,0,0,0.146,2.2,57.31,3,790,N/A
2011,10,18,21,30,0,0,0,0.146,2.4000000000000004,61.52,2,790,N/A
2011,10,18,22,0,0,0,0,0.146,2.7,66.8,2,790,N/A
2011,10,18,22,30,0,0,0,0.146,2.6,66.8,1,790,N/A
2011,10,18,23,0,0,0,0,0.146,2.6,66.39,1,790,N/A
2011,10,18,23,30,0,0,0,0.146,2.5,71.35000000000001,0,790,N/A
2011,10,19,0,0,0,0,0,0.146,2.4000000000000004,69.64,0,790,N/A
2011,10,19,0,30,0,0,0,0.146,2.2,69.63,0,790,N/A
2011,10,19,1,0,0,0,0,0.146,2.1,67.36,0,790,N/A
2011,10,19,1,30,0,0,0,0.146,1.9000000000000001,67.34,0,790,N/A
2011,10,19,2,0,0,0,0,0.146,1.8,64.65,0,790,N/A
2011,10,19,2,30,0,0,0,0.146,1.7000000000000002,64.63,0,790,N/A
2011,10,19,3,0,0,0,0,0.146,1.6,62.04,0,790,N/A
2011,10,19,3,30,0,0,0,0.146,1.5,62.04,0,790,N/A
2011,10,19,4,0,0,0,0,0.146,1.5,59.89,0,790,N/A
2011,10,19,4,30,0,0,0,0.146,1.5,59.89,0,790,N/A
2011,10,19,5,0,0,0,0,0.146,1.5,58.480000000000004,0,790,N/A
2011,10,19,5,30,0,0,0,0.146,1.4000000000000001,58.480000000000004,0,790,N/A
2011,10,19,6,0,0,0,0,0.146,1.4000000000000001,58.160000000000004,0,790,N/A
2011,10,19,6,30,13,0,13,0.146,1.8,54.11,1,790,N/A
2011,10,19,7,0,51,35,56,0.146,2.2,49.99,3,790,N/A
2011,10,19,7,30,85,312,160,0.146,2.4000000000000004,43.45,5,790,N/A
2011,10,19,8,0,53,837,331,0.146,2.6,36.99,7,790,N/A
2011,10,19,8,30,59,895,432,0.146,2.8000000000000003,34.550000000000004,8,790,N/A
2011,10,19,9,0,62,939,524,0.146,3,32.88,10,790,N/A
2011,10,19,9,30,66,968,604,0.146,2.9000000000000004,30.75,11,790,N/A
2011,10,19,10,0,68,990,672,0.146,2.8000000000000003,29.79,12,780,N/A
2011,10,19,10,30,70,1004,724,0.146,2.8000000000000003,27.88,13,780,N/A
2011,10,19,11,0,76,1004,758,0.146,2.8000000000000003,26.310000000000002,15,780,N/A
2011,10,19,11,30,76,1009,778,0.146,2.8000000000000003,24.650000000000002,15,780,N/A
2011,10,19,12,0,75,1012,781,0.146,2.8000000000000003,22.85,16,780,N/A
2011,10,19,12,30,74,1009,766,0.146,2.8000000000000003,22.830000000000002,16,780,N/A
2011,10,19,13,0,72,1004,734,0.146,2.8000000000000003,20.98,17,780,N/A
2011,10,19,13,30,70,992,686,0.146,2.7,20.97,17,780,N/A
2011,10,19,14,0,62,987,625,0.146,2.7,20.490000000000002,18,780,N/A
2011,10,19,14,30,59,963,548,0.146,2.6,20.490000000000002,17,780,N/A
2011,10,19,15,0,55,928,459,0.146,2.5,19.990000000000002,17,780,N/A
2011,10,19,15,30,50,878,360,0.146,2,21.3,16,780,N/A
2011,10,19,16,0,43,803,254,0.146,1.6,24.57,15,780,N/A
2011,10,19,16,30,34,677,147,0.146,1.2000000000000002,29.85,12,780,N/A
2011,10,19,17,0,20,437,49,0.146,0.9,45.18,10,780,N/A
2011,10,19,17,30,0,0,0,0.146,1,48.34,8,780,N/A
2011,10,19,18,0,0,0,0,0.146,1.1,48.78,7,780,N/A
2011,10,19,18,30,0,0,0,0.146,1.1,52.25,6,780,N/A
2011,10,19,19,0,0,0,0,0.146,1.1,54.84,6,780,N/A
2011,10,19,19,30,0,0,0,0.146,1.1,54.84,5,780,N/A
2011,10,19,20,0,0,0,0,0.146,1.1,53.800000000000004,5,780,N/A
2011,10,19,20,30,0,0,0,0.146,1,57.69,4,780,N/A
2011,10,19,21,0,0,0,0,0.146,1,56.56,4,780,N/A
2011,10,19,21,30,0,0,0,0.146,1,60.68,4,780,N/A
2011,10,19,22,0,0,0,0,0.146,1,59.47,4,780,N/A
2011,10,19,22,30,0,0,0,0.146,0.9,59.46,3,780,N/A
2011,10,19,23,0,0,0,0,0.146,0.9,58.33,3,780,N/A
2011,10,19,23,30,0,0,0,0.146,0.8,58.32,3,780,N/A
2011,10,20,0,0,0,0,0,0.146,0.8,57.39,3,780,N/A
2011,10,20,0,30,0,0,0,0.146,0.8,57.39,3,780,N/A
2011,10,20,1,0,0,0,0,0.146,0.8,56.34,3,780,N/A
2011,10,20,1,30,0,0,0,0.146,0.9,60.47,3,780,N/A
2011,10,20,2,0,0,0,0,0.146,1,58.69,3,780,N/A
2011,10,20,2,30,0,0,0,0.146,1.1,58.69,2,780,N/A
2011,10,20,3,0,0,0,0,0.146,1.2000000000000002,56.31,2,780,N/A
2011,10,20,3,30,0,0,0,0.146,1.2000000000000002,60.5,1,780,N/A
2011,10,20,4,0,0,0,0,0.146,1.3,57.68,1,780,N/A
2011,10,20,4,30,0,0,0,0.146,1.3,57.69,1,780,N/A
2011,10,20,5,0,0,0,0,0.146,1.3,54.94,1,780,N/A
2011,10,20,5,30,0,0,0,0.146,1.3,59.06,1,780,N/A
2011,10,20,6,0,0,0,0,0.146,1.3,57.120000000000005,1,780,N/A
2011,10,20,6,30,15,295,27,0.146,1.5,49.49,3,780,N/A
2011,10,20,7,0,34,605,118,0.146,1.8,42.99,5,780,N/A
2011,10,20,7,30,45,759,225,0.146,2,37.46,7,780,N/A
2011,10,20,8,0,52,854,333,0.146,2.2,30.63,10,780,N/A
2011,10,20,8,30,58,913,435,0.146,2.5,26.8,12,780,N/A
2011,10,20,9,0,62,955,528,0.146,2.9000000000000004,21.07,14,780,N/A
2011,10,20,9,30,66,983,609,0.146,3.2,19.76,15,780,N/A
2011,10,20,10,0,69,1002,676,0.146,3.6,16.41,17,780,N/A
2011,10,20,10,30,71,1015,728,0.146,3.7,16.41,18,780,N/A
2011,10,20,11,0,77,1013,762,0.146,3.8000000000000003,14.9,19,780,N/A
2011,10,20,11,30,78,1017,780,0.146,3.8000000000000003,14.9,19,780,N/A
2011,10,20,12,0,80,1010,780,0.146,3.9000000000000004,13.68,20,780,N/A
2011,10,20,12,30,80,1006,764,0.146,3.9000000000000004,13.67,20,780,N/A
2011,10,20,13,0,83,986,729,0.146,3.9000000000000004,12.71,20,780,N/A
2011,10,20,13,30,81,972,680,0.146,3.8000000000000003,12.71,20,780,N/A
2011,10,20,14,0,72,966,619,0.146,3.8000000000000003,12.81,20,780,N/A
2011,10,20,14,30,69,938,540,0.146,3.6,13.63,19,780,N/A
2011,10,20,15,0,65,894,450,0.146,3.5,13.85,19,780,N/A
2011,10,20,15,30,59,837,350,0.146,2.8000000000000003,14.75,18,780,N/A
2011,10,20,16,0,51,746,244,0.146,2.2,19.78,17,780,N/A
2011,10,20,16,30,39,606,138,0.146,1.7000000000000002,25.580000000000002,13,780,N/A
2011,10,20,17,0,21,345,42,0.146,1.3,39.61,10,780,N/A
2011,10,20,17,30,0,0,0,0.146,1.3,42.37,9,780,N/A
2011,10,20,18,0,0,0,0,0.146,1.4000000000000001,41.85,8,780,N/A
2011,10,20,18,30,0,0,0,0.146,1.4000000000000001,44.81,7,780,N/A
2011,10,20,19,0,0,0,0,0.146,1.4000000000000001,43.14,7,780,N/A
2011,10,20,19,30,0,0,0,0.146,1.4000000000000001,46.21,6,780,N/A
2011,10,20,20,0,0,0,0,0.146,1.4000000000000001,45.01,6,780,N/A
2011,10,20,20,30,0,0,0,0.146,1.4000000000000001,48.24,5,780,N/A
2011,10,20,21,0,0,0,0,0.146,1.4000000000000001,47.24,5,780,N/A
2011,10,20,21,30,0,0,0,0.146,1.4000000000000001,50.65,5,780,N/A
2011,10,20,22,0,0,0,0,0.146,1.4000000000000001,49.730000000000004,5,780,N/A
2011,10,20,22,30,0,0,0,0.146,1.4000000000000001,53.35,4,780,N/A
2011,10,20,23,0,0,0,0,0.146,1.4000000000000001,52.56,4,780,N/A
2011,10,20,23,30,0,0,0,0.146,1.4000000000000001,52.56,3,780,N/A
2011,10,21,0,0,0,0,0,0.146,1.4000000000000001,51.870000000000005,3,780,N/A
2011,10,21,0,30,0,0,0,0.146,1.4000000000000001,55.68,3,780,N/A
2011,10,21,1,0,0,0,0,0.146,1.4000000000000001,55.06,3,780,N/A
2011,10,21,1,30,0,0,0,0.146,1.4000000000000001,55.06,2,780,N/A
2011,10,21,2,0,0,0,0,0.146,1.4000000000000001,54.57,2,780,N/A
2011,10,21,2,30,0,0,0,0.146,1.4000000000000001,58.620000000000005,2,780,N/A
2011,10,21,3,0,0,0,0,0.146,1.4000000000000001,57.99,2,780,N/A
2011,10,21,3,30,0,0,0,0.146,1.4000000000000001,58,2,780,N/A
2011,10,21,4,0,0,0,0,0.146,1.4000000000000001,57.28,2,790,N/A
2011,10,21,4,30,0,0,0,0.146,1.4000000000000001,57.29,1,790,N/A
2011,10,21,5,0,0,0,0,0.146,1.4000000000000001,56.52,1,790,N/A
2011,10,21,5,30,0,0,0,0.146,1.4000000000000001,56.53,1,790,N/A
2011,10,21,6,0,0,0,0,0.146,1.4000000000000001,56.09,1,790,N/A
2011,10,21,6,30,14,311,25,0.146,1.3,48.65,3,790,N/A
2011,10,21,7,0,32,621,117,0.146,1.3,48.620000000000005,5,790,N/A
2011,10,21,7,30,42,774,223,0.146,1.7000000000000002,42.36,7,790,N/A
2011,10,21,8,0,50,862,330,0.146,2.1,31.1,10,790,N/A
2011,10,21,8,30,55,919,431,0.146,2.4000000000000004,27.240000000000002,12,790,N/A
2011,10,21,9,0,60,958,523,0.146,2.8000000000000003,21.95,15,790,N/A
2011,10,21,9,30,63,985,603,0.146,3.1,20.580000000000002,16,790,N/A
2011,10,21,10,0,66,1003,670,0.146,3.5,17.09,17,790,N/A
2011,10,21,10,30,68,1016,722,0.146,3.5,17.080000000000002,18,790,N/A
2011,10,21,11,0,70,1023,757,0.146,3.6,15.72,19,790,N/A
2011,10,21,11,30,70,1027,775,0.146,3.7,15.72,19,790,N/A
2011,10,21,12,0,71,1025,776,0.146,3.8000000000000003,14.68,19,790,N/A
2011,10,21,12,30,71,1020,760,0.146,3.8000000000000003,14.68,19,790,N/A
2011,10,21,13,0,70,1010,727,0.146,3.9000000000000004,13.85,20,780,N/A
2011,10,21,13,30,69,996,678,0.146,3.9000000000000004,14.73,20,780,N/A
2011,10,21,14,0,66,977,614,0.146,3.9000000000000004,14.89,20,780,N/A
2011,10,21,14,30,62,950,536,0.146,3.8000000000000003,14.89,19,780,N/A
2011,10,21,15,0,59,909,446,0.146,3.7,15.19,19,780,N/A
2011,10,21,15,30,53,854,347,0.146,3.1,17.22,18,780,N/A
2011,10,21,16,0,46,768,241,0.146,2.5,20.76,17,780,N/A
2011,10,21,16,30,36,630,135,0.146,1.9000000000000001,25.19,14,780,N/A
2011,10,21,17,0,19,365,40,0.146,1.3,38.910000000000004,11,790,N/A
2011,10,21,17,30,0,0,0,0.146,1.3,41.61,9,790,N/A
2011,10,21,18,0,0,0,0,0.146,1.4000000000000001,42.44,8,790,N/A
2011,10,21,18,30,0,0,0,0.146,1.4000000000000001,45.44,7,790,N/A
2011,10,21,19,0,0,0,0,0.146,1.4000000000000001,44.11,7,790,N/A
2011,10,21,19,30,0,0,0,0.146,1.4000000000000001,47.25,6,790,N/A
2011,10,21,20,0,0,0,0,0.146,1.5,45.9,6,790,N/A
2011,10,21,20,30,0,0,0,0.146,1.5,49.19,6,790,N/A
2011,10,21,21,0,0,0,0,0.146,1.6,47.75,6,790,N/A
2011,10,21,21,30,0,0,0,0.146,1.6,47.74,5,790,N/A
2011,10,21,22,0,0,0,0,0.146,1.7000000000000002,46.71,5,790,N/A
2011,10,21,22,30,0,0,0,0.146,1.7000000000000002,50.08,4,790,N/A
2011,10,21,23,0,0,0,0,0.146,1.8,49.28,4,790,N/A
2011,10,21,23,30,0,0,0,0.146,1.8,49.28,4,790,N/A
2011,10,22,0,0,0,0,0,0.146,1.9000000000000001,48.72,4,790,N/A
2011,10,22,0,30,0,0,0,0.146,1.9000000000000001,52.27,3,790,N/A
2011,10,22,1,0,0,0,0,0.146,1.9000000000000001,51.71,3,790,N/A
2011,10,22,1,30,0,0,0,0.146,1.9000000000000001,51.7,3,790,N/A
2011,10,22,2,0,0,0,0,0.146,1.9000000000000001,51.410000000000004,3,790,N/A
2011,10,22,2,30,0,0,0,0.146,1.9000000000000001,55.19,2,790,N/A
2011,10,22,3,0,0,0,0,0.146,1.9000000000000001,54.84,2,790,N/A
2011,10,22,3,30,0,0,0,0.146,1.9000000000000001,54.84,2,790,N/A
2011,10,22,4,0,0,0,0,0.146,1.9000000000000001,54.34,2,790,N/A
2011,10,22,4,30,0,0,0,0.146,1.8,54.34,2,790,N/A
2011,10,22,5,0,0,0,0,0.146,1.8,53.72,2,790,N/A
2011,10,22,5,30,0,0,0,0.146,1.8,57.71,2,790,N/A
2011,10,22,6,0,0,0,0,0.146,1.8,57.07,2,790,N/A
2011,10,22,6,30,13,287,23,0.146,2.2,49.49,4,790,N/A
2011,10,22,7,0,31,599,111,0.146,2.7,44.43,6,790,N/A
2011,10,22,7,30,42,754,215,0.146,2.6,38.71,8,790,N/A
2011,10,22,8,0,49,843,320,0.146,2.5,31.14,10,790,N/A
2011,10,22,8,30,55,901,420,0.146,2.9000000000000004,27.27,12,790,N/A
2011,10,22,9,0,59,939,510,0.146,3.3000000000000003,22.740000000000002,14,790,N/A
2011,10,22,9,30,63,967,589,0.146,3.5,21.32,15,790,N/A
2011,10,22,10,0,66,985,654,0.146,3.8000000000000003,18.14,17,790,N/A
2011,10,22,10,30,68,998,705,0.146,3.8000000000000003,18.14,18,790,N/A
2011,10,22,11,0,71,1001,739,0.146,3.9000000000000004,17.12,19,790,N/A
2011,10,22,11,30,72,1005,757,0.146,3.9000000000000004,16.080000000000002,19,780,N/A
2011,10,22,12,0,72,1005,759,0.146,3.9000000000000004,15.32,20,780,N/A
2011,10,22,12,30,71,1001,743,0.146,3.8000000000000003,15.32,20,780,N/A
2011,10,22,13,0,71,991,711,0.146,3.8000000000000003,15.65,20,780,N/A
2011,10,22,13,30,69,978,663,0.146,3.7,15.65,20,780,N/A
2011,10,22,14,0,65,962,600,0.146,3.6,15.97,20,780,N/A
2011,10,22,14,30,62,935,523,0.146,3.4000000000000004,15.97,20,780,N/A
2011,10,22,15,0,58,896,435,0.146,3.3000000000000003,16.36,20,780,N/A
2011,10,22,15,30,52,841,337,0.146,2.8000000000000003,18.53,19,780,N/A
2011,10,22,16,0,45,756,233,0.146,2.3000000000000003,24.87,18,780,N/A
2011,10,22,16,30,34,615,129,0.146,1.9000000000000001,30.13,15,780,N/A
2011,10,22,17,0,18,346,36,0.146,1.5,39.46,12,780,N/A
2011,10,22,17,30,0,0,0,0.146,1.6,42.17,11,790,N/A
2011,10,22,18,0,0,0,0,0.146,1.7000000000000002,41.99,10,790,N/A
2011,10,22,18,30,0,0,0,0.146,1.8,44.910000000000004,9,790,N/A
2011,10,22,19,0,0,0,0,0.146,1.9000000000000001,47.19,9,790,N/A
2011,10,22,19,30,0,0,0,0.146,1.8,50.52,8,790,N/A
2011,10,22,20,0,0,0,0,0.146,1.8,51.050000000000004,7,790,N/A
2011,10,22,20,30,0,0,0,0.146,1.7000000000000002,54.68,6,790,N/A
2011,10,22,21,0,0,0,0,0.146,1.6,55.13,6,790,N/A
2011,10,22,21,30,0,0,0,0.146,1.5,55.120000000000005,6,790,N/A
2011,10,22,22,0,0,0,0,0.146,1.4000000000000001,54.97,6,790,N/A
2011,10,22,22,30,0,0,0,0.146,1.3,58.9,6,790,N/A
2011,10,22,23,0,0,0,0,0.146,1.3,58.28,6,790,N/A
2011,10,22,23,30,0,0,0,0.146,1.2000000000000002,58.28,5,790,N/A
2011,10,23,0,0,0,0,0,0.146,1.2000000000000002,57.47,5,790,N/A
2011,10,23,0,30,0,0,0,0.146,1.2000000000000002,57.47,5,790,N/A
2011,10,23,1,0,0,0,0,0.146,1.3,56.550000000000004,5,790,N/A
2011,10,23,1,30,0,0,0,0.146,1.2000000000000002,56.54,5,790,N/A
2011,10,23,2,0,0,0,0,0.146,1.2000000000000002,55.2,5,790,N/A
2011,10,23,2,30,0,0,0,0.146,1.2000000000000002,55.19,5,790,N/A
2011,10,23,3,0,0,0,0,0.146,1.2000000000000002,53.85,5,790,N/A
2011,10,23,3,30,0,0,0,0.146,1.2000000000000002,53.85,5,790,N/A
2011,10,23,4,0,0,0,0,0.146,1.2000000000000002,52.51,5,790,N/A
2011,10,23,4,30,0,0,0,0.146,1.1,52.51,5,790,N/A
2011,10,23,5,0,0,0,0,0.146,1.1,51.68,5,790,N/A
2011,10,23,5,30,0,0,0,0.146,1.1,51.69,5,790,N/A
2011,10,23,6,0,0,0,0,0.146,1.1,51.17,5,790,N/A
2011,10,23,6,30,13,250,20,0.146,0.9,47.75,6,790,N/A
2011,10,23,7,0,31,582,107,0.146,0.8,51.54,7,790,N/A
2011,10,23,7,30,42,742,211,0.146,0.8,45.01,9,790,N/A
2011,10,23,8,0,49,839,316,0.146,0.9,35.95,12,790,N/A
2011,10,23,8,30,55,899,416,0.146,0.6000000000000001,31.52,13,790,N/A
2011,10,23,9,0,59,942,507,0.146,0.30000000000000004,26.38,15,790,N/A
2011,10,23,9,30,62,971,587,0.146,0.4,24.740000000000002,16,790,N/A
2011,10,23,10,0,64,992,653,0.146,0.6000000000000001,21.13,18,790,N/A
2011,10,23,10,30,66,1006,705,0.146,0.8,21.12,19,790,N/A
2011,10,23,11,0,65,1019,741,0.146,1,19.330000000000002,20,790,N/A
2011,10,23,11,30,66,1024,760,0.146,1.1,18.16,20,790,N/A
2011,10,23,12,0,66,1025,762,0.146,1.3,16.59,21,790,N/A
2011,10,23,12,30,65,1021,746,0.146,1.4000000000000001,16.59,21,790,N/A
2011,10,23,13,0,64,1014,714,0.146,1.6,16.12,22,790,N/A
2011,10,23,13,30,62,1001,666,0.146,1.7000000000000002,16.12,22,780,N/A
2011,10,23,14,0,59,985,603,0.146,1.8,14.84,22,780,N/A
2011,10,23,14,30,57,959,526,0.146,1.8,15.77,21,780,N/A
2011,10,23,15,0,53,922,437,0.146,1.9000000000000001,15.59,21,780,N/A
2011,10,23,15,30,48,869,338,0.146,1.6,17.64,19,780,N/A
2011,10,23,16,0,41,786,234,0.146,1.3,27.52,18,780,N/A
2011,10,23,16,30,32,648,128,0.146,1.2000000000000002,33.29,15,780,N/A
2011,10,23,17,0,16,377,35,0.14400000000000002,1.2000000000000002,43.38,13,790,N/A
2011,10,23,17,30,0,0,0,0.14400000000000002,1.2000000000000002,46.36,11,790,N/A
2011,10,23,18,0,0,0,0,0.14400000000000002,1.3,45.13,10,790,N/A
2011,10,23,18,30,0,0,0,0.14400000000000002,1.3,48.27,9,790,N/A
2011,10,23,19,0,0,0,0,0.14400000000000002,1.3,46.59,9,790,N/A
2011,10,23,19,30,0,0,0,0.14400000000000002,1.2000000000000002,46.6,9,790,N/A
2011,10,23,20,0,0,0,0,0.14400000000000002,1.2000000000000002,44.64,9,790,N/A
2011,10,23,20,30,0,0,0,0.14400000000000002,1.1,47.76,9,790,N/A
2011,10,23,21,0,0,0,0,0.14400000000000002,1,45.85,9,790,N/A
2011,10,23,21,30,0,0,0,0.14400000000000002,1,45.85,9,790,N/A
2011,10,23,22,0,0,0,0,0.14400000000000002,1,44.44,9,790,N/A
2011,10,23,22,30,0,0,0,0.14400000000000002,0.9,44.44,8,790,N/A
2011,10,23,23,0,0,0,0,0.14400000000000002,0.9,43.35,8,790,N/A
2011,10,23,23,30,0,0,0,0.14400000000000002,0.9,43.35,8,790,N/A
2011,10,24,0,0,0,0,0,0.14400000000000002,0.9,42.19,8,790,N/A
2011,10,24,0,30,0,0,0,0.14400000000000002,0.8,45.15,8,790,N/A
2011,10,24,1,0,0,0,0,0.14400000000000002,0.7000000000000001,44.04,8,790,N/A
2011,10,24,1,30,0,0,0,0.14400000000000002,0.7000000000000001,44.04,8,790,N/A
2011,10,24,2,0,0,0,0,0.14400000000000002,0.7000000000000001,43.03,8,790,N/A
2011,10,24,2,30,0,0,0,0.14400000000000002,0.6000000000000001,43.02,7,790,N/A
2011,10,24,3,0,0,0,0,0.14400000000000002,0.6000000000000001,42.27,7,790,N/A
2011,10,24,3,30,0,0,0,0.14400000000000002,0.5,42.27,7,790,N/A
2011,10,24,4,0,0,0,0,0.14400000000000002,0.5,41.56,7,790,N/A
2011,10,24,4,30,0,0,0,0.14400000000000002,0.4,41.56,7,790,N/A
2011,10,24,5,0,0,0,0,0.14400000000000002,0.30000000000000004,41.11,7,790,N/A
2011,10,24,5,30,0,0,0,0.14400000000000002,0.2,41.11,7,790,N/A
2011,10,24,6,0,0,0,0,0.14400000000000002,0.2,40.89,7,790,N/A
2011,10,24,6,30,12,253,18,0.14400000000000002,0.4,38.2,8,790,N/A
2011,10,24,7,0,30,573,103,0.14400000000000002,0.6000000000000001,43.74,9,790,N/A
2011,10,24,7,30,42,735,206,0.14400000000000002,1,38.28,11,790,N/A
2011,10,24,8,0,50,825,309,0.14400000000000002,1.4000000000000001,31.86,13,790,N/A
2011,10,24,8,30,56,886,408,0.14400000000000002,2,29.86,14,790,N/A
2011,10,24,9,0,62,924,498,0.14400000000000002,2.8000000000000003,23.900000000000002,16,790,N/A
2011,10,24,9,30,65,953,577,0.14400000000000002,3.2,22.43,17,790,N/A
2011,10,24,10,0,69,971,641,0.14400000000000002,3.6,20.89,19,790,N/A
2011,10,24,10,30,71,985,692,0.14400000000000002,3.9000000000000004,19.62,19,790,N/A
2011,10,24,11,0,75,989,726,0.14400000000000002,4.2,18.400000000000002,20,790,N/A
2011,10,24,11,30,76,993,744,0.14400000000000002,4.4,18.39,20,790,N/A
2011,10,24,12,0,77,990,745,0.14400000000000002,4.6000000000000005,18.830000000000002,21,790,N/A
2011,10,24,12,30,311,360,550,0.14400000000000002,4.6000000000000005,18.82,21,780,N/A
2011,10,24,13,0,77,970,694,0.14400000000000002,4.7,18.56,21,780,N/A
2011,10,24,13,30,75,954,645,0.14400000000000002,4.6000000000000005,18.55,21,780,N/A
2011,10,24,14,0,73,929,581,0.14400000000000002,4.6000000000000005,19.34,21,780,N/A
2011,10,24,14,30,69,897,504,0.14400000000000002,4.4,20.56,20,780,N/A
2011,10,24,15,0,65,848,415,0.14400000000000002,4.2,21.32,20,780,N/A
2011,10,24,15,30,59,786,318,0.14400000000000002,3.5,22.68,19,780,N/A
2011,10,24,16,0,50,686,216,0.14400000000000002,2.8000000000000003,26.17,19,780,N/A
2011,10,24,16,30,38,531,115,0.14400000000000002,2.1,31.650000000000002,16,780,N/A
2011,10,24,17,0,17,241,28,0.14400000000000002,1.5,41.050000000000004,13,780,N/A
2011,10,24,17,30,0,0,0,0.14400000000000002,1.5,43.84,12,780,N/A
2011,10,24,18,0,0,0,0,0.14400000000000002,1.5,47.59,11,780,N/A
2011,10,24,18,30,0,0,0,0.14400000000000002,1.4000000000000001,50.870000000000005,10,780,N/A
2011,10,24,19,0,0,0,0,0.14400000000000002,1.4000000000000001,51.65,10,780,N/A
2011,10,24,19,30,0,0,0,0.14400000000000002,1.4000000000000001,55.230000000000004,9,780,N/A
2011,10,24,20,0,0,0,0,0.14400000000000002,1.4000000000000001,55.78,9,780,N/A
2011,10,24,20,30,0,0,0,0.14400000000000002,1.5,55.78,9,780,N/A
2011,10,24,21,0,0,0,0,0.14400000000000002,1.6,56.5,9,780,N/A
2011,10,24,21,30,0,0,0,0.14400000000000002,1.7000000000000002,56.49,9,780,N/A
2011,10,24,22,0,0,0,0,0.14400000000000002,1.8,56.69,9,780,N/A
2011,10,24,22,30,0,0,0,0.14400000000000002,1.8,56.69,9,780,N/A
2011,10,24,23,0,0,0,0,0.14400000000000002,1.9000000000000001,56.69,9,780,N/A
2011,10,24,23,30,0,0,0,0.14400000000000002,1.7000000000000002,60.64,9,780,N/A
2011,10,25,0,0,0,0,0,0.14400000000000002,1.6,61.04,9,780,N/A
2011,10,25,0,30,0,0,0,0.14400000000000002,1.4000000000000001,61.02,8,780,N/A
2011,10,25,1,0,0,0,0,0.14400000000000002,1.3,60.86,8,780,N/A
2011,10,25,1,30,0,0,0,0.14400000000000002,1.3,65.14,7,780,N/A
2011,10,25,2,0,0,0,0,0.14400000000000002,1.3,68.42,7,780,N/A
2011,10,25,2,30,0,0,0,0.14400000000000002,1.5,68.41,6,780,N/A
2011,10,25,3,0,0,0,0,0.14400000000000002,1.7000000000000002,64.59,6,780,N/A
2011,10,25,3,30,0,0,0,0.14400000000000002,1.7000000000000002,69.22,6,780,N/A
2011,10,25,4,0,0,0,0,0.14400000000000002,1.8,63.46,6,780,N/A
2011,10,25,4,30,0,0,0,0.14400000000000002,1.7000000000000002,63.46,5,780,N/A
2011,10,25,5,0,0,0,0,0.14400000000000002,1.7000000000000002,59.03,5,780,N/A
2011,10,25,5,30,0,0,0,0.14400000000000002,1.7000000000000002,59.03,5,780,N/A
2011,10,25,6,0,0,0,0,0.14400000000000002,1.7000000000000002,58.42,5,780,N/A
2011,10,25,6,30,12,150,15,0.14400000000000002,2,54.52,6,780,N/A
2011,10,25,7,0,35,458,92,0.14400000000000002,2.4000000000000004,51.480000000000004,8,780,N/A
2011,10,25,7,30,50,634,190,0.14400000000000002,2.8000000000000003,48.13,9,780,N/A
2011,10,25,8,0,63,726,289,0.14400000000000002,3.3000000000000003,47.95,11,780,N/A
2011,10,25,8,30,72,796,385,0.14400000000000002,3.5,44.88,12,780,N/A
2011,10,25,9,0,83,826,470,0.14400000000000002,3.8000000000000003,45.33,14,780,N/A
2011,10,25,9,30,89,860,547,0.14400000000000002,3.9000000000000004,42.47,14,780,N/A
2011,10,25,10,0,101,863,606,0.14400000000000002,4,40.4,15,780,N/A
2011,10,25,10,30,104,880,656,0.14400000000000002,4.1000000000000005,40.39,15,780,N/A
2011,10,25,11,0,106,892,689,0.14400000000000002,4.2,40.1,16,780,N/A
2011,10,25,11,30,107,897,707,0.14400000000000002,4.3,40.09,16,780,N/A
2011,10,25,12,0,318,339,546,0.14400000000000002,4.4,42.13,16,780,N/A
2011,10,25,12,30,302,352,534,0.14400000000000002,4.5,42.12,16,780,N/A
2011,10,25,13,0,96,0,96,0.14400000000000002,4.6000000000000005,43.27,16,780,N/A
2011,10,25,13,30,56,0,56,0.14400000000000002,4.4,46.12,15,780,N/A
2011,10,25,14,0,50,0,50,0.14400000000000002,4.2,47.13,15,780,N/A
2011,10,25,14,30,162,519,411,0.14400000000000002,3.9000000000000004,50.26,14,780,N/A
2011,10,25,15,0,152,414,321,0.14400000000000002,3.7,51.18,14,780,N/A
2011,10,25,15,30,25,0,25,0.14400000000000002,3.3000000000000003,54.61,13,780,N/A
2011,10,25,16,0,74,409,171,0.14400000000000002,2.9000000000000004,55.77,13,780,N/A
2011,10,25,16,30,52,253,88,0.14400000000000002,2.2,63.61,11,780,N/A
2011,10,25,17,0,20,0,20,0.14400000000000002,1.5,75.62,10,780,N/A
2011,10,25,17,30,0,0,0,0.14400000000000002,1.5,80.92,9,780,N/A
2011,10,25,18,0,0,0,0,0.14400000000000002,1.6,86.62,8,780,N/A
2011,10,25,18,30,0,0,0,0.14400000000000002,1.6,92.78,7,780,N/A
2011,10,25,19,0,0,0,0,0.14400000000000002,1.6,92.81,7,780,N/A
2011,10,25,19,30,0,0,0,0.14400000000000002,1.4000000000000001,92.8,6,780,N/A
2011,10,25,20,0,0,0,0,0.14400000000000002,1.3,92.31,6,780,N/A
2011,10,25,20,30,0,0,0,0.14400000000000002,1.2000000000000002,98.92,6,780,N/A
2011,10,25,21,0,0,0,0,0.14400000000000002,1.1,98.06,6,780,N/A
2011,10,25,21,30,0,0,0,0.14400000000000002,1,98.03,5,780,N/A
2011,10,25,22,0,0,0,0,0.14400000000000002,1,97.03,5,780,N/A
2011,10,25,22,30,0,0,0,0.14400000000000002,0.8,97.01,5,780,N/A
2011,10,25,23,0,0,0,0,0.14400000000000002,0.7000000000000001,95.75,5,780,N/A
2011,10,25,23,30,0,0,0,0.14400000000000002,0.4,95.73,5,780,N/A
2011,10,26,0,0,0,0,0,0.14400000000000002,0.2,94.67,5,780,N/A
2011,10,26,0,30,0,0,0,0.14400000000000002,0.30000000000000004,100,5,780,N/A
2011,10,26,1,0,0,0,0,0.14400000000000002,0.5,100,5,780,N/A
2011,10,26,1,30,0,0,0,0.14400000000000002,0.7000000000000001,100,4,780,N/A
2011,10,26,2,0,0,0,0,0.14400000000000002,0.9,100,4,780,N/A
2011,10,26,2,30,0,0,0,0.14400000000000002,0.9,100,3,780,N/A
2011,10,26,3,0,0,0,0,0.14400000000000002,1,100,3,780,N/A
2011,10,26,3,30,0,0,0,0.14400000000000002,0.9,100,3,780,N/A
2011,10,26,4,0,0,0,0,0.14400000000000002,0.8,100,3,780,N/A
2011,10,26,4,30,0,0,0,0.14400000000000002,0.8,100,3,780,N/A
2011,10,26,5,0,0,0,0,0.14400000000000002,0.8,100,3,780,N/A
2011,10,26,5,30,0,0,0,0.14400000000000002,0.9,100,3,780,N/A
2011,10,26,6,0,0,0,0,0.14400000000000002,1,100,3,780,N/A
2011,10,26,6,30,12,0,12,0.14400000000000002,1.3,95.56,4,780,N/A
2011,10,26,7,0,43,304,80,0.14400000000000002,1.6,91.04,6,780,N/A
2011,10,26,7,30,53,538,170,0.14400000000000002,2.3000000000000003,84.94,7,780,N/A
2011,10,26,8,0,41,0,41,0.14400000000000002,3,81.7,8,780,N/A
2011,10,26,8,30,171,204,250,0.14400000000000002,3.4000000000000004,76.3,8,780,N/A
2011,10,26,9,0,203,292,339,0.14400000000000002,3.8000000000000003,72.3,9,780,N/A
2011,10,26,9,30,23,0,23,0.14400000000000002,4.2,67.59,10,780,N/A
2011,10,26,10,0,172,655,553,0.14400000000000002,4.7,63.08,11,780,N/A
2011,10,26,10,30,96,894,652,0.14400000000000002,5,63.050000000000004,12,780,N/A
2011,10,26,11,0,118,860,677,0.14400000000000002,5.4,58.910000000000004,13,780,N/A
2011,10,26,11,30,275,459,579,0.14400000000000002,5.5,58.870000000000005,13,780,N/A
2011,10,26,12,0,335,117,413,0.14400000000000002,5.6000000000000005,55.82,13,780,N/A
2011,10,26,12,30,111,877,684,0.14400000000000002,5.4,55.79,13,780,N/A
2011,10,26,13,0,310,244,463,0.14400000000000002,5.300000000000001,57,14,780,N/A
2011,10,26,13,30,124,1,125,0.14400000000000002,4.800000000000001,56.980000000000004,13,780,N/A
2011,10,26,14,0,49,0,49,0.14400000000000002,4.4,57.72,13,780,N/A
2011,10,26,14,30,90,0,90,0.14400000000000002,3.7,61.620000000000005,13,780,N/A
2011,10,26,15,0,153,24,163,0.14400000000000002,3,61.690000000000005,13,780,N/A
2011,10,26,15,30,103,0,103,0.14400000000000002,2.1,65.9,12,780,N/A
2011,10,26,16,0,91,68,107,0.14400000000000002,1.2000000000000002,68.93,11,780,N/A
2011,10,26,16,30,20,0,20,0.14400000000000002,1,78.81,9,780,N/A
2011,10,26,17,0,4,0,4,0.866,0.8,88.57000000000001,8,780,N/A
2011,10,26,17,30,0,0,0,0.866,1.3,94.86,7,780,N/A
2011,10,26,18,0,0,0,0,0.866,1.9000000000000001,97.24000000000001,7,780,N/A
2011,10,26,18,30,0,0,0,0.866,2.4000000000000004,100,6,780,N/A
2011,10,26,19,0,0,0,0,0.866,2.9000000000000004,100,6,780,N/A
2011,10,26,19,30,0,0,0,0.866,2.9000000000000004,100,5,780,N/A
2011,10,26,20,0,0,0,0,0.866,3,100,4,780,N/A
2011,10,26,20,30,0,0,0,0.866,3.1,100,3,780,N/A
2011,10,26,21,0,0,0,0,0.866,3.2,100,3,780,N/A
2011,10,26,21,30,0,0,0,0.866,3.4000000000000004,100,2,780,N/A
2011,10,26,22,0,0,0,0,0.866,3.6,96.56,2,780,N/A
2011,10,26,22,30,0,0,0,0.866,4,100,1,780,N/A
2011,10,26,23,0,0,0,0,0.866,4.4,99.14,1,780,N/A
2011,10,26,23,30,0,0,0,0.866,4.6000000000000005,99.15,0,780,N/A
2011,10,27,0,0,0,0,0,0.866,4.9,87.66,0,780,N/A
2011,10,27,0,30,0,0,0,0.866,4.7,87.67,0,780,N/A
2011,10,27,1,0,0,0,0,0.866,4.6000000000000005,84.71000000000001,-1,780,N/A
2011,10,27,1,30,0,0,0,0.866,4.1000000000000005,84.7,-1,780,N/A
2011,10,27,2,0,0,0,0,0.866,3.7,84.22,-2,780,N/A
2011,10,27,2,30,0,0,0,0.866,3.3000000000000003,84.23,-2,780,N/A
2011,10,27,3,0,0,0,0,0.866,2.9000000000000004,79.9,-2,780,N/A
2011,10,27,3,30,0,0,0,0.866,2.5,79.92,-2,780,N/A
2011,10,27,4,0,0,0,0,0.866,2.3000000000000003,77.77,-2,780,N/A
2011,10,27,4,30,0,0,0,0.866,2,77.8,-2,780,N/A
2011,10,27,5,0,0,0,0,0.866,1.8,77.17,-2,780,N/A
2011,10,27,5,30,0,0,0,0.866,1.5,77.2,-2,780,N/A
2011,10,27,6,0,0,0,0,0.866,1.3,77.44,-2,780,N/A
2011,10,27,6,30,0,0,0,0.866,1.4000000000000001,71.98,-1,780,N/A
2011,10,27,7,0,38,440,89,0.866,1.6,76.60000000000001,-1,780,N/A
2011,10,27,7,30,57,629,191,0.866,1.8,71.23,0,780,N/A
2011,10,27,8,0,124,71,146,0.866,2.1,77.77,1,780,N/A
2011,10,27,8,30,151,31,163,0.866,2.1,72.35000000000001,2,780,N/A
2011,10,27,9,0,203,72,236,0.866,2.1,72.06,3,780,N/A
2011,10,27,9,30,249,132,319,0.866,1.9000000000000001,67.12,4,780,N/A
2011,10,27,10,0,266,71,307,0.866,1.7000000000000002,64.66,5,780,N/A
2011,10,27,10,30,186,669,599,0.866,1.5,60.28,6,780,N/A
2011,10,27,11,0,193,686,636,0.866,1.4000000000000001,57.22,7,780,N/A
2011,10,27,11,30,290,410,560,0.866,1.5,53.4,7,780,N/A
2011,10,27,12,0,336,140,428,0.866,1.6,50.59,8,780,N/A
2011,10,27,12,30,325,123,405,0.866,1.7000000000000002,50.57,8,780,N/A
2011,10,27,13,0,282,55,317,0.866,1.8,47.6,9,780,N/A
2011,10,27,13,30,262,53,294,0.866,1.8,47.6,9,780,N/A
2011,10,27,14,0,236,52,264,0.866,1.9000000000000001,47.83,9,780,N/A
2011,10,27,14,30,178,471,400,0.866,1.8,47.83,9,780,N/A
2011,10,27,15,0,135,485,328,0.866,1.8,47.97,9,780,N/A
2011,10,27,15,30,116,419,249,0.866,1.6,51.33,8,780,N/A
2011,10,27,16,0,58,662,209,0.866,1.4000000000000001,56.53,7,780,N/A
2011,10,27,16,30,40,493,106,0.866,1,64.91,5,780,N/A
2011,10,27,17,0,15,181,21,0.14400000000000002,0.7000000000000001,78.74,4,780,N/A
2011,10,27,17,30,0,0,0,0.14400000000000002,0.7000000000000001,84.55,3,780,N/A
2011,10,27,18,0,0,0,0,0.14400000000000002,0.7000000000000001,79.3,2,780,N/A
2011,10,27,18,30,0,0,0,0.14400000000000002,0.7000000000000001,85.19,1,780,N/A
2011,10,27,19,0,0,0,0,0.14400000000000002,0.8,82.64,1,780,N/A
2011,10,27,19,30,0,0,0,0.14400000000000002,0.8,88.83,0,780,N/A
2011,10,27,20,0,0,0,0,0.14400000000000002,0.8,86.36,0,780,N/A
2011,10,27,20,30,0,0,0,0.14400000000000002,0.9,86.38,0,780,N/A
2011,10,27,21,0,0,0,0,0.14400000000000002,1,84.05,0,780,N/A
2011,10,27,21,30,0,0,0,0.14400000000000002,1,84.07000000000001,0,780,N/A
2011,10,27,22,0,0,0,0,0.14400000000000002,1.1,81.78,0,780,N/A
2011,10,27,22,30,0,0,0,0.14400000000000002,1.1,81.8,0,780,N/A
2011,10,27,23,0,0,0,0,0.14400000000000002,1.1,85.36,0,780,N/A
2011,10,27,23,30,0,0,0,0.14400000000000002,1.1,85.37,0,780,N/A
2011,10,28,0,0,0,0,0,0.14400000000000002,1.1,81.31,-1,780,N/A
2011,10,28,0,30,0,0,0,0.14400000000000002,1.1,81.32000000000001,-1,780,N/A
2011,10,28,1,0,0,0,0,0.14400000000000002,1.1,82.13,-2,780,N/A
2011,10,28,1,30,0,0,0,0.14400000000000002,1.1,82.13,-2,780,N/A
2011,10,28,2,0,0,0,0,0.14400000000000002,1.1,76.55,-2,780,N/A
2011,10,28,2,30,0,0,0,0.14400000000000002,1.1,76.55,-2,780,N/A
2011,10,28,3,0,0,0,0,0.14400000000000002,1.1,76.97,-3,780,N/A
2011,10,28,3,30,0,0,0,0.14400000000000002,1.1,76.98,-3,780,N/A
2011,10,28,4,0,0,0,0,0.14400000000000002,1.1,73.22,-3,780,N/A
2011,10,28,4,30,0,0,0,0.14400000000000002,1.1,73.24,-3,780,N/A
2011,10,28,5,0,0,0,0,0.14400000000000002,1.2000000000000002,76.84,-3,780,N/A
2011,10,28,5,30,0,0,0,0.14400000000000002,1.2000000000000002,76.85000000000001,-3,780,N/A
2011,10,28,6,0,0,0,0,0.14400000000000002,1.3,76.01,-3,780,N/A
2011,10,28,6,30,0,0,0,0.14400000000000002,1.6,65.55,-1,790,N/A
2011,10,28,7,0,29,581,95,0.14400000000000002,1.9000000000000001,62.1,0,790,N/A
2011,10,28,7,30,41,757,199,0.14400000000000002,2,57.79,1,790,N/A
2011,10,28,8,0,49,859,306,0.14400000000000002,2.2,51.9,3,790,N/A
2011,10,28,8,30,54,922,407,0.14400000000000002,2.1,48.370000000000005,5,790,N/A
2011,10,28,9,0,59,965,499,0.14400000000000002,2.1,37.64,7,790,N/A
2011,10,28,9,30,62,994,579,0.14400000000000002,1.7000000000000002,35.14,8,790,N/A
2011,10,28,10,0,65,1014,645,0.14400000000000002,1.3,28.51,9,790,N/A
2011,10,28,10,30,66,1028,697,0.14400000000000002,1,26.650000000000002,10,790,N/A
2011,10,28,11,0,73,1024,729,0.14400000000000002,0.7000000000000001,23.400000000000002,11,790,N/A
2011,10,28,11,30,74,1027,747,0.14400000000000002,0.5,23.39,11,790,N/A
2011,10,28,12,0,72,1030,749,0.14400000000000002,0.30000000000000004,20.87,12,790,N/A
2011,10,28,12,30,72,1025,732,0.14400000000000002,0.5,20.86,12,790,N/A
2011,10,28,13,0,71,1015,698,0.14400000000000002,0.8,19.04,13,790,N/A
2011,10,28,13,30,69,1000,649,0.14400000000000002,1,19.04,13,790,N/A
2011,10,28,14,0,69,970,582,0.14400000000000002,1.2000000000000002,19.04,13,790,N/A
2011,10,28,14,30,65,939,504,0.14400000000000002,1.3,20.330000000000002,13,790,N/A
2011,10,28,15,0,61,894,414,0.14400000000000002,1.5,20.73,13,790,N/A
2011,10,28,15,30,54,831,315,0.14400000000000002,1.3,22.150000000000002,11,790,N/A
2011,10,28,16,0,46,733,210,0.14400000000000002,1.1,33.7,10,790,N/A
2011,10,28,16,30,33,568,107,0.14400000000000002,1.1,41.29,7,790,N/A
2011,10,28,17,0,13,235,20,0.14400000000000002,1.2000000000000002,50.050000000000004,5,790,N/A
2011,10,28,17,30,0,0,0,0.14400000000000002,1.2000000000000002,53.68,4,790,N/A
2011,10,28,18,0,0,0,0,0.14400000000000002,1.2000000000000002,52.94,3,790,N/A
2011,10,28,18,30,0,0,0,0.14400000000000002,1.2000000000000002,56.85,2,790,N/A
2011,10,28,19,0,0,0,0,0.14400000000000002,1.2000000000000002,54.83,2,790,N/A
2011,10,28,19,30,0,0,0,0.14400000000000002,1.1,58.89,2,790,N/A
2011,10,28,20,0,0,0,0,0.14400000000000002,1,56.83,2,790,N/A
2011,10,28,20,30,0,0,0,0.14400000000000002,0.9,56.83,1,790,N/A
2011,10,28,21,0,0,0,0,0.14400000000000002,0.9,55.32,1,790,N/A
2011,10,28,21,30,0,0,0,0.14400000000000002,0.9,59.46,1,790,N/A
2011,10,28,22,0,0,0,0,0.14400000000000002,0.9,58.29,1,790,N/A
2011,10,28,22,30,0,0,0,0.14400000000000002,0.8,58.28,0,790,N/A
2011,10,28,23,0,0,0,0,0.14400000000000002,0.8,57.550000000000004,0,790,N/A
2011,10,28,23,30,0,0,0,0.14400000000000002,0.8,57.54,0,790,N/A
2011,10,29,0,0,0,0,0,0.14400000000000002,0.8,56.480000000000004,0,790,N/A
2011,10,29,0,30,0,0,0,0.14400000000000002,0.8,56.47,0,790,N/A
2011,10,29,1,0,0,0,0,0.14400000000000002,0.8,55.17,0,790,N/A
2011,10,29,1,30,0,0,0,0.14400000000000002,0.8,55.15,0,790,N/A
2011,10,29,2,0,0,0,0,0.14400000000000002,0.8,57.71,0,790,N/A
2011,10,29,2,30,0,0,0,0.14400000000000002,0.8,57.7,0,790,N/A
2011,10,29,3,0,0,0,0,0.14400000000000002,0.9,55.730000000000004,-1,780,N/A
2011,10,29,3,30,0,0,0,0.14400000000000002,0.9,55.72,-1,780,N/A
2011,10,29,4,0,0,0,0,0.14400000000000002,0.9,53.800000000000004,-1,780,N/A
2011,10,29,4,30,0,0,0,0.14400000000000002,0.9,53.800000000000004,-1,780,N/A
2011,10,29,5,0,0,0,0,0.14400000000000002,0.9,52.56,-1,780,N/A
2011,10,29,5,30,0,0,0,0.14400000000000002,0.9,52.56,-1,780,N/A
2011,10,29,6,0,0,0,0,0.14400000000000002,0.9,52.45,-1,780,N/A
2011,10,29,6,30,0,0,0,0.14400000000000002,0.9,48.77,0,780,N/A
2011,10,29,7,0,29,532,88,0.14400000000000002,1,51.03,1,780,N/A
2011,10,29,7,30,42,716,189,0.14400000000000002,1.2000000000000002,47.51,3,780,N/A
2011,10,29,8,0,50,825,294,0.14400000000000002,1.5,40.050000000000004,5,780,N/A
2011,10,29,8,30,56,891,393,0.14400000000000002,2.1,34.84,6,780,N/A
2011,10,29,9,0,60,939,484,0.14400000000000002,2.8000000000000003,28.22,8,780,N/A
2011,10,29,9,30,63,969,564,0.14400000000000002,3.2,26.37,9,780,N/A
2011,10,29,10,0,66,992,630,0.14400000000000002,3.7,22.19,10,780,N/A
2011,10,29,10,30,68,1006,681,0.14400000000000002,3.9000000000000004,20.75,11,780,N/A
2011,10,29,11,0,73,1006,714,0.14400000000000002,4.2,18.94,12,780,N/A
2011,10,29,11,30,74,1011,732,0.14400000000000002,4.3,18.93,12,780,N/A
2011,10,29,12,0,74,1010,733,0.14400000000000002,4.5,18,13,780,N/A
2011,10,29,12,30,73,1006,716,0.14400000000000002,4.6000000000000005,17.990000000000002,13,780,N/A
2011,10,29,13,0,72,996,683,0.14400000000000002,4.7,17.26,14,780,N/A
2011,10,29,13,30,70,981,634,0.14400000000000002,4.7,17.26,14,780,N/A
2011,10,29,14,0,66,960,571,0.14400000000000002,4.800000000000001,17.68,14,780,N/A
2011,10,29,14,30,63,930,493,0.14400000000000002,4.6000000000000005,18.87,13,780,N/A
2011,10,29,15,0,59,883,404,0.14400000000000002,4.6000000000000005,19.41,13,780,N/A
2011,10,29,15,30,53,820,306,0.14400000000000002,3.9000000000000004,20.72,12,780,N/A
2011,10,29,16,0,45,715,202,0.14400000000000002,3.3000000000000003,24.37,11,780,N/A
2011,10,29,16,30,33,544,101,0.14400000000000002,2.4000000000000004,29.8,8,780,N/A
2011,10,29,17,0,13,195,18,0.14400000000000002,1.6,42.6,6,780,N/A
2011,10,29,17,30,0,0,0,0.14400000000000002,1.6,45.69,5,780,N/A
2011,10,29,18,0,0,0,0,0.14400000000000002,1.7000000000000002,44.35,4,780,N/A
2011,10,29,18,30,0,0,0,0.14400000000000002,1.7000000000000002,47.59,3,780,N/A
2011,10,29,19,0,0,0,0,0.14400000000000002,1.7000000000000002,46.38,3,780,N/A
2011,10,29,19,30,0,0,0,0.14400000000000002,1.8,46.39,3,780,N/A
2011,10,29,20,0,0,0,0,0.14400000000000002,1.9000000000000001,45.68,3,780,N/A
2011,10,29,20,30,0,0,0,0.14400000000000002,1.9000000000000001,45.68,3,780,N/A
2011,10,29,21,0,0,0,0,0.14400000000000002,2,45.92,3,780,N/A
2011,10,29,21,30,0,0,0,0.14400000000000002,2,49.300000000000004,2,780,N/A
2011,10,29,22,0,0,0,0,0.14400000000000002,2,49.730000000000004,2,780,N/A
2011,10,29,22,30,0,0,0,0.14400000000000002,2,53.42,1,780,N/A
2011,10,29,23,0,0,0,0,0.14400000000000002,2,54.050000000000004,1,780,N/A
2011,10,29,23,30,0,0,0,0.14400000000000002,2,58.1,0,780,N/A
2011,10,30,0,0,0,0,0,0.14400000000000002,2.1,58.68,0,780,N/A
2011,10,30,0,30,0,0,0,0.14400000000000002,2.1,58.69,0,780,N/A
2011,10,30,1,0,0,0,0,0.14400000000000002,2.2,58.77,0,780,N/A
2011,10,30,1,30,0,0,0,0.14400000000000002,2.2,58.77,0,780,N/A
2011,10,30,2,0,0,0,0,0.14400000000000002,2.3000000000000003,58.120000000000005,0,780,N/A
2011,10,30,2,30,0,0,0,0.14400000000000002,2.3000000000000003,58.120000000000005,0,780,N/A
2011,10,30,3,0,0,0,0,0.14400000000000002,2.3000000000000003,57.120000000000005,0,780,N/A
2011,10,30,3,30,0,0,0,0.14400000000000002,2.1,57.14,0,780,N/A
2011,10,30,4,0,0,0,0,0.14400000000000002,2,56.53,0,780,N/A
2011,10,30,4,30,0,0,0,0.14400000000000002,1.8,56.56,0,780,N/A
2011,10,30,5,0,0,0,0,0.14400000000000002,1.7000000000000002,60.59,0,780,N/A
2011,10,30,5,30,0,0,0,0.14400000000000002,1.6,60.61,0,790,N/A
2011,10,30,6,0,0,0,0,0.14400000000000002,1.5,60.51,-1,790,N/A
2011,10,30,6,30,0,0,0,0.14400000000000002,1.4000000000000001,56.28,0,790,N/A
2011,10,30,7,0,29,498,82,0.14400000000000002,1.3,59.79,2,790,N/A
2011,10,30,7,30,43,689,182,0.14400000000000002,1.6,51.86,4,790,N/A
2011,10,30,8,0,51,802,286,0.14400000000000002,1.9000000000000001,38.95,6,790,N/A
2011,10,30,8,30,58,871,384,0.14400000000000002,1.8,33.97,8,790,N/A
2011,10,30,9,0,62,919,474,0.14400000000000002,1.7000000000000002,29.39,10,790,N/A
2011,10,30,9,30,66,951,553,0.14400000000000002,1.6,27.5,11,790,N/A
2011,10,30,10,0,69,975,619,0.14400000000000002,1.5,23.900000000000002,13,790,N/A
2011,10,30,10,30,71,990,669,0.14400000000000002,1.6,23.89,14,790,N/A
2011,10,30,11,0,68,1008,706,0.14400000000000002,1.7000000000000002,22.400000000000002,15,790,N/A
2011,10,30,11,30,69,1012,724,0.14400000000000002,1.8,20.990000000000002,15,790,N/A
2011,10,30,12,0,69,1012,725,0.14400000000000002,1.9000000000000001,19.68,16,790,N/A
2011,10,30,12,30,68,1008,709,0.14400000000000002,2,19.67,16,790,N/A
2011,10,30,13,0,67,1000,676,0.14400000000000002,2.2,18.5,17,790,N/A
2011,10,30,13,30,65,985,628,0.14400000000000002,2.2,18.5,17,780,N/A
2011,10,30,14,0,60,969,565,0.14400000000000002,2.2,18.47,17,780,N/A
2011,10,30,14,30,57,940,488,0.14400000000000002,2.2,19.68,16,780,N/A
2011,10,30,15,0,52,902,401,0.14400000000000002,2.2,19.990000000000002,16,780,N/A
2011,10,30,15,30,47,842,303,0.14400000000000002,1.7000000000000002,22.73,15,780,N/A
2011,10,30,16,0,39,751,201,0.14400000000000002,1.2000000000000002,33.78,14,790,N/A
2011,10,30,16,30,28,589,100,0.14400000000000002,1.2000000000000002,41.18,11,790,N/A
2011,10,30,17,0,11,255,16,0.14400000000000002,1.2000000000000002,47.68,8,790,N/A
2011,10,30,17,30,0,0,0,0.14400000000000002,1.2000000000000002,51.06,7,790,N/A
2011,10,30,18,0,0,0,0,0.14400000000000002,1.2000000000000002,51.09,6,790,N/A
2011,10,30,18,30,0,0,0,0.14400000000000002,1.2000000000000002,54.77,5,790,N/A
2011,10,30,19,0,0,0,0,0.14400000000000002,1.2000000000000002,53.18,5,790,N/A
2011,10,30,19,30,0,0,0,0.14400000000000002,1.2000000000000002,57.03,4,790,N/A
2011,10,30,20,0,0,0,0,0.14400000000000002,1.2000000000000002,55.1,4,790,N/A
2011,10,30,20,30,0,0,0,0.14400000000000002,1.1,59.13,4,790,N/A
2011,10,30,21,0,0,0,0,0.14400000000000002,1.1,57.36,4,790,N/A
2011,10,30,21,30,0,0,0,0.14400000000000002,1.1,57.36,3,790,N/A
2011,10,30,22,0,0,0,0,0.14400000000000002,1.1,56.09,3,790,N/A
2011,10,30,22,30,0,0,0,0.14400000000000002,1.1,60.21,3,790,N/A
2011,10,30,23,0,0,0,0,0.14400000000000002,1.1,59.230000000000004,3,790,N/A
2011,10,30,23,30,0,0,0,0.14400000000000002,1.1,59.22,2,790,N/A
2011,10,31,0,0,0,0,0,0.14400000000000002,1.2000000000000002,58.64,2,790,N/A
2011,10,31,0,30,0,0,0,0.14400000000000002,1.2000000000000002,62.99,2,790,N/A
2011,10,31,1,0,0,0,0,0.14400000000000002,1.2000000000000002,62.59,2,790,N/A
2011,10,31,1,30,0,0,0,0.14400000000000002,1.2000000000000002,62.57,1,790,N/A
2011,10,31,2,0,0,0,0,0.14400000000000002,1.2000000000000002,62.190000000000005,1,790,N/A
2011,10,31,2,30,0,0,0,0.14400000000000002,1.2000000000000002,62.17,1,790,N/A
2011,10,31,3,0,0,0,0,0.14400000000000002,1.2000000000000002,61.870000000000005,1,790,N/A
2011,10,31,3,30,0,0,0,0.14400000000000002,1.2000000000000002,61.86,1,790,N/A
2011,10,31,4,0,0,0,0,0.14400000000000002,1.2000000000000002,61.65,1,790,N/A
2011,10,31,4,30,0,0,0,0.14400000000000002,1.2000000000000002,61.64,1,790,N/A
2011,10,31,5,0,0,0,0,0.14400000000000002,1.2000000000000002,61.44,1,790,N/A
2011,10,31,5,30,0,0,0,0.14400000000000002,1.2000000000000002,61.43,1,790,N/A
2011,10,31,6,0,0,0,0,0.14400000000000002,1.2000000000000002,61.29,1,790,N/A
2011,10,31,6,30,0,0,0,0.14400000000000002,1.1,57.050000000000004,2,790,N/A
2011,10,31,7,0,25,562,83,0.14400000000000002,1,60.08,4,790,N/A
2011,10,31,7,30,36,740,183,0.14400000000000002,1.1,52.22,6,790,N/A
2011,10,31,8,0,44,837,285,0.14400000000000002,1.3,42.45,8,790,N/A
2011,10,31,8,30,49,898,382,0.14400000000000002,1.6,37.1,10,790,N/A
2011,10,31,9,0,54,936,470,0.14400000000000002,1.9000000000000001,30.27,12,790,N/A
2011,10,31,9,30,58,964,547,0.14400000000000002,2.5,28.34,13,780,N/A
2011,10,31,10,0,61,982,611,0.14400000000000002,3.2,26.32,15,780,N/A
2011,10,31,10,30,63,996,661,0.14400000000000002,3.5,24.67,15,780,N/A
2011,10,31,11,0,69,992,693,0.14400000000000002,3.8000000000000003,23.14,16,780,N/A
2011,10,31,11,30,70,997,710,0.14400000000000002,3.9000000000000004,23.13,17,780,N/A
2011,10,31,12,0,69,998,711,0.14400000000000002,4,21.57,18,780,N/A
2011,10,31,12,30,68,994,695,0.14400000000000002,4,21.56,18,780,N/A
2011,10,31,13,0,66,986,663,0.14400000000000002,4,20.05,18,780,N/A
2011,10,31,13,30,227,449,482,0.14400000000000002,3.9000000000000004,20.04,18,780,N/A
2011,10,31,14,0,61,954,553,0.14400000000000002,3.8000000000000003,19.990000000000002,18,780,N/A
2011,10,31,14,30,57,925,478,0.14400000000000002,3.6,21.28,17,780,N/A
2011,10,31,15,0,52,887,391,0.14400000000000002,3.5,21.19,17,780,N/A
2011,10,31,15,30,47,826,296,0.14400000000000002,2.6,24.07,16,780,N/A
2011,10,31,16,0,39,735,195,0.14400000000000002,1.8,29.41,15,780,N/A
2011,10,31,16,30,28,570,95,0.14400000000000002,1.5,35.800000000000004,12,780,N/A
2011,10,31,17,0,10,230,14,0.147,1.2000000000000002,44.42,9,780,N/A
2011,10,31,17,30,0,0,0,0.147,1.2000000000000002,47.53,8,780,N/A
2011,10,31,18,0,0,0,0,0.147,1.3,49.08,7,780,N/A
2011,10,31,18,30,0,0,0,0.147,1.3,52.57,6,780,N/A
2011,10,31,19,0,0,0,0,0.147,1.3,50.93,6,780,N/A
2011,10,31,19,30,0,0,0,0.147,1.3,54.57,5,780,N/A
2011,10,31,20,0,0,0,0,0.147,1.3,52.72,5,780,N/A
2011,10,31,20,30,0,0,0,0.147,1.3,52.72,5,780,N/A
2011,10,31,21,0,0,0,0,0.147,1.3,51.230000000000004,5,780,N/A
2011,10,31,21,30,0,0,0,0.147,1.2000000000000002,54.92,5,780,N/A
2011,10,31,22,0,0,0,0,0.147,1.2000000000000002,53.660000000000004,5,780,N/A
2011,10,31,22,30,0,0,0,0.147,1.1,53.660000000000004,5,780,N/A
2011,10,31,23,0,0,0,0,0.147,1.1,52.6,5,780,N/A
2011,10,31,23,30,0,0,0,0.147,1.1,52.6,4,780,N/A
2011,11,1,0,0,0,0,0,0.147,1.1,51.800000000000004,4,780,N/A
2011,11,1,0,30,0,0,0,0.147,1.1,51.800000000000004,4,780,N/A
2011,11,1,1,0,0,0,0,0.147,1.1,51.14,4,780,N/A
2011,11,1,1,30,0,0,0,0.147,1,51.13,4,780,N/A
2011,11,1,2,0,0,0,0,0.147,1,50.44,4,780,N/A
2011,11,1,2,30,0,0,0,0.147,0.9,50.43,4,780,N/A
2011,11,1,3,0,0,0,0,0.147,0.8,49.9,4,780,N/A
2011,11,1,3,30,0,0,0,0.147,0.7000000000000001,49.89,4,780,N/A
2011,11,1,4,0,0,0,0,0.147,0.7000000000000001,49.46,4,780,N/A
2011,11,1,4,30,0,0,0,0.147,0.6000000000000001,49.45,4,780,N/A
2011,11,1,5,0,0,0,0,0.147,0.5,49.2,4,780,N/A
2011,11,1,5,30,0,0,0,0.147,0.6000000000000001,52.78,3,780,N/A
2011,11,1,6,0,0,0,0,0.147,0.7000000000000001,52.63,3,780,N/A
2011,11,1,6,30,0,0,0,0.147,0.7000000000000001,52.63,4,780,N/A
2011,11,1,7,0,26,529,79,0.147,0.8,55.82,5,780,N/A
2011,11,1,7,30,38,716,178,0.147,0.9,48.57,7,780,N/A
2011,11,1,8,0,46,821,280,0.147,1,39.5,9,780,N/A
2011,11,1,8,30,52,886,377,0.147,1.5,36.93,11,780,N/A
2011,11,1,9,0,57,928,465,0.147,2,28.34,13,780,N/A
2011,11,1,9,30,60,958,543,0.147,2.6,26.53,14,780,N/A
2011,11,1,10,0,63,978,607,0.147,3.2,20.76,15,780,N/A
2011,11,1,10,30,65,992,657,0.147,3.4000000000000004,20.75,15,780,N/A
2011,11,1,11,0,65,1005,692,0.147,3.7,17.990000000000002,16,780,N/A
2011,11,1,11,30,65,1009,710,0.147,3.8000000000000003,17.98,16,780,N/A
2011,11,1,12,0,67,1006,710,0.147,4,17,17,780,N/A
2011,11,1,12,30,67,1001,694,0.147,4.1000000000000005,16.990000000000002,17,780,N/A
2011,11,1,13,0,217,541,543,0.147,4.2,15.47,17,780,N/A
2011,11,1,13,30,275,161,366,0.147,4.1000000000000005,15.46,17,780,N/A
2011,11,1,14,0,244,163,328,0.147,4,15.52,17,780,N/A
2011,11,1,14,30,105,0,105,0.147,3.5,16.53,16,780,N/A
2011,11,1,15,0,151,37,165,0.147,3.1,18.79,16,780,N/A
2011,11,1,15,30,115,29,124,0.147,2.2,20.03,14,780,N/A
2011,11,1,16,0,58,0,58,0.147,1.4000000000000001,28.240000000000002,13,780,N/A
2011,11,1,16,30,27,0,27,0.147,1.3,32.2,11,780,N/A
2011,11,1,17,0,0,0,0,0.147,1.3,41.04,10,780,N/A
2011,11,1,17,30,0,0,0,0.147,1.3,43.910000000000004,9,780,N/A
2011,11,1,18,0,0,0,0,0.147,1.4000000000000001,42.87,8,780,N/A
2011,11,1,18,30,0,0,0,0.147,1.4000000000000001,45.89,7,780,N/A
2011,11,1,19,0,0,0,0,0.147,1.4000000000000001,46.34,6,780,N/A
2011,11,1,19,30,0,0,0,0.147,1.5,49.660000000000004,5,780,N/A
2011,11,1,20,0,0,0,0,0.147,1.6,47.13,5,780,N/A
2011,11,1,20,30,0,0,0,0.147,1.7000000000000002,47.12,5,780,N/A
2011,11,1,21,0,0,0,0,0.147,1.8,44.75,5,780,N/A
2011,11,1,21,30,0,0,0,0.147,2,44.74,5,780,N/A
2011,11,1,22,0,0,0,0,0.147,2.3000000000000003,43.26,5,780,N/A
2011,11,1,22,30,0,0,0,0.147,2.3000000000000003,46.38,4,780,N/A
2011,11,1,23,0,0,0,0,0.147,2.3000000000000003,48.13,4,780,N/A
2011,11,1,23,30,0,0,0,0.147,2.2,51.64,3,780,N/A
2011,11,2,0,0,0,0,0,0.147,2.1,59.7,2,780,N/A
2011,11,2,0,30,0,0,0,0.147,2.3000000000000003,64.13,1,780,N/A
2011,11,2,1,0,0,0,0,0.147,2.5,74.21000000000001,1,780,N/A
2011,11,2,1,30,0,0,0,0.147,2.6,74.23,0,780,N/A
2011,11,2,2,0,0,0,0,0.147,2.8000000000000003,77.10000000000001,0,780,N/A
2011,11,2,2,30,0,0,0,0.147,2.9000000000000004,77.13,0,780,N/A
2011,11,2,3,0,0,0,0,0.147,3,79.96000000000001,-1,780,N/A
2011,11,2,3,30,0,0,0,0.147,3.1,79.99,-1,780,N/A
2011,11,2,4,0,0,0,0,0.147,3.2,78.98,-2,780,N/A
2011,11,2,4,30,0,0,0,0.147,3.3000000000000003,79.02,-2,780,N/A
2011,11,2,5,0,0,0,0,0.147,3.4000000000000004,77.88,-2,780,N/A
2011,11,2,5,30,0,0,0,0.147,3.3000000000000003,77.93,-2,780,N/A
2011,11,2,6,0,0,0,0,0.147,3.3000000000000003,74.83,-3,780,N/A
2011,11,2,6,30,0,0,0,0.147,3.6,69.54,-2,780,N/A
2011,11,2,7,0,33,382,70,0.147,4,70.24,-2,780,N/A
2011,11,2,7,30,64,323,126,0.147,4.4,65.32000000000001,-1,780,N/A
2011,11,2,8,0,64,620,239,0.147,4.800000000000001,59.81,0,780,N/A
2011,11,2,8,30,72,714,331,0.147,4.7,59.84,0,780,N/A
2011,11,2,9,0,116,628,390,0.147,4.7,52.21,1,780,N/A
2011,11,2,9,30,193,454,419,0.147,4.3,52.230000000000004,2,780,N/A
2011,11,2,10,0,92,916,598,0.147,4,44.27,3,780,N/A
2011,11,2,10,30,95,937,650,0.147,3.7,41.25,3,790,N/A
2011,11,2,11,0,89,967,689,0.147,3.4000000000000004,35.2,4,790,N/A
2011,11,2,11,30,90,975,708,0.147,3.2,35.2,4,790,N/A
2011,11,2,12,0,82,995,714,0.147,3,30.19,5,790,N/A
2011,11,2,12,30,229,539,565,0.147,2.8000000000000003,30.19,5,790,N/A
2011,11,2,13,0,74,1001,671,0.147,2.7,26.38,6,790,N/A
2011,11,2,13,30,71,987,623,0.147,2.5,26.38,6,790,N/A
2011,11,2,14,0,65,977,561,0.147,2.3000000000000003,25.17,6,790,N/A
2011,11,2,14,30,61,947,484,0.147,2.1,25.18,6,790,N/A
2011,11,2,15,0,55,909,395,0.147,2,24.53,6,790,N/A
2011,11,2,15,30,49,846,297,0.147,1.6,26.3,5,790,N/A
2011,11,2,16,0,40,752,194,0.147,1.3,30.82,4,790,N/A
2011,11,2,16,30,28,578,92,0.147,1,35.51,3,790,N/A
2011,11,2,17,0,0,0,0,0.147,0.7000000000000001,41.68,2,790,N/A
2011,11,2,17,30,0,0,0,0.147,0.7000000000000001,44.81,1,790,N/A
2011,11,2,18,0,0,0,0,0.147,0.8,43.18,0,790,N/A
2011,11,2,18,30,0,0,0,0.147,0.9,43.2,0,790,N/A
2011,11,2,19,0,0,0,0,0.147,1.1,47.550000000000004,0,790,N/A
2011,11,2,19,30,0,0,0,0.147,1.1,47.550000000000004,-1,790,N/A
2011,11,2,20,0,0,0,0,0.147,1.2000000000000002,51.2,-2,790,N/A
2011,11,2,20,30,0,0,0,0.147,1.2000000000000002,51.2,-2,790,N/A
2011,11,2,21,0,0,0,0,0.147,1.3,55.22,-3,790,N/A
2011,11,2,21,30,0,0,0,0.147,1.4000000000000001,55.22,-3,790,N/A
2011,11,2,22,0,0,0,0,0.147,1.5,59.84,-4,790,N/A
2011,11,2,22,30,0,0,0,0.147,1.5,59.83,-4,790,N/A
2011,11,2,23,0,0,0,0,0.147,1.5,65.01,-5,790,N/A
2011,11,2,23,30,0,0,0,0.147,1.4000000000000001,65.01,-5,790,N/A
2011,11,3,0,0,0,0,0,0.147,1.3,65.21000000000001,-5,790,N/A
2011,11,3,0,30,0,0,0,0.147,1.1,65.21000000000001,-5,790,N/A
2011,11,3,1,0,0,0,0,0.147,0.9,70.41,-5,790,N/A
2011,11,3,1,30,0,0,0,0.147,0.7000000000000001,65.26,-5,790,N/A
2011,11,3,2,0,0,0,0,0.147,0.6000000000000001,65.24,-5,790,N/A
2011,11,3,2,30,0,0,0,0.147,0.5,65.23,-5,790,N/A
2011,11,3,3,0,0,0,0,0.147,0.5,65.09,-5,790,N/A
2011,11,3,3,30,0,0,0,0.147,0.5,65.08,-5,790,N/A
2011,11,3,4,0,0,0,0,0.147,0.5,64.78,-5,790,N/A
2011,11,3,4,30,0,0,0,0.147,0.5,64.77,-4,790,N/A
2011,11,3,5,0,0,0,0,0.147,0.6000000000000001,64.45,-4,790,N/A
2011,11,3,5,30,0,0,0,0.147,0.6000000000000001,59.76,-4,790,N/A
2011,11,3,6,0,0,0,0,0.147,0.7000000000000001,59.120000000000005,-4,790,N/A
2011,11,3,6,30,0,0,0,0.147,0.6000000000000001,50.95,-2,790,N/A
2011,11,3,7,0,25,574,78,0.147,0.6000000000000001,51.34,-1,790,N/A
2011,11,3,7,30,36,766,180,0.147,0.4,47.730000000000004,0,790,N/A
2011,11,3,8,0,44,869,286,0.147,0.30000000000000004,36.980000000000004,2,790,N/A
2011,11,3,8,30,50,935,386,0.147,0.5,34.44,4,790,N/A
2011,11,3,9,0,55,977,477,0.147,0.7000000000000001,27.92,6,790,N/A
2011,11,3,9,30,58,1007,557,0.147,1.1,26.04,7,790,N/A
2011,11,3,10,0,61,1026,623,0.147,1.6,20.28,9,790,N/A
2011,11,3,10,30,63,1040,674,0.147,1.8,18.94,9,790,N/A
2011,11,3,11,0,67,1042,708,0.147,2.1,17.52,10,790,N/A
2011,11,3,11,30,67,1046,726,0.147,2.2,17.51,11,790,N/A
2011,11,3,12,0,69,1043,726,0.147,2.3000000000000003,16.48,12,790,N/A
2011,11,3,12,30,68,1038,710,0.147,2.3000000000000003,16.47,12,780,N/A
2011,11,3,13,0,67,1027,676,0.147,2.4000000000000004,15.610000000000001,12,780,N/A
2011,11,3,13,30,65,1013,627,0.147,2.4000000000000004,15.610000000000001,12,780,N/A
2011,11,3,14,0,145,624,460,0.147,2.5,15.84,12,780,N/A
2011,11,3,14,30,120,621,395,0.147,2.3000000000000003,16.92,11,780,N/A
2011,11,3,15,0,57,908,393,0.147,2.2,17.73,11,780,N/A
2011,11,3,15,30,50,841,294,0.147,1.6,20.27,9,780,N/A
2011,11,3,16,0,42,736,190,0.147,1.1,33.34,8,780,N/A
2011,11,3,16,30,29,547,88,0.147,1,41.04,5,780,N/A
2011,11,3,17,0,0,0,0,0.147,0.9,45.95,3,780,N/A
2011,11,3,17,30,0,0,0,0.147,0.8,45.94,2,780,N/A
2011,11,3,18,0,0,0,0,0.147,0.8,46.13,2,780,N/A
2011,11,3,18,30,0,0,0,0.147,0.8,49.550000000000004,1,780,N/A
2011,11,3,19,0,0,0,0,0.147,0.9,49.370000000000005,1,780,N/A
2011,11,3,19,30,0,0,0,0.147,0.9,53.06,0,780,N/A
2011,11,3,20,0,0,0,0,0.147,0.9,52.1,0,780,N/A
2011,11,3,20,30,0,0,0,0.147,0.9,52.1,0,780,N/A
2011,11,3,21,0,0,0,0,0.147,0.9,52.78,0,780,N/A
2011,11,3,21,30,0,0,0,0.147,0.9,52.78,0,780,N/A
2011,11,3,22,0,0,0,0,0.147,0.9,52.02,0,780,N/A
2011,11,3,22,30,0,0,0,0.147,0.8,52.01,0,780,N/A
2011,11,3,23,0,0,0,0,0.147,0.8,50.58,0,780,N/A
2011,11,3,23,30,0,0,0,0.147,0.7000000000000001,50.57,0,780,N/A
2011,11,4,0,0,0,0,0,0.147,0.7000000000000001,48.88,0,780,N/A
2011,11,4,0,30,0,0,0,0.147,0.7000000000000001,48.870000000000005,0,780,N/A
2011,11,4,1,0,0,0,0,0.147,0.8,48.92,0,780,N/A
2011,11,4,1,30,0,0,0,0.147,0.7000000000000001,48.9,0,780,N/A
2011,11,4,2,0,0,0,0,0.147,0.7000000000000001,49.11,0,780,N/A
2011,11,4,2,30,0,0,0,0.147,0.7000000000000001,49.1,0,780,N/A
2011,11,4,3,0,0,0,0,0.147,0.7000000000000001,50.4,0,780,N/A
2011,11,4,3,30,0,0,0,0.147,0.7000000000000001,50.39,0,780,N/A
2011,11,4,4,0,0,0,0,0.147,0.8,50.5,0,780,N/A
2011,11,4,4,30,0,0,0,0.147,0.8,50.5,0,780,N/A
2011,11,4,5,0,0,0,0,0.147,0.8,50,0,780,N/A
2011,11,4,5,30,0,0,0,0.147,0.8,50,0,780,N/A
2011,11,4,6,0,0,0,0,0.147,0.8,50.31,0,780,N/A
2011,11,4,6,30,0,0,0,0.147,0.7000000000000001,50.31,1,780,N/A
2011,11,4,7,0,23,0,23,0.147,0.7000000000000001,52.77,2,780,N/A
2011,11,4,7,30,58,0,58,0.147,1,45.76,4,780,N/A
2011,11,4,8,0,109,219,169,0.147,1.3,37.660000000000004,6,780,N/A
2011,11,4,8,30,76,683,319,0.147,1.7000000000000002,35.13,7,780,N/A
2011,11,4,9,0,171,377,332,0.147,2.1,32.81,8,780,N/A
2011,11,4,9,30,174,503,421,0.147,2.3000000000000003,30.650000000000002,9,780,N/A
2011,11,4,10,0,78,932,585,0.147,2.5,31.25,11,780,N/A
2011,11,4,10,30,155,714,572,0.147,2.8000000000000003,29.22,12,780,N/A
2011,11,4,11,0,304,218,437,0.147,3.2,27,13,780,N/A
2011,11,4,11,30,287,363,515,0.147,3.5,26.98,14,780,N/A
2011,11,4,12,0,232,546,574,0.147,3.8000000000000003,26.45,15,780,N/A
2011,11,4,12,30,254,444,527,0.147,4,26.43,15,780,N/A
2011,11,4,13,0,292,166,390,0.147,4.3,26,15,780,N/A
2011,11,4,13,30,268,177,365,0.147,4.4,25.990000000000002,15,780,N/A
2011,11,4,14,0,237,173,324,0.147,4.5,26.810000000000002,15,780,N/A
2011,11,4,14,30,150,504,371,0.147,4.3,28.580000000000002,14,780,N/A
2011,11,4,15,0,129,441,290,0.147,4.2,29.12,14,780,N/A
2011,11,4,15,30,106,321,198,0.147,3.5,33.17,13,780,N/A
2011,11,4,16,0,66,337,132,0.147,2.9000000000000004,37.12,12,780,N/A
2011,11,4,16,30,36,229,60,0.147,2.4000000000000004,42.43,10,780,N/A
2011,11,4,17,0,0,0,0,0.147,2,47.53,8,780,N/A
2011,11,4,17,30,0,0,0,0.147,2.1,50.88,7,780,N/A
2011,11,4,18,0,0,0,0,0.147,2.2,54.04,7,780,N/A
2011,11,4,18,30,0,0,0,0.147,2.3000000000000003,54.03,6,780,N/A
2011,11,4,19,0,0,0,0,0.147,2.4000000000000004,54.03,6,780,N/A
2011,11,4,19,30,0,0,0,0.147,2.3000000000000003,57.89,5,780,N/A
2011,11,4,20,0,0,0,0,0.147,2.3000000000000003,58.06,5,780,N/A
2011,11,4,20,30,0,0,0,0.147,2.2,62.230000000000004,4,780,N/A
2011,11,4,21,0,0,0,0,0.147,2.1,62.39,4,780,N/A
2011,11,4,21,30,0,0,0,0.147,2,66.92,4,780,N/A
2011,11,4,22,0,0,0,0,0.147,2,67.01,4,780,N/A
2011,11,4,22,30,0,0,0,0.147,2,66.97,3,770,N/A
2011,11,4,23,0,0,0,0,0.147,2.1,67.73,3,770,N/A
2011,11,4,23,30,0,0,0,0.147,2,72.67,2,770,N/A
2011,11,5,0,0,0,0,0,0.147,1.9000000000000001,75,2,770,N/A
2011,11,5,0,30,0,0,0,0.147,1.8,74.96000000000001,2,770,N/A
2011,11,5,1,0,0,0,0,0.147,1.7000000000000002,77.06,2,770,N/A
2011,11,5,1,30,0,0,0,0.147,1.8,82.74,2,770,N/A
2011,11,5,2,0,0,0,0,0.147,1.9000000000000001,83.51,2,770,N/A
2011,11,5,2,30,0,0,0,0.147,2,83.46000000000001,2,770,N/A
2011,11,5,3,0,0,0,0,0.147,2.2,81.91,2,770,N/A
2011,11,5,3,30,0,0,0,0.147,2.5,81.87,2,770,N/A
2011,11,5,4,0,0,0,0,0.147,2.9000000000000004,88.61,3,770,N/A
2011,11,5,4,30,0,0,0,0.147,3.3000000000000003,88.58,3,770,N/A
2011,11,5,5,0,0,0,0,0.147,3.7,93.65,4,770,N/A
2011,11,5,5,30,0,0,0,0.147,4.5,93.61,4,770,N/A
2011,11,5,6,0,0,0,0,0.147,5.4,98.57000000000001,4,770,N/A
2011,11,5,6,30,0,0,0,0.147,6.300000000000001,98.56,4,770,N/A
2011,11,5,7,0,2,0,2,0.147,7.300000000000001,94.4,5,770,N/A
2011,11,5,7,30,7,0,7,0.147,7.2,94.41,5,770,N/A
2011,11,5,8,0,40,0,40,0.147,7.1000000000000005,88.17,5,770,N/A
2011,11,5,8,30,53,0,53,0.147,7.300000000000001,94.59,5,770,N/A
2011,11,5,9,0,138,5,141,0.147,7.6000000000000005,68.62,5,770,N/A
2011,11,5,9,30,72,0,72,0.147,7.5,68.64,4,770,N/A
2011,11,5,10,0,201,20,212,0.147,7.5,52.44,4,770,N/A
2011,11,5,10,30,196,584,535,0.147,7.4,52.45,4,770,N/A
2011,11,5,11,0,174,696,597,0.147,7.4,47.9,4,770,N/A
2011,11,5,11,30,191,669,607,0.147,7.4,47.9,4,770,N/A
2011,11,5,12,0,247,27,263,0.147,7.4,43.75,5,770,N/A
2011,11,5,12,30,160,7,164,0.147,7.4,43.75,5,770,N/A
2011,11,5,13,0,153,6,157,0.147,7.4,43.19,5,770,N/A
2011,11,5,13,30,205,21,216,0.147,7.2,46.32,5,770,N/A
2011,11,5,14,0,184,19,193,0.147,7,45.550000000000004,5,770,N/A
2011,11,5,14,30,89,0,89,0.147,6.7,45.56,4,770,N/A
2011,11,5,15,0,16,0,16,0.147,6.4,44.17,4,770,N/A
2011,11,5,15,30,41,0,41,0.147,5.9,47.410000000000004,3,770,N/A
2011,11,5,16,0,5,0,5,0.147,5.5,45.75,3,770,N/A
2011,11,5,16,30,2,0,2,0.147,4.6000000000000005,49.14,2,770,N/A
2011,11,5,17,0,0,0,0,0.147,3.7,51.97,1,770,N/A
2011,11,5,17,30,0,0,0,0.147,3.3000000000000003,55.88,0,770,N/A
2011,11,5,18,0,0,0,0,0.147,2.9000000000000004,55.56,0,770,N/A
2011,11,5,18,30,0,0,0,0.147,2.7,55.57,0,770,N/A
2011,11,5,19,0,0,0,0,0.147,2.5,59.11,0,770,N/A
2011,11,5,19,30,0,0,0,0.147,2.3000000000000003,59.11,0,770,N/A
2011,11,5,20,0,0,0,0,0.147,2.1,62.96,-1,770,N/A
2011,11,5,20,30,0,0,0,0.147,2,62.97,-1,770,N/A
2011,11,5,21,0,0,0,0,0.147,1.9000000000000001,67.06,-2,770,N/A
2011,11,5,21,30,0,0,0,0.147,1.8,67.06,-2,770,N/A
2011,11,5,22,0,0,0,0,0.147,1.7000000000000002,66.27,-3,770,N/A
2011,11,5,22,30,0,0,0,0.147,1.7000000000000002,66.28,-3,770,N/A
2011,11,5,23,0,0,0,0,0.147,1.7000000000000002,70.54,-4,780,N/A
2011,11,5,23,30,0,0,0,0.147,1.7000000000000002,70.55,-4,780,N/A
2011,11,6,0,0,0,0,0,0.147,1.7000000000000002,69.78,-4,780,N/A
2011,11,6,0,30,0,0,0,0.147,1.6,69.78,-4,780,N/A
2011,11,6,1,0,0,0,0,0.147,1.6,74.52,-4,780,N/A
2011,11,6,1,30,0,0,0,0.147,1.6,74.53,-4,780,N/A
2011,11,6,2,0,0,0,0,0.147,1.6,74.08,-5,780,N/A
2011,11,6,2,30,0,0,0,0.147,1.5,74.08,-5,780,N/A
2011,11,6,3,0,0,0,0,0.147,1.5,73.72,-5,780,N/A
2011,11,6,3,30,0,0,0,0.147,1.4000000000000001,73.73,-5,780,N/A
2011,11,6,4,0,0,0,0,0.147,1.4000000000000001,73.46000000000001,-5,780,N/A
2011,11,6,4,30,0,0,0,0.147,1.4000000000000001,73.47,-5,780,N/A
2011,11,6,5,0,0,0,0,0.147,1.4000000000000001,73.09,-5,780,N/A
2011,11,6,5,30,0,0,0,0.147,1.3,73.11,-5,780,N/A
2011,11,6,6,0,0,0,0,0.147,1.3,72.63,-5,780,N/A
2011,11,6,6,30,0,0,0,0.147,1.4000000000000001,67.38,-4,780,N/A
2011,11,6,7,0,25,456,63,0.147,1.5,62.42,-3,780,N/A
2011,11,6,7,30,39,677,159,0.147,2,53.88,-1,780,N/A
2011,11,6,8,0,49,797,261,0.147,2.6,46.01,0,780,N/A
2011,11,6,8,30,56,872,359,0.147,2.8000000000000003,42.82,1,780,N/A
2011,11,6,9,0,61,920,449,0.147,3,36.81,2,780,N/A
2011,11,6,9,30,65,955,527,0.147,3.1,34.28,3,780,N/A
2011,11,6,10,0,69,977,593,0.147,3.3000000000000003,32.36,4,780,N/A
2011,11,6,10,30,71,994,643,0.147,3.3000000000000003,30.17,5,780,N/A
2011,11,6,11,0,71,1008,679,0.147,3.4000000000000004,29.97,6,780,N/A
2011,11,6,11,30,72,1013,697,0.147,3.4000000000000004,29.96,6,780,N/A
2011,11,6,12,0,73,1010,698,0.147,3.4000000000000004,29.67,7,780,N/A
2011,11,6,12,30,73,1005,682,0.147,3.3000000000000003,29.66,7,780,N/A
2011,11,6,13,0,73,992,648,0.147,3.3000000000000003,30.79,7,780,N/A
2011,11,6,13,30,71,975,600,0.147,3.1,30.79,7,780,N/A
2011,11,6,14,0,68,950,536,0.147,3,31.39,7,780,N/A
2011,11,6,14,30,64,916,459,0.147,2.8000000000000003,33.62,7,780,N/A
2011,11,6,15,0,61,858,369,0.147,2.7,33.97,7,780,N/A
2011,11,6,15,30,54,784,273,0.147,2,36.42,5,780,N/A
2011,11,6,16,0,71,216,112,0.147,1.4000000000000001,42.81,4,780,N/A
2011,11,6,16,30,36,129,48,0.147,1,49.33,2,780,N/A
2011,11,6,17,0,0,0,0,0.147,0.7000000000000001,57.67,1,780,N/A
2011,11,6,17,30,0,0,0,0.147,0.5,57.68,0,780,N/A
2011,11,6,18,0,0,0,0,0.147,0.4,56.160000000000004,0,780,N/A
2011,11,6,18,30,0,0,0,0.147,0.5,56.17,0,780,N/A
2011,11,6,19,0,0,0,0,0.147,0.7000000000000001,55.22,0,780,N/A
2011,11,6,19,30,0,0,0,0.147,0.7000000000000001,55.22,0,780,N/A
2011,11,6,20,0,0,0,0,0.147,0.7000000000000001,53.71,0,780,N/A
2011,11,6,20,30,0,0,0,0.147,0.7000000000000001,53.7,0,780,N/A
2011,11,6,21,0,0,0,0,0.147,0.8,53.02,0,780,N/A
2011,11,6,21,30,0,0,0,0.147,0.8,53,0,780,N/A
2011,11,6,22,0,0,0,0,0.147,0.9,52.92,0,780,N/A
2011,11,6,22,30,0,0,0,0.147,0.9,52.9,0,780,N/A
2011,11,6,23,0,0,0,0,0.147,1,53.97,0,780,N/A
2011,11,6,23,30,0,0,0,0.147,1,53.96,0,780,N/A
2011,11,7,0,0,0,0,0,0.147,1.1,55.660000000000004,0,780,N/A
2011,11,7,0,30,0,0,0,0.147,1.1,55.660000000000004,0,780,N/A
2011,11,7,1,0,0,0,0,0.147,1.2000000000000002,58.04,0,780,N/A
2011,11,7,1,30,0,0,0,0.147,1.1,58.04,0,780,N/A
2011,11,7,2,0,0,0,0,0.147,1.1,60.49,0,780,N/A
2011,11,7,2,30,0,0,0,0.147,1,60.480000000000004,0,780,N/A
2011,11,7,3,0,0,0,0,0.147,1,66.42,0,780,N/A
2011,11,7,3,30,0,0,0,0.147,0.9,66.41,0,780,N/A
2011,11,7,4,0,0,0,0,0.147,0.9,66.32000000000001,-1,780,N/A
2011,11,7,4,30,0,0,0,0.147,0.9,66.31,-1,780,N/A
2011,11,7,5,0,0,0,0,0.147,1,66.62,-1,780,N/A
2011,11,7,5,30,0,0,0,0.147,1,66.62,-1,780,N/A
2011,11,7,6,0,0,0,0,0.147,1.1,72.18,-1,780,N/A
2011,11,7,6,30,0,0,0,0.147,1,67.07000000000001,0,780,N/A
2011,11,7,7,0,26,370,56,0.147,0.9,70.85000000000001,0,780,N/A
2011,11,7,7,30,43,602,148,0.147,1.2000000000000002,65.92,1,780,N/A
2011,11,7,8,0,55,727,246,0.147,1.6,62.78,3,780,N/A
2011,11,7,8,30,63,808,341,0.147,1.7000000000000002,58.5,4,780,N/A
2011,11,7,9,0,70,858,428,0.147,1.8,55.28,6,780,N/A
2011,11,7,9,30,75,895,505,0.147,2.4000000000000004,51.57,6,780,N/A
2011,11,7,10,0,82,913,567,0.147,3,47.86,7,780,N/A
2011,11,7,10,30,85,931,617,0.147,3.5,47.83,7,780,N/A
2011,11,7,11,0,285,303,466,0.147,4,46.72,8,780,N/A
2011,11,7,11,30,98,923,664,0.147,4.3,46.69,8,780,N/A
2011,11,7,12,0,222,559,566,0.147,4.6000000000000005,42.57,8,780,N/A
2011,11,7,12,30,292,270,455,0.147,4.6000000000000005,42.56,8,770,N/A
2011,11,7,13,0,79,0,79,0.147,4.800000000000001,41.86,8,770,N/A
2011,11,7,13,30,131,1,132,0.147,4.7,44.81,7,770,N/A
2011,11,7,14,0,194,427,403,0.147,4.7,44.68,7,770,N/A
2011,11,7,14,30,159,439,347,0.147,4.3,47.86,6,770,N/A
2011,11,7,15,0,142,319,255,0.147,4,52.050000000000004,6,770,N/A
2011,11,7,15,30,62,0,62,0.147,3.2,55.82,5,770,N/A
2011,11,7,16,0,66,3,66,0.147,2.4000000000000004,58.22,4,780,N/A
2011,11,7,16,30,27,0,27,0.147,1.8,67.07000000000001,2,780,N/A
2011,11,7,17,0,0,0,0,0.147,1.2000000000000002,73.01,1,780,N/A
2011,11,7,17,30,0,0,0,0.147,1.2000000000000002,78.49,0,780,N/A
2011,11,7,18,0,0,0,0,0.147,1.2000000000000002,77.54,0,780,N/A
2011,11,7,18,30,0,0,0,0.147,1.2000000000000002,77.55,0,780,N/A
2011,11,7,19,0,0,0,0,0.147,1.2000000000000002,76.47,0,780,N/A
2011,11,7,19,30,0,0,0,0.147,1.1,76.47,0,780,N/A
2011,11,7,20,0,0,0,0,0.147,1.1,81.97,-1,780,N/A
2011,11,7,20,30,0,0,0,0.147,1,81.96000000000001,-1,780,N/A
2011,11,7,21,0,0,0,0,0.147,1,87.91,-2,780,N/A
2011,11,7,21,30,0,0,0,0.147,1,87.9,-2,780,N/A
2011,11,7,22,0,0,0,0,0.147,1,87.36,-2,780,N/A
2011,11,7,22,30,0,0,0,0.147,1,87.35000000000001,-2,780,N/A
2011,11,7,23,0,0,0,0,0.147,1,92.81,-3,780,N/A
2011,11,7,23,30,0,0,0,0.147,1,92.79,-3,780,N/A
2011,11,8,0,0,0,0,0,0.147,1,98.31,-3,780,N/A
2011,11,8,0,30,0,0,0,0.147,1,98.31,-3,780,N/A
2011,11,8,1,0,0,0,0,0.147,1,96.17,-4,780,N/A
2011,11,8,1,30,0,0,0,0.147,1.1,96.17,-4,780,N/A
2011,11,8,2,0,0,0,0,0.147,1.2000000000000002,93.86,-4,780,N/A
2011,11,8,2,30,0,0,0,0.147,1.2000000000000002,93.86,-4,780,N/A
2011,11,8,3,0,0,0,0,0.147,1.2000000000000002,91.92,-4,780,N/A
2011,11,8,3,30,0,0,0,0.147,1.2000000000000002,91.93,-4,780,N/A
2011,11,8,4,0,0,0,0,0.147,1.2000000000000002,90.72,-4,780,N/A
2011,11,8,4,30,0,0,0,0.147,1.2000000000000002,90.73,-4,780,N/A
2011,11,8,5,0,0,0,0,0.147,1.3,89.98,-4,780,N/A
2011,11,8,5,30,0,0,0,0.147,1.3,90.02,-4,780,N/A
2011,11,8,6,0,0,0,0,0.147,1.3,89.73,-4,780,N/A
2011,11,8,6,30,0,0,0,0.147,1.4000000000000001,83.31,-3,780,N/A
2011,11,8,7,0,30,180,43,0.147,1.5,86,-3,780,N/A
2011,11,8,7,30,49,416,120,0.147,2.2,74.25,-1,780,N/A
2011,11,8,8,0,56,0,56,0.147,2.9000000000000004,71.78,0,780,N/A
2011,11,8,8,30,86,0,86,0.147,3.2,71.81,0,780,N/A
2011,11,8,9,0,127,1,128,0.147,3.6,64.19,1,780,N/A
2011,11,8,9,30,140,3,142,0.147,3.5,59.77,2,780,N/A
2011,11,8,10,0,163,7,167,0.147,3.5,51.96,3,780,N/A
2011,11,8,10,30,267,292,433,0.147,3.4000000000000004,51.97,4,780,N/A
2011,11,8,11,0,224,507,526,0.147,3.4000000000000004,45.54,5,780,N/A
2011,11,8,11,30,81,976,675,0.147,3.4000000000000004,45.550000000000004,5,780,N/A
2011,11,8,12,0,79,980,678,0.147,3.4000000000000004,40.95,6,780,N/A
2011,11,8,12,30,79,976,662,0.147,3.3000000000000003,40.95,6,780,N/A
2011,11,8,13,0,77,967,631,0.147,3.3000000000000003,37.76,6,780,N/A
2011,11,8,13,30,75,951,583,0.147,3.2,37.77,6,780,N/A
2011,11,8,14,0,72,925,520,0.147,3.2,37.46,6,780,N/A
2011,11,8,14,30,67,890,444,0.147,3.1,40.17,5,780,N/A
2011,11,8,15,0,62,839,357,0.147,3,39.910000000000004,5,780,N/A
2011,11,8,15,30,54,764,262,0.147,2.4000000000000004,42.81,4,780,N/A
2011,11,8,16,0,43,648,163,0.147,1.8,49.47,3,780,N/A
2011,11,8,16,30,28,440,68,0.147,1.4000000000000001,57.07,1,780,N/A
2011,11,8,17,0,0,0,0,0.147,1.1,60.39,0,780,N/A
2011,11,8,17,30,0,0,0,0.147,1.1,64.98,0,780,N/A
2011,11,8,18,0,0,0,0,0.147,1.2000000000000002,67.24,-1,780,N/A
2011,11,8,18,30,0,0,0,0.147,1.1,67.25,-1,780,N/A
2011,11,8,19,0,0,0,0,0.147,1.1,65.67,-2,780,N/A
2011,11,8,19,30,0,0,0,0.147,1.1,65.69,-2,780,N/A
2011,11,8,20,0,0,0,0,0.147,1.1,69.4,-3,780,N/A
2011,11,8,20,30,0,0,0,0.147,1.1,69.42,-3,790,N/A
2011,11,8,21,0,0,0,0,0.147,1.1,73.53,-3,790,N/A
2011,11,8,21,30,0,0,0,0.147,1.1,73.54,-3,790,N/A
2011,11,8,22,0,0,0,0,0.147,1.1,72.57000000000001,-4,790,N/A
2011,11,8,22,30,0,0,0,0.147,1.1,72.57000000000001,-4,790,N/A
2011,11,8,23,0,0,0,0,0.147,1.1,71.82000000000001,-4,790,N/A
2011,11,8,23,30,0,0,0,0.147,1.1,71.83,-4,790,N/A
2011,11,9,0,0,0,0,0,0.147,1.1,77.11,-4,790,N/A
2011,11,9,0,30,0,0,0,0.147,1.1,77.12,-4,790,N/A
2011,11,9,1,0,0,0,0,0.147,1.1,77.36,-4,790,N/A
2011,11,9,1,30,0,0,0,0.147,1.1,77.37,-4,790,N/A
2011,11,9,2,0,0,0,0,0.147,1.1,78.2,-4,790,N/A
2011,11,9,2,30,0,0,0,0.147,1,78.2,-4,790,N/A
2011,11,9,3,0,0,0,0,0.147,1,79.53,-4,790,N/A
2011,11,9,3,30,0,0,0,0.147,1,73.77,-4,790,N/A
2011,11,9,4,0,0,0,0,0.147,1,75.18,-4,790,N/A
2011,11,9,4,30,0,0,0,0.147,1,75.2,-4,790,N/A
2011,11,9,5,0,0,0,0,0.147,1,76.89,-4,790,N/A
2011,11,9,5,30,0,0,0,0.147,1,76.92,-4,790,N/A
2011,11,9,6,0,0,0,0,0.147,1.1,78.87,-4,790,N/A
2011,11,9,6,30,0,0,0,0.147,1,73.23,-3,790,N/A
2011,11,9,7,0,25,363,51,0.147,1,71.44,-2,790,N/A
2011,11,9,7,30,42,601,143,0.147,1.3,66.41,-1,790,N/A
2011,11,9,8,0,54,734,241,0.147,1.7000000000000002,63.78,0,790,N/A
2011,11,9,8,30,128,346,244,0.147,1.5,59.35,1,790,N/A
2011,11,9,9,0,69,870,425,0.147,1.4000000000000001,53.35,3,790,N/A
2011,11,9,9,30,74,908,502,0.147,1.1,49.7,3,790,N/A
2011,11,9,10,0,77,935,567,0.147,0.9,43.62,4,790,N/A
2011,11,9,10,30,80,953,617,0.147,0.7000000000000001,40.67,5,790,N/A
2011,11,9,11,0,84,960,651,0.147,0.6000000000000001,35.32,6,790,N/A
2011,11,9,11,30,85,967,670,0.147,0.5,35.31,6,790,N/A
2011,11,9,12,0,83,972,672,0.147,0.5,30.71,7,790,N/A
2011,11,9,12,30,82,968,658,0.147,0.4,30.71,7,790,N/A
2011,11,9,13,0,79,962,627,0.147,0.4,28.95,7,790,N/A
2011,11,9,13,30,77,947,580,0.147,0.30000000000000004,28.95,7,790,N/A
2011,11,9,14,0,72,927,518,0.147,0.30000000000000004,27.52,7,790,N/A
2011,11,9,14,30,68,893,443,0.147,0.2,29.48,7,790,N/A
2011,11,9,15,0,60,850,357,0.147,0.2,28.38,7,790,N/A
2011,11,9,15,30,53,775,262,0.147,0.2,30.41,6,790,N/A
2011,11,9,16,0,42,664,162,0.147,0.30000000000000004,38.96,5,790,N/A
2011,11,9,16,30,27,454,67,0.147,0.4,44.88,3,790,N/A
2011,11,9,17,0,0,0,0,0.147,0.6000000000000001,43.56,2,790,N/A
2011,11,9,17,30,0,0,0,0.147,0.6000000000000001,46.83,1,790,N/A
2011,11,9,18,0,0,0,0,0.147,0.7000000000000001,45.64,1,790,N/A
2011,11,9,18,30,0,0,0,0.147,0.6000000000000001,45.65,0,790,N/A
2011,11,9,19,0,0,0,0,0.147,0.6000000000000001,45.18,0,790,N/A
2011,11,9,19,30,0,0,0,0.147,0.5,45.18,0,790,N/A
2011,11,9,20,0,0,0,0,0.147,0.5,44.78,0,790,N/A
2011,11,9,20,30,0,0,0,0.147,0.5,44.78,0,790,N/A
2011,11,9,21,0,0,0,0,0.147,0.5,47.75,0,790,N/A
2011,11,9,21,30,0,0,0,0.147,0.6000000000000001,47.75,0,790,N/A
2011,11,9,22,0,0,0,0,0.147,0.8,50.67,-1,790,N/A
2011,11,9,22,30,0,0,0,0.147,0.9,50.68,-1,790,N/A
2011,11,9,23,0,0,0,0,0.147,1,54.2,-2,790,N/A
2011,11,9,23,30,0,0,0,0.147,1,54.2,-2,790,N/A
2011,11,10,0,0,0,0,0,0.147,1.1,53.36,-3,790,N/A
2011,11,10,0,30,0,0,0,0.147,1.1,53.36,-3,790,N/A
2011,11,10,1,0,0,0,0,0.147,1.1,56.35,-3,790,N/A
2011,11,10,1,30,0,0,0,0.147,1.1,56.34,-3,790,N/A
2011,11,10,2,0,0,0,0,0.147,1.1,55.54,-4,790,N/A
2011,11,10,2,30,0,0,0,0.147,1.1,55.53,-4,790,N/A
2011,11,10,3,0,0,0,0,0.147,1.1,55.33,-4,790,N/A
2011,11,10,3,30,0,0,0,0.147,1,55.33,-3,790,N/A
2011,11,10,4,0,0,0,0,0.147,1,55.56,-3,790,N/A
2011,11,10,4,30,0,0,0,0.147,1,55.550000000000004,-3,790,N/A
2011,11,10,5,0,0,0,0,0.147,1,55.870000000000005,-4,790,N/A
2011,11,10,5,30,0,0,0,0.147,1,55.870000000000005,-4,790,N/A
2011,11,10,6,0,0,0,0,0.147,1,56.120000000000005,-4,790,N/A
2011,11,10,6,30,0,0,0,0.147,0.9,52.09,-3,790,N/A
2011,11,10,7,0,23,429,52,0.147,0.9,51.34,-2,790,N/A
2011,11,10,7,30,38,674,148,0.147,1.3,44.36,0,790,N/A
2011,11,10,8,0,48,801,250,0.147,1.8,38.63,1,790,N/A
2011,11,10,8,30,55,879,348,0.147,2.1,35.95,2,790,N/A
2011,11,10,9,0,61,930,438,0.147,2.4000000000000004,26.86,4,790,N/A
2011,11,10,9,30,65,966,517,0.147,2.5,25.04,5,790,N/A
2011,11,10,10,0,68,988,582,0.147,2.7,21.48,7,790,N/A
2011,11,10,10,30,71,1004,632,0.147,2.7,20.04,7,790,N/A
2011,11,10,11,0,73,1012,667,0.147,2.8000000000000003,18.41,8,790,N/A
2011,11,10,11,30,74,1016,685,0.147,2.9000000000000004,18.400000000000002,8,790,N/A
2011,11,10,12,0,74,1014,685,0.147,3,17.16,9,790,N/A
2011,11,10,12,30,74,1008,669,0.147,3,17.150000000000002,9,790,N/A
2011,11,10,13,0,74,993,635,0.147,3.1,17.330000000000002,10,790,N/A
2011,11,10,13,30,72,976,586,0.147,3,17.32,10,790,N/A
2011,11,10,14,0,70,947,522,0.147,3,17.72,10,790,N/A
2011,11,10,14,30,65,911,445,0.147,2.8000000000000003,18.96,9,790,N/A
2011,11,10,15,0,61,853,356,0.147,2.7,20.2,9,790,N/A
2011,11,10,15,30,54,776,260,0.147,1.9000000000000001,23.150000000000002,7,790,N/A
2011,11,10,16,0,44,647,159,0.147,1.2000000000000002,36.47,5,790,N/A
2011,11,10,16,30,28,422,64,0.147,1.2000000000000002,41.99,2,790,N/A
2011,11,10,17,0,0,0,0,0.147,1.4000000000000001,43.77,0,790,N/A
2011,11,10,17,30,0,0,0,0.147,1.4000000000000001,43.77,0,790,N/A
2011,11,10,18,0,0,0,0,0.147,1.4000000000000001,41.7,0,790,N/A
2011,11,10,18,30,0,0,0,0.147,1.4000000000000001,41.69,0,790,N/A
2011,11,10,19,0,0,0,0,0.147,1.4000000000000001,43.5,0,790,N/A
2011,11,10,19,30,0,0,0,0.147,1.4000000000000001,43.5,0,790,N/A
2011,11,10,20,0,0,0,0,0.147,1.4000000000000001,42.11,-1,790,N/A
2011,11,10,20,30,0,0,0,0.147,1.3,42.1,-1,790,N/A
2011,11,10,21,0,0,0,0,0.147,1.3,41.22,-1,790,N/A
2011,11,10,21,30,0,0,0,0.147,1.3,41.21,-1,790,N/A
2011,11,10,22,0,0,0,0,0.147,1.3,43.63,-1,790,N/A
2011,11,10,22,30,0,0,0,0.147,1.3,43.62,-1,780,N/A
2011,11,10,23,0,0,0,0,0.147,1.4000000000000001,42.83,-1,780,N/A
2011,11,10,23,30,0,0,0,0.147,1.4000000000000001,42.82,-1,780,N/A
2011,11,11,0,0,0,0,0,0.147,1.4000000000000001,42.06,-2,780,N/A
2011,11,11,0,30,0,0,0,0.147,1.4000000000000001,42.06,-2,780,N/A
2011,11,11,1,0,0,0,0,0.147,1.4000000000000001,41.480000000000004,-2,780,N/A
2011,11,11,1,30,0,0,0,0.147,1.3,41.46,-1,780,N/A
2011,11,11,2,0,0,0,0,0.147,1.3,43.02,-1,780,N/A
2011,11,11,2,30,0,0,0,0.147,1.2000000000000002,39.96,-1,780,N/A
2011,11,11,3,0,0,0,0,0.147,1.2000000000000002,41.51,-1,780,N/A
2011,11,11,3,30,0,0,0,0.147,1.2000000000000002,41.49,0,780,N/A
2011,11,11,4,0,0,0,0,0.147,1.2000000000000002,42.24,0,780,N/A
2011,11,11,4,30,0,0,0,0.147,1.2000000000000002,39.27,0,780,N/A
2011,11,11,5,0,0,0,0,0.147,1.2000000000000002,39.6,0,780,N/A
2011,11,11,5,30,0,0,0,0.147,1.1,39.59,0,780,N/A
2011,11,11,6,0,0,0,0,0.147,1.1,39.72,0,780,N/A
2011,11,11,6,30,0,0,0,0.147,1,39.72,0,780,N/A
2011,11,11,7,0,7,0,7,0.147,1,42.37,0,780,N/A
2011,11,11,7,30,22,0,22,0.147,0.9,39.42,1,780,N/A
2011,11,11,8,0,99,66,115,0.147,0.9,36.06,3,780,N/A
2011,11,11,8,30,58,742,302,0.147,1,33.58,3,780,N/A
2011,11,11,9,0,74,763,380,0.147,1.2000000000000002,25.89,4,780,N/A
2011,11,11,9,30,178,439,382,0.147,1,24.13,5,780,N/A
2011,11,11,10,0,223,49,248,0.147,0.9,22.25,6,780,N/A
2011,11,11,10,30,217,26,232,0.147,1.2000000000000002,22.240000000000002,6,780,N/A
2011,11,11,11,0,218,21,231,0.147,1.6,20.16,7,780,N/A
2011,11,11,11,30,253,426,508,0.147,1.8,20.150000000000002,7,780,N/A
2011,11,11,12,0,193,628,569,0.147,2,19.240000000000002,8,780,N/A
2011,11,11,12,30,233,467,507,0.147,2,20.59,8,780,N/A
2011,11,11,13,0,242,397,465,0.147,2,21.740000000000002,8,780,N/A
2011,11,11,13,30,186,15,194,0.147,1.9000000000000001,23.27,7,780,N/A
2011,11,11,14,0,212,71,245,0.147,1.8,25.810000000000002,6,780,N/A
2011,11,11,14,30,181,251,285,0.147,1.5,27.650000000000002,5,780,N/A
2011,11,11,15,0,145,74,170,0.147,1.3,35.45,5,780,N/A
2011,11,11,15,30,102,37,111,0.147,1.2000000000000002,38.03,4,780,N/A
2011,11,11,16,0,67,148,93,0.147,1.1,43.7,3,780,N/A
2011,11,11,16,30,29,88,36,0.147,1.1,46.94,2,780,N/A
2011,11,11,17,0,0,0,0,0.147,1.1,45.800000000000004,1,780,N/A
2011,11,11,17,30,0,0,0,0.147,1.1,45.800000000000004,1,780,N/A
2011,11,11,18,0,0,0,0,0.147,1.2000000000000002,44.92,1,780,N/A
2011,11,11,18,30,0,0,0,0.147,1.1,44.910000000000004,1,780,N/A
2011,11,11,19,0,0,0,0,0.147,1.1,43.63,1,780,N/A
2011,11,11,19,30,0,0,0,0.147,1.1,46.88,0,780,N/A
2011,11,11,20,0,0,0,0,0.147,1.1,46.62,0,780,N/A
2011,11,11,20,30,0,0,0,0.147,1.2000000000000002,46.61,0,780,N/A
2011,11,11,21,0,0,0,0,0.147,1.3,46.26,0,780,N/A
2011,11,11,21,30,0,0,0,0.147,1.3,46.25,0,780,N/A
2011,11,11,22,0,0,0,0,0.147,1.4000000000000001,49.63,0,780,N/A
2011,11,11,22,30,0,0,0,0.147,1.4000000000000001,49.61,0,780,N/A
2011,11,11,23,0,0,0,0,0.147,1.4000000000000001,50.57,0,780,N/A
2011,11,11,23,30,0,0,0,0.147,1.4000000000000001,47.01,0,780,N/A
2011,11,12,0,0,0,0,0,0.147,1.5,47.99,0,780,N/A
2011,11,12,0,30,0,0,0,0.147,1.6,47.99,0,780,N/A
2011,11,12,1,0,0,0,0,0.147,1.7000000000000002,49.07,0,780,N/A
2011,11,12,1,30,0,0,0,0.147,1.7000000000000002,49.06,0,780,N/A
2011,11,12,2,0,0,0,0,0.147,1.7000000000000002,50.28,0,780,N/A
2011,11,12,2,30,0,0,0,0.147,1.7000000000000002,50.28,0,780,N/A
2011,11,12,3,0,0,0,0,0.147,1.7000000000000002,54.93,0,780,N/A
2011,11,12,3,30,0,0,0,0.147,1.7000000000000002,54.93,0,780,N/A
2011,11,12,4,0,0,0,0,0.147,1.8,55.43,0,780,N/A
2011,11,12,4,30,0,0,0,0.147,1.8,55.43,0,780,N/A
2011,11,12,5,0,0,0,0,0.147,1.8,55.43,-1,780,N/A
2011,11,12,5,30,0,0,0,0.147,1.8,55.43,-1,780,N/A
2011,11,12,6,0,0,0,0,0.147,1.8,54.800000000000004,-1,780,N/A
2011,11,12,6,30,0,0,0,0.147,1.8,50.96,0,780,N/A
2011,11,12,7,0,20,395,45,0.147,1.8,50.77,0,780,N/A
2011,11,12,7,30,36,645,136,0.147,2.2,47.24,1,780,N/A
2011,11,12,8,0,46,776,235,0.147,2.6,43.93,3,780,N/A
2011,11,12,8,30,52,855,331,0.147,3.2,38.13,4,780,N/A
2011,11,12,9,0,58,906,418,0.147,3.8000000000000003,32.56,6,780,N/A
2011,11,12,9,30,62,941,495,0.147,4.5,30.400000000000002,7,780,N/A
2011,11,12,10,0,64,966,559,0.147,5.300000000000001,27.55,9,780,N/A
2011,11,12,10,30,67,982,608,0.147,5.4,27.54,10,780,N/A
2011,11,12,11,0,69,990,642,0.147,5.6000000000000005,26.61,11,780,N/A
2011,11,12,11,30,69,995,660,0.147,5.6000000000000005,26.6,11,780,N/A
2011,11,12,12,0,69,995,661,0.147,5.800000000000001,25.38,12,780,N/A
2011,11,12,12,30,265,58,298,0.147,5.800000000000001,25.37,12,780,N/A
2011,11,12,13,0,68,979,614,0.147,5.800000000000001,24.23,12,780,N/A
2011,11,12,13,30,155,624,480,0.147,5.6000000000000005,24.22,12,780,N/A
2011,11,12,14,0,159,527,407,0.147,5.5,24.69,12,780,N/A
2011,11,12,14,30,142,497,346,0.147,5.2,26.37,11,780,N/A
2011,11,12,15,0,129,358,250,0.147,5,27.16,11,780,N/A
2011,11,12,15,30,100,254,167,0.147,4.1000000000000005,29.03,10,780,N/A
2011,11,12,16,0,17,0,17,0.147,3.3000000000000003,33.38,9,780,N/A
2011,11,12,16,30,6,0,6,0.147,2.7,38.24,7,780,N/A
2011,11,12,17,0,0,0,0,0.147,2.2,46.36,5,780,N/A
2011,11,12,17,30,0,0,0,0.147,2.2,49.72,4,780,N/A
2011,11,12,18,0,0,0,0,0.147,2.2,52.28,4,780,N/A
2011,11,12,18,30,0,0,0,0.147,2.2,56.11,4,780,N/A
2011,11,12,19,0,0,0,0,0.147,2.2,59.68,4,780,N/A
2011,11,12,19,30,0,0,0,0.147,2.2,59.69,3,780,N/A
2011,11,12,20,0,0,0,0,0.147,2.2,63.7,3,780,N/A
2011,11,12,20,30,0,0,0,0.147,2.3000000000000003,63.7,3,780,N/A
2011,11,12,21,0,0,0,0,0.147,2.4000000000000004,67.76,3,780,N/A
2011,11,12,21,30,0,0,0,0.147,2.4000000000000004,67.75,3,780,N/A
2011,11,12,22,0,0,0,0,0.147,2.4000000000000004,71.04,3,780,N/A
2011,11,12,22,30,0,0,0,0.147,2.4000000000000004,76.26,2,780,N/A
2011,11,12,23,0,0,0,0,0.147,2.5,79.32000000000001,2,780,N/A
2011,11,12,23,30,0,0,0,0.147,2.5,85.19,2,780,N/A
2011,11,13,0,0,0,0,0,0.147,2.5,87.92,2,780,N/A
2011,11,13,0,30,0,0,0,0.147,2.4000000000000004,87.91,1,780,N/A
2011,11,13,1,0,0,0,0,0.147,2.4000000000000004,89.75,1,780,N/A
2011,11,13,1,30,0,0,0,0.147,2.3000000000000003,96.45,1,780,N/A
2011,11,13,2,0,0,0,0,0.147,2.2,97.71000000000001,1,780,N/A
2011,11,13,2,30,0,0,0,0.147,2,97.69,0,780,N/A
2011,11,13,3,0,0,0,0,0.147,1.9000000000000001,98.59,0,780,N/A
2011,11,13,3,30,0,0,0,0.147,1.9000000000000001,98.56,0,780,N/A
2011,11,13,4,0,0,0,0,0.147,1.9000000000000001,99.42,0,780,N/A
2011,11,13,4,30,0,0,0,0.147,1.9000000000000001,99.42,0,780,N/A
2011,11,13,5,0,0,0,0,0.147,1.9000000000000001,100,0,780,N/A
2011,11,13,5,30,0,0,0,0.147,1.9000000000000001,100,0,780,N/A
2011,11,13,6,0,0,0,0,0.147,1.9000000000000001,100,0,780,N/A
2011,11,13,6,30,0,0,0,0.147,1.9000000000000001,100,0,780,N/A
2011,11,13,7,0,6,0,6,0.147,2,97.18,1,780,N/A
2011,11,13,7,30,19,0,19,0.147,2.7,90.48,2,780,N/A
2011,11,13,8,0,7,0,7,0.147,3.4000000000000004,82.65,4,780,N/A
2011,11,13,8,30,103,0,103,0.147,4.2,77.09,5,780,N/A
2011,11,13,9,0,157,356,297,0.147,5.1000000000000005,75.37,6,780,N/A
2011,11,13,9,30,153,9,158,0.147,5.5,70.37,7,780,N/A
2011,11,13,10,0,170,11,176,0.147,6,65.54,8,780,N/A
2011,11,13,10,30,177,10,183,0.147,6.300000000000001,65.53,8,780,N/A
2011,11,13,11,0,226,26,241,0.147,6.6000000000000005,58.15,9,780,N/A
2011,11,13,11,30,188,11,195,0.147,6.6000000000000005,58.120000000000005,9,780,N/A
2011,11,13,12,0,199,14,207,0.147,6.7,54.57,10,780,N/A
2011,11,13,12,30,153,5,156,0.147,6.6000000000000005,54.550000000000004,10,770,N/A
2011,11,13,13,0,173,9,178,0.147,6.5,53.25,10,770,N/A
2011,11,13,13,30,175,12,182,0.147,6.2,53.24,9,770,N/A
2011,11,13,14,0,170,17,178,0.147,5.9,54,9,770,N/A
2011,11,13,14,30,94,0,94,0.147,5.5,57.79,9,770,N/A
2011,11,13,15,0,65,0,65,0.147,5.2,59.9,9,770,N/A
2011,11,13,15,30,76,0,76,0.147,4.4,64.14,8,770,N/A
2011,11,13,16,0,65,123,86,0.147,3.7,67.22,7,770,N/A
2011,11,13,16,30,27,68,32,0.147,3,72.02,6,780,N/A
2011,11,13,17,0,0,0,0,0.147,2.4000000000000004,78.97,5,780,N/A
2011,11,13,17,30,0,0,0,0.147,2.2,84.7,4,780,N/A
2011,11,13,18,0,0,0,0,0.147,2.1,85.18,4,780,N/A
2011,11,13,18,30,0,0,0,0.147,2.1,91.41,4,780,N/A
2011,11,13,19,0,0,0,0,0.147,2.2,91.45,4,780,N/A
2011,11,13,19,30,0,0,0,0.147,2.2,91.46000000000001,3,780,N/A
2011,11,13,20,0,0,0,0,0.147,2.2,91.7,3,780,N/A
2011,11,13,20,30,0,0,0,0.147,2.1,98.46000000000001,3,780,N/A
2011,11,13,21,0,0,0,0,0.147,2,98.44,3,780,N/A
2011,11,13,21,30,0,0,0,0.147,2,98.46000000000001,2,780,N/A
2011,11,13,22,0,0,0,0,0.147,2.1,98.44,2,780,N/A
2011,11,13,22,30,0,0,0,0.147,2.1,98.45,2,780,N/A
2011,11,13,23,0,0,0,0,0.147,2.2,98.11,2,780,N/A
2011,11,13,23,30,0,0,0,0.147,2.1,100,1,780,N/A
2011,11,14,0,0,0,0,0,0.147,2.1,100,1,780,N/A
2011,11,14,0,30,0,0,0,0.147,1.9000000000000001,100,1,780,N/A
2011,11,14,1,0,0,0,0,0.147,1.8,100,1,780,N/A
2011,11,14,1,30,0,0,0,0.147,1.7000000000000002,100,0,780,N/A
2011,11,14,2,0,0,0,0,0.147,1.6,100,0,780,N/A
2011,11,14,2,30,0,0,0,0.147,1.5,100,0,780,N/A
2011,11,14,3,0,0,0,0,0.147,1.4000000000000001,97.3,0,780,N/A
2011,11,14,3,30,0,0,0,0.147,1.4000000000000001,97.3,0,780,N/A
2011,11,14,4,0,0,0,0,0.147,1.5,95.68,0,780,N/A
2011,11,14,4,30,0,0,0,0.147,1.4000000000000001,95.69,0,780,N/A
2011,11,14,5,0,0,0,0,0.147,1.4000000000000001,94.33,0,780,N/A
2011,11,14,5,30,0,0,0,0.147,1.4000000000000001,94.34,0,780,N/A
2011,11,14,6,0,0,0,0,0.147,1.4000000000000001,93.05,0,780,N/A
2011,11,14,6,30,0,0,0,0.147,1.3,93.08,0,780,N/A
2011,11,14,7,0,21,297,37,0.147,1.3,94.07000000000001,0,780,N/A
2011,11,14,7,30,39,567,124,0.147,1.6,94.08,1,780,N/A
2011,11,14,8,0,51,716,221,0.147,2,90.45,2,780,N/A
2011,11,14,8,30,59,804,315,0.147,2.3000000000000003,84.2,3,780,N/A
2011,11,14,9,0,63,869,402,0.147,2.7,69.69,4,780,N/A
2011,11,14,9,30,68,907,478,0.147,3,64.98,5,780,N/A
2011,11,14,10,0,70,936,542,0.147,3.3000000000000003,54.11,6,780,N/A
2011,11,14,10,30,72,954,592,0.147,3.5,50.49,7,780,N/A
2011,11,14,11,0,79,951,623,0.147,3.8000000000000003,44.45,8,780,N/A
2011,11,14,11,30,80,956,640,0.147,4,44.43,8,780,N/A
2011,11,14,12,0,237,29,254,0.147,4.2,41.6,9,780,N/A
2011,11,14,12,30,285,170,383,0.147,4.2,41.59,9,780,N/A
2011,11,14,13,0,270,169,364,0.147,4.2,41.92,9,780,N/A
2011,11,14,13,30,248,169,335,0.147,4.1000000000000005,41.910000000000004,9,780,N/A
2011,11,14,14,0,218,177,300,0.147,4.1000000000000005,41.43,9,780,N/A
2011,11,14,14,30,184,176,255,0.147,3.9000000000000004,44.32,8,780,N/A
2011,11,14,15,0,56,828,332,0.147,3.8000000000000003,43.01,8,780,N/A
2011,11,14,15,30,49,750,240,0.147,3,46.050000000000004,7,780,N/A
2011,11,14,16,0,39,625,144,0.147,2.3000000000000003,49.53,6,780,N/A
2011,11,14,16,30,24,391,53,0.147,1.8,56.93,4,780,N/A
2011,11,14,17,0,0,0,0,0.147,1.3,64.72,2,780,N/A
2011,11,14,17,30,0,0,0,0.147,1.3,69.55,1,780,N/A
2011,11,14,18,0,0,0,0,0.147,1.3,71.39,1,780,N/A
2011,11,14,18,30,0,0,0,0.147,1.3,71.41,0,780,N/A
2011,11,14,19,0,0,0,0,0.147,1.4000000000000001,67.79,0,780,N/A
2011,11,14,19,30,0,0,0,0.147,1.4000000000000001,67.81,0,780,N/A
2011,11,14,20,0,0,0,0,0.147,1.4000000000000001,69.19,0,780,N/A
2011,11,14,20,30,0,0,0,0.147,1.3,69.2,0,780,N/A
2011,11,14,21,0,0,0,0,0.147,1.3,66.42,-1,780,N/A
2011,11,14,21,30,0,0,0,0.147,1.3,66.41,-1,780,N/A
2011,11,14,22,0,0,0,0,0.147,1.3,69.47,-1,780,N/A
2011,11,14,22,30,0,0,0,0.147,1.3,69.45,-1,780,N/A
2011,11,14,23,0,0,0,0,0.147,1.3,67.96000000000001,-2,780,N/A
2011,11,14,23,30,0,0,0,0.147,1.3,67.94,-2,780,N/A
2011,11,15,0,0,0,0,0,0.147,1.4000000000000001,66.86,-2,780,N/A
2011,11,15,0,30,0,0,0,0.147,1.4000000000000001,66.85,-2,780,N/A
2011,11,15,1,0,0,0,0,0.147,1.4000000000000001,66.01,-2,780,N/A
2011,11,15,1,30,0,0,0,0.147,1.4000000000000001,66,-2,780,N/A
2011,11,15,2,0,0,0,0,0.147,1.4000000000000001,70.57000000000001,-2,780,N/A
2011,11,15,2,30,0,0,0,0.147,1.4000000000000001,70.56,-2,780,N/A
2011,11,15,3,0,0,0,0,0.147,1.4000000000000001,70.42,-3,780,N/A
2011,11,15,3,30,0,0,0,0.147,1.3,70.42,-3,780,N/A
2011,11,15,4,0,0,0,0,0.147,1.3,70.47,-3,780,N/A
2011,11,15,4,30,0,0,0,0.147,1.2000000000000002,70.49,-3,780,N/A
2011,11,15,5,0,0,0,0,0.147,1.2000000000000002,70.97,-3,780,N/A
2011,11,15,5,30,0,0,0,0.147,1.2000000000000002,70.99,-3,780,N/A
2011,11,15,6,0,0,0,0,0.147,1.2000000000000002,71.99,-3,780,N/A
2011,11,15,6,30,0,0,0,0.147,1.1,66.87,-2,780,N/A
2011,11,15,7,0,19,336,36,0.147,1.1,65.37,-1,780,N/A
2011,11,15,7,30,35,610,124,0.147,1.6,60.800000000000004,0,780,N/A
2011,11,15,8,0,46,750,221,0.147,2.2,55.76,2,780,N/A
2011,11,15,8,30,53,836,316,0.147,2.7,51.94,3,780,N/A
2011,11,15,9,0,58,891,403,0.147,3.2,48.4,5,780,N/A
2011,11,15,9,30,63,929,480,0.147,3.5,45.160000000000004,6,780,N/A
2011,11,15,10,0,66,955,544,0.147,3.9000000000000004,41.15,7,780,N/A
2011,11,15,10,30,68,972,593,0.147,3.9000000000000004,41.14,8,780,N/A
2011,11,15,11,0,68,987,628,0.147,4,36.87,9,780,N/A
2011,11,15,11,30,68,992,646,0.147,4,36.85,9,780,N/A
2011,11,15,12,0,68,992,648,0.147,4,33.56,10,780,N/A
2011,11,15,12,30,68,987,632,0.147,4,33.54,10,780,N/A
2011,11,15,13,0,67,976,601,0.147,4.1000000000000005,30.92,10,780,N/A
2011,11,15,13,30,65,960,554,0.147,4.1000000000000005,33.06,10,780,N/A
2011,11,15,14,0,62,935,493,0.147,4.1000000000000005,32.8,10,780,N/A
2011,11,15,14,30,58,900,419,0.147,3.9000000000000004,32.8,9,780,N/A
2011,11,15,15,0,53,851,334,0.147,3.8000000000000003,32.79,9,780,N/A
2011,11,15,15,30,46,774,241,0.147,3,37.550000000000004,7,780,N/A
2011,11,15,16,0,36,655,144,0.147,2.3000000000000003,42.42,6,780,N/A
2011,11,15,16,30,22,427,53,0.147,1.9000000000000001,52.31,3,780,N/A
2011,11,15,17,0,0,0,0,0.147,1.5,60.67,1,780,N/A
2011,11,15,17,30,0,0,0,0.147,1.5,65.22,0,780,N/A
2011,11,15,18,0,0,0,0,0.147,1.6,63.25,0,780,N/A
2011,11,15,18,30,0,0,0,0.147,1.6,63.26,0,780,N/A
2011,11,15,19,0,0,0,0,0.147,1.6,61.45,0,780,N/A
2011,11,15,19,30,0,0,0,0.147,1.5,61.46,0,780,N/A
2011,11,15,20,0,0,0,0,0.147,1.4000000000000001,64.12,0,780,N/A
2011,11,15,20,30,0,0,0,0.147,1.3,64.12,0,780,N/A
2011,11,15,21,0,0,0,0,0.147,1.3,62.2,-1,780,N/A
2011,11,15,21,30,0,0,0,0.147,1.3,62.2,-1,780,N/A
2011,11,15,22,0,0,0,0,0.147,1.3,65.19,-1,780,N/A
2011,11,15,22,30,0,0,0,0.147,1.3,65.18,-1,780,N/A
2011,11,15,23,0,0,0,0,0.147,1.3,63.74,-2,780,N/A
2011,11,15,23,30,0,0,0,0.147,1.3,63.74,-2,780,N/A
2011,11,16,0,0,0,0,0,0.147,1.3,62.480000000000004,-2,780,N/A
2011,11,16,0,30,0,0,0,0.147,1.3,62.480000000000004,-2,780,N/A
2011,11,16,1,0,0,0,0,0.147,1.3,61.4,-2,780,N/A
2011,11,16,1,30,0,0,0,0.147,1.3,61.4,-2,780,N/A
2011,11,16,2,0,0,0,0,0.147,1.4000000000000001,65.64,-2,780,N/A
2011,11,16,2,30,0,0,0,0.147,1.4000000000000001,65.64,-2,780,N/A
2011,11,16,3,0,0,0,0,0.147,1.4000000000000001,65.53,-2,780,N/A
2011,11,16,3,30,0,0,0,0.147,1.4000000000000001,65.54,-2,780,N/A
2011,11,16,4,0,0,0,0,0.147,1.4000000000000001,65.62,-2,780,N/A
2011,11,16,4,30,0,0,0,0.147,1.4000000000000001,65.64,-2,780,N/A
2011,11,16,5,0,0,0,0,0.147,1.5,65.76,-3,780,N/A
2011,11,16,5,30,0,0,0,0.147,1.5,65.78,-3,780,N/A
2011,11,16,6,0,0,0,0,0.147,1.5,65.72,-3,780,N/A
2011,11,16,6,30,0,0,0,0.147,1.5,61.06,-2,780,N/A
2011,11,16,7,0,18,320,34,0.147,1.6,58.660000000000004,-1,780,N/A
2011,11,16,7,30,35,598,120,0.147,2.1,54.57,0,780,N/A
2011,11,16,8,0,46,753,219,0.147,2.7,52.02,2,780,N/A
2011,11,16,8,30,53,843,315,0.147,3,48.44,3,780,N/A
2011,11,16,9,0,58,910,406,0.147,3.4000000000000004,39.63,5,780,N/A
2011,11,16,9,30,62,951,485,0.147,3.6,36.96,6,780,N/A
2011,11,16,10,0,63,985,553,0.147,3.9000000000000004,29.03,7,780,N/A
2011,11,16,10,30,65,1005,605,0.147,3.8000000000000003,27.11,7,780,N/A
2011,11,16,11,0,67,1019,642,0.147,3.8000000000000003,21.25,8,780,N/A
2011,11,16,11,30,68,1026,661,0.147,3.7,21.240000000000002,8,780,N/A
2011,11,16,12,0,66,1032,665,0.147,3.7,17.35,9,780,N/A
2011,11,16,12,30,65,1029,650,0.147,3.6,17.35,9,780,N/A
2011,11,16,13,0,63,1023,620,0.147,3.5,15.8,9,780,N/A
2011,11,16,13,30,61,1007,572,0.147,3.4000000000000004,15.81,9,780,N/A
2011,11,16,14,0,60,980,509,0.147,3.4000000000000004,15.030000000000001,9,780,N/A
2011,11,16,14,30,56,946,433,0.147,3.2,16.09,8,780,N/A
2011,11,16,15,0,52,895,345,0.147,3,16.43,8,780,N/A
2011,11,16,15,30,45,819,249,0.147,2.2,18.85,6,780,N/A
2011,11,16,16,0,36,699,149,0.147,1.4000000000000001,32.08,4,780,N/A
2011,11,16,16,30,22,469,55,0.147,1.4000000000000001,36.97,2,780,N/A
2011,11,16,17,0,0,0,0,0.149,1.4000000000000001,39.59,0,780,N/A
2011,11,16,17,30,0,0,0,0.149,1.4000000000000001,39.61,0,780,N/A
2011,11,16,18,0,0,0,0,0.149,1.4000000000000001,40.38,0,790,N/A
2011,11,16,18,30,0,0,0,0.149,1.3,40.39,0,790,N/A
2011,11,16,19,0,0,0,0,0.149,1.3,39.46,-1,790,N/A
2011,11,16,19,30,0,0,0,0.149,1.3,39.47,-1,790,N/A
2011,11,16,20,0,0,0,0,0.149,1.3,42,-2,790,N/A
2011,11,16,20,30,0,0,0,0.149,1.3,42.01,-2,790,N/A
2011,11,16,21,0,0,0,0,0.149,1.3,45.15,-2,790,N/A
2011,11,16,21,30,0,0,0,0.149,1.3,45.15,-2,790,N/A
2011,11,16,22,0,0,0,0,0.149,1.3,44.27,-2,790,N/A
2011,11,16,22,30,0,0,0,0.149,1.3,41.1,-2,790,N/A
2011,11,16,23,0,0,0,0,0.149,1.3,40.74,-2,790,N/A
2011,11,16,23,30,0,0,0,0.149,1.2000000000000002,40.730000000000004,-2,790,N/A
2011,11,17,0,0,0,0,0,0.149,1.2000000000000002,44.74,-2,790,N/A
2011,11,17,0,30,0,0,0,0.149,1.2000000000000002,44.730000000000004,-2,790,N/A
2011,11,17,1,0,0,0,0,0.149,1.2000000000000002,46.51,-3,790,N/A
2011,11,17,1,30,0,0,0,0.149,1.1,46.51,-3,790,N/A
2011,11,17,2,0,0,0,0,0.149,1.1,48.46,-3,790,N/A
2011,11,17,2,30,0,0,0,0.149,1,48.45,-3,790,N/A
2011,11,17,3,0,0,0,0,0.149,1,50.230000000000004,-3,790,N/A
2011,11,17,3,30,0,0,0,0.149,0.9,50.230000000000004,-3,790,N/A
2011,11,17,4,0,0,0,0,0.149,0.9,51.29,-3,790,N/A
2011,11,17,4,30,0,0,0,0.149,0.8,51.29,-3,790,N/A
2011,11,17,5,0,0,0,0,0.149,0.8,51.6,-3,790,N/A
2011,11,17,5,30,0,0,0,0.149,0.7000000000000001,51.6,-3,790,N/A
2011,11,17,6,0,0,0,0,0.149,0.7000000000000001,51.45,-3,790,N/A
2011,11,17,6,30,0,0,0,0.149,0.6000000000000001,47.78,-2,790,N/A
2011,11,17,7,0,16,373,33,0.149,0.6000000000000001,52.38,-1,790,N/A
2011,11,17,7,30,31,642,120,0.149,0.7000000000000001,45.25,0,790,N/A
2011,11,17,8,0,40,780,217,0.149,0.8,37.15,1,790,N/A
2011,11,17,8,30,47,862,312,0.149,1.2000000000000002,32.2,3,790,N/A
2011,11,17,9,0,52,916,399,0.149,1.6,27.8,5,790,N/A
2011,11,17,9,30,55,953,476,0.149,2.3000000000000003,25.93,6,780,N/A
2011,11,17,10,0,58,979,540,0.149,3,23.73,8,780,N/A
2011,11,17,10,30,59,996,591,0.149,3.2,23.72,8,780,N/A
2011,11,17,11,0,60,1009,626,0.149,3.4000000000000004,23.92,9,780,N/A
2011,11,17,11,30,60,1015,644,0.149,3.5,23.900000000000002,9,780,N/A
2011,11,17,12,0,60,1017,646,0.149,3.6,23.68,10,780,N/A
2011,11,17,12,30,59,1013,632,0.149,3.6,23.67,10,780,N/A
2011,11,17,13,0,58,1003,601,0.149,3.6,24.84,11,780,N/A
2011,11,17,13,30,56,988,554,0.149,3.5,24.830000000000002,11,780,N/A
2011,11,17,14,0,58,952,491,0.149,3.4000000000000004,25.92,11,780,N/A
2011,11,17,14,30,55,917,417,0.149,3.1,27.71,10,780,N/A
2011,11,17,15,0,50,868,332,0.149,2.9000000000000004,29.34,9,780,N/A
2011,11,17,15,30,44,792,239,0.149,2,33.61,7,780,N/A
2011,11,17,16,0,35,670,142,0.149,1.2000000000000002,45.09,5,780,N/A
2011,11,17,16,30,21,441,51,0.149,1.2000000000000002,51.870000000000005,3,780,N/A
2011,11,17,17,0,0,0,0,0.149,1.2000000000000002,56.15,1,780,N/A
2011,11,17,17,30,0,0,0,0.149,1.2000000000000002,60.35,0,780,N/A
2011,11,17,18,0,0,0,0,0.149,1.3,59.24,0,780,N/A
2011,11,17,18,30,0,0,0,0.149,1.2000000000000002,59.230000000000004,0,780,N/A
2011,11,17,19,0,0,0,0,0.149,1.2000000000000002,58.81,0,780,N/A
2011,11,17,19,30,0,0,0,0.149,1.2000000000000002,58.79,0,780,N/A
2011,11,17,20,0,0,0,0,0.149,1.2000000000000002,63.18,0,780,N/A
2011,11,17,20,30,0,0,0,0.149,1.2000000000000002,63.160000000000004,0,780,N/A
2011,11,17,21,0,0,0,0,0.149,1.2000000000000002,63.88,-1,780,N/A
2011,11,17,21,30,0,0,0,0.149,1.1,63.86,-1,780,N/A
2011,11,17,22,0,0,0,0,0.149,1.1,65.15,-1,780,N/A
2011,11,17,22,30,0,0,0,0.149,1.1,65.13,-1,780,N/A
2011,11,17,23,0,0,0,0,0.149,1.1,66.14,-1,780,N/A
2011,11,17,23,30,0,0,0,0.149,1.1,66.12,-1,780,N/A
2011,11,18,0,0,0,0,0,0.149,1.1,72.08,-1,780,N/A
2011,11,18,0,30,0,0,0,0.149,1,72.06,-1,780,N/A
2011,11,18,1,0,0,0,0,0.149,1,72.92,-1,780,N/A
2011,11,18,1,30,0,0,0,0.149,0.9,72.91,-1,780,N/A
2011,11,18,2,0,0,0,0,0.149,0.9,73.56,-1,780,N/A
2011,11,18,2,30,0,0,0,0.149,0.9,68.34,-1,780,N/A
2011,11,18,3,0,0,0,0,0.149,0.9,68.73,-1,780,N/A
2011,11,18,3,30,0,0,0,0.149,0.9,68.71000000000001,-1,780,N/A
2011,11,18,4,0,0,0,0,0.149,0.9,69.02,-1,780,N/A
2011,11,18,4,30,0,0,0,0.149,0.9,69.01,-1,780,N/A
2011,11,18,5,0,0,0,0,0.149,0.9,69.24,-1,780,N/A
2011,11,18,5,30,0,0,0,0.149,0.9,69.23,-1,780,N/A
2011,11,18,6,0,0,0,0,0.149,0.9,69.44,-1,780,N/A
2011,11,18,6,30,0,0,0,0.149,0.9,64.56,0,780,N/A
2011,11,18,7,0,16,329,30,0.149,1,66.57000000000001,0,780,N/A
2011,11,18,7,30,32,612,115,0.149,1.3,61.940000000000005,1,780,N/A
2011,11,18,8,0,42,760,212,0.149,1.6,55.58,3,780,N/A
2011,11,18,8,30,49,846,306,0.149,2.2,51.800000000000004,4,780,N/A
2011,11,18,9,0,55,903,394,0.149,2.8000000000000003,45.95,6,780,N/A
2011,11,18,9,30,59,941,471,0.149,3.5,42.89,7,780,N/A
2011,11,18,10,0,61,969,535,0.149,4.3,40.410000000000004,8,780,N/A
2011,11,18,10,30,63,986,585,0.149,4.5,37.76,9,780,N/A
2011,11,18,11,0,68,988,618,0.149,4.7,33.79,10,780,N/A
2011,11,18,11,30,68,993,636,0.149,4.800000000000001,33.77,10,780,N/A
2011,11,18,12,0,69,991,638,0.149,5,29.7,11,780,N/A
2011,11,18,12,30,189,581,515,0.149,5,29.69,11,780,N/A
2011,11,18,13,0,190,529,475,0.149,5.1000000000000005,28.3,11,770,N/A
2011,11,18,13,30,175,520,436,0.149,5,28.3,11,770,N/A
2011,11,18,14,0,143,557,395,0.149,4.9,27.490000000000002,11,770,N/A
2011,11,18,14,30,176,179,246,0.149,4.6000000000000005,29.37,10,770,N/A
2011,11,18,15,0,137,187,198,0.149,4.3,29.32,10,770,N/A
2011,11,18,15,30,88,316,165,0.149,3.2,33.55,8,770,N/A
2011,11,18,16,0,59,139,81,0.149,2.1,38.62,7,770,N/A
2011,11,18,16,30,23,80,28,0.149,1.8,47.53,4,770,N/A
2011,11,18,17,0,0,0,0,0.149,1.5,54.38,2,770,N/A
2011,11,18,17,30,0,0,0,0.149,1.5,58.42,1,770,N/A
2011,11,18,18,0,0,0,0,0.149,1.5,57.160000000000004,1,770,N/A
2011,11,18,18,30,0,0,0,0.149,1.5,61.43,1,770,N/A
2011,11,18,19,0,0,0,0,0.149,1.5,59.89,1,770,N/A
2011,11,18,19,30,0,0,0,0.149,1.4000000000000001,59.88,1,770,N/A
2011,11,18,20,0,0,0,0,0.149,1.4000000000000001,58.84,1,770,N/A
2011,11,18,20,30,0,0,0,0.149,1.4000000000000001,58.84,0,770,N/A
2011,11,18,21,0,0,0,0,0.149,1.4000000000000001,58.050000000000004,0,770,N/A
2011,11,18,21,30,0,0,0,0.149,1.4000000000000001,58.04,0,770,N/A
2011,11,18,22,0,0,0,0,0.149,1.4000000000000001,57.15,0,770,N/A
2011,11,18,22,30,0,0,0,0.149,1.3,57.15,0,770,N/A
2011,11,18,23,0,0,0,0,0.149,1.3,57.870000000000005,0,770,N/A
2011,11,18,23,30,0,0,0,0.149,1.2000000000000002,57.870000000000005,0,770,N/A
2011,11,19,0,0,0,0,0,0.149,1.2000000000000002,59.4,0,770,N/A
2011,11,19,0,30,0,0,0,0.149,1,59.42,0,770,N/A
2011,11,19,1,0,0,0,0,0.149,0.9,61.18,0,770,N/A
2011,11,19,1,30,0,0,0,0.149,0.7000000000000001,61.2,0,770,N/A
2011,11,19,2,0,0,0,0,0.149,0.6000000000000001,62.95,0,780,N/A
2011,11,19,2,30,0,0,0,0.149,0.5,62.940000000000005,0,780,N/A
2011,11,19,3,0,0,0,0,0.149,0.5,65.01,0,770,N/A
2011,11,19,3,30,0,0,0,0.149,0.6000000000000001,65,0,770,N/A
2011,11,19,4,0,0,0,0,0.149,0.8,67.43,0,770,N/A
2011,11,19,4,30,0,0,0,0.149,0.9,67.43,0,770,N/A
2011,11,19,5,0,0,0,0,0.149,1,70.05,0,770,N/A
2011,11,19,5,30,0,0,0,0.149,1.1,70.06,0,780,N/A
2011,11,19,6,0,0,0,0,0.149,1.2000000000000002,77.93,0,780,N/A
2011,11,19,6,30,0,0,0,0.149,1.2000000000000002,72.48,0,780,N/A
2011,11,19,7,0,28,0,28,0.149,1.3,75.04,0,780,N/A
2011,11,19,7,30,31,631,114,0.149,1.6,65,2,780,N/A
2011,11,19,8,0,40,783,212,0.149,1.9000000000000001,59.17,4,780,N/A
2011,11,19,8,30,47,868,307,0.149,2.6,55.19,5,780,N/A
2011,11,19,9,0,51,926,395,0.149,3.4000000000000004,46.22,7,780,N/A
2011,11,19,9,30,54,964,473,0.149,3.7,46.22,8,780,N/A
2011,11,19,10,0,56,992,538,0.149,4.1000000000000005,39.25,9,780,N/A
2011,11,19,10,30,58,1010,589,0.149,4.2,36.68,9,780,N/A
2011,11,19,11,0,58,1024,624,0.149,4.4,31.35,10,780,N/A
2011,11,19,11,30,140,748,565,0.149,4.5,31.35,10,780,N/A
2011,11,19,12,0,167,669,549,0.149,4.6000000000000005,27.5,11,780,N/A
2011,11,19,12,30,190,570,509,0.149,4.5,27.490000000000002,11,780,N/A
2011,11,19,13,0,98,839,546,0.149,4.5,26.69,11,780,N/A
2011,11,19,13,30,128,690,472,0.149,4.3,26.69,11,780,N/A
2011,11,19,14,0,169,455,373,0.149,4.1000000000000005,26.73,11,780,N/A
2011,11,19,14,30,169,255,268,0.149,3.7,28.57,10,780,N/A
2011,11,19,15,0,117,379,238,0.149,3.3000000000000003,29.3,10,780,N/A
2011,11,19,15,30,85,352,170,0.149,2.3000000000000003,33.53,8,780,N/A
2011,11,19,16,0,34,658,137,0.149,1.3,43.86,7,780,N/A
2011,11,19,16,30,20,423,47,0.149,1.2000000000000002,50.410000000000004,5,780,N/A
2011,11,19,17,0,0,0,0,0.149,1.2000000000000002,56.06,3,780,N/A
2011,11,19,17,30,0,0,0,0.149,1.2000000000000002,60.24,2,780,N/A
2011,11,19,18,0,0,0,0,0.149,1.2000000000000002,58.93,2,780,N/A
2011,11,19,18,30,0,0,0,0.149,1.1,58.96,1,780,N/A
2011,11,19,19,0,0,0,0,0.149,1.1,59.72,1,780,N/A
2011,11,19,19,30,0,0,0,0.149,1.1,59.730000000000004,1,780,N/A
2011,11,19,20,0,0,0,0,0.149,1.1,60.68,1,780,N/A
2011,11,19,20,30,0,0,0,0.149,1.1,60.69,1,780,N/A
2011,11,19,21,0,0,0,0,0.149,1.1,61.1,1,780,N/A
2011,11,19,21,30,0,0,0,0.149,1,61.1,1,780,N/A
2011,11,19,22,0,0,0,0,0.149,1,61.300000000000004,1,780,N/A
2011,11,19,22,30,0,0,0,0.149,0.9,61.300000000000004,1,780,N/A
2011,11,19,23,0,0,0,0,0.149,0.9,61.64,1,780,N/A
2011,11,19,23,30,0,0,0,0.149,0.8,61.64,1,780,N/A
2011,11,20,0,0,0,0,0,0.149,0.8,63.050000000000004,1,780,N/A
2011,11,20,0,30,0,0,0,0.149,0.8,63.06,1,780,N/A
2011,11,20,1,0,0,0,0,0.149,0.8,65.07000000000001,1,780,N/A
2011,11,20,1,30,0,0,0,0.149,0.9,65.08,1,780,N/A
2011,11,20,2,0,0,0,0,0.149,1,67.45,1,780,N/A
2011,11,20,2,30,0,0,0,0.149,1,67.47,1,780,N/A
2011,11,20,3,0,0,0,0,0.149,1.1,71.23,1,780,N/A
2011,11,20,3,30,0,0,0,0.149,1.1,71.25,1,780,N/A
2011,11,20,4,0,0,0,0,0.149,1.1,76.44,1,780,N/A
2011,11,20,4,30,0,0,0,0.149,0.9,76.46000000000001,1,780,N/A
2011,11,20,5,0,0,0,0,0.149,0.8,81.47,1,780,N/A
2011,11,20,5,30,0,0,0,0.149,0.7000000000000001,87.60000000000001,1,780,N/A
2011,11,20,6,0,0,0,0,0.149,0.7000000000000001,93.53,1,780,N/A
2011,11,20,6,30,0,0,0,0.149,0.6000000000000001,93.55,1,780,N/A
2011,11,20,7,0,12,0,12,0.149,0.5,91.24,1,780,N/A
2011,11,20,7,30,47,45,53,0.149,0.5,84.95,2,780,N/A
2011,11,20,8,0,86,82,103,0.149,0.6000000000000001,81.41,3,780,N/A
2011,11,20,8,30,94,463,232,0.149,1,75.88,5,780,N/A
2011,11,20,9,0,54,867,373,0.149,1.4000000000000001,61.13,7,780,N/A
2011,11,20,9,30,58,907,449,0.149,2,57.08,8,780,N/A
2011,11,20,10,0,61,933,512,0.149,2.7,44.550000000000004,9,780,N/A
2011,11,20,10,30,64,952,561,0.149,3,41.65,10,780,N/A
2011,11,20,11,0,65,965,596,0.149,3.3000000000000003,37.39,11,780,N/A
2011,11,20,11,30,65,971,614,0.149,3.4000000000000004,37.38,11,780,N/A
2011,11,20,12,0,67,970,617,0.149,3.6,36.4,12,780,N/A
2011,11,20,12,30,66,966,603,0.149,3.5,36.39,12,780,N/A
2011,11,20,13,0,66,954,573,0.149,3.4000000000000004,33.45,12,780,N/A
2011,11,20,13,30,63,937,528,0.149,3.2,33.44,12,780,N/A
2011,11,20,14,0,57,924,470,0.149,3,33.07,12,780,N/A
2011,11,20,14,30,54,890,398,0.149,2.6,35.32,11,780,N/A
2011,11,20,15,0,49,837,315,0.149,2.3000000000000003,35.12,11,780,N/A
2011,11,20,15,30,43,759,225,0.149,1.6,40.15,9,780,N/A
2011,11,20,16,0,34,627,131,0.149,1,48.410000000000004,8,780,N/A
2011,11,20,16,30,20,389,44,0.149,1.1,55.52,6,780,N/A
2011,11,20,17,0,0,0,0,0.149,1.2000000000000002,58.35,4,780,N/A
2011,11,20,17,30,0,0,0,0.149,1.2000000000000002,62.620000000000005,3,780,N/A
2011,11,20,18,0,0,0,0,0.149,1.4000000000000001,64.14,3,780,N/A
2011,11,20,18,30,0,0,0,0.149,1.5,64.15,2,780,N/A
2011,11,20,19,0,0,0,0,0.149,1.7000000000000002,62.050000000000004,2,780,N/A
2011,11,20,19,30,0,0,0,0.149,1.7000000000000002,62.050000000000004,2,780,N/A
2011,11,20,20,0,0,0,0,0.149,1.8,61.82,2,780,N/A
2011,11,20,20,30,0,0,0,0.149,1.6,61.82,2,780,N/A
2011,11,20,21,0,0,0,0,0.149,1.5,64.03,2,780,N/A
2011,11,20,21,30,0,0,0,0.149,1.4000000000000001,68.77,1,780,N/A
2011,11,20,22,0,0,0,0,0.149,1.3,73.5,1,780,N/A
2011,11,20,22,30,0,0,0,0.149,1.2000000000000002,73.49,1,780,N/A
2011,11,20,23,0,0,0,0,0.149,1.2000000000000002,78.58,1,780,N/A
2011,11,20,23,30,0,0,0,0.149,1.1,78.57000000000001,1,780,N/A
2011,11,21,0,0,0,0,0,0.149,1.1,81.48,1,780,N/A
2011,11,21,0,30,0,0,0,0.149,0.9,81.47,1,780,N/A
2011,11,21,1,0,0,0,0,0.149,0.7000000000000001,81.53,1,780,N/A
2011,11,21,1,30,0,0,0,0.149,0.4,81.52,1,780,N/A
2011,11,21,2,0,0,0,0,0.149,0.2,74.92,2,780,N/A
2011,11,21,2,30,0,0,0,0.149,0.30000000000000004,74.91,2,780,N/A
2011,11,21,3,0,0,0,0,0.149,0.5,74.21000000000001,2,780,N/A
2011,11,21,3,30,0,0,0,0.149,0.6000000000000001,74.19,2,780,N/A
2011,11,21,4,0,0,0,0,0.149,0.8,73.92,3,780,N/A
2011,11,21,4,30,0,0,0,0.149,0.9,73.92,3,780,N/A
2011,11,21,5,0,0,0,0,0.149,1.1,74.11,3,780,N/A
2011,11,21,5,30,0,0,0,0.149,1.1,74.11,2,780,N/A
2011,11,21,6,0,0,0,0,0.149,1.2000000000000002,74.5,2,780,N/A
2011,11,21,6,30,0,0,0,0.149,1.2000000000000002,74.5,2,780,N/A
2011,11,21,7,0,7,0,7,0.149,1.2000000000000002,76,2,780,N/A
2011,11,21,7,30,34,0,34,0.149,1.2000000000000002,65.98,4,780,N/A
2011,11,21,8,0,66,0,66,0.149,1.3,61.29,6,780,N/A
2011,11,21,8,30,56,0,56,0.149,1.6,57.21,7,780,N/A
2011,11,21,9,0,149,305,261,0.149,2,49.38,9,780,N/A
2011,11,21,9,30,188,73,219,0.149,2.4000000000000004,49.370000000000005,9,780,N/A
2011,11,21,10,0,156,554,421,0.149,2.9000000000000004,47.34,10,780,N/A
2011,11,21,10,30,229,54,257,0.149,3,47.32,10,780,N/A
2011,11,21,11,0,263,107,322,0.149,3.1,47.76,11,780,N/A
2011,11,21,11,30,263,77,307,0.149,3,47.74,11,780,N/A
2011,11,21,12,0,279,168,373,0.149,3,47.6,11,780,N/A
2011,11,21,12,30,209,493,482,0.149,3.1,47.59,10,780,N/A
2011,11,21,13,0,209,458,451,0.149,3.2,47.18,10,780,N/A
2011,11,21,13,30,218,324,377,0.149,3.3000000000000003,50.46,9,780,N/A
2011,11,21,14,0,193,303,328,0.149,3.5,54.09,9,780,N/A
2011,11,21,14,30,172,176,240,0.149,3.5,57.92,8,780,N/A
2011,11,21,15,0,113,392,237,0.149,3.5,59.620000000000005,7,780,N/A
2011,11,21,15,30,28,0,28,0.149,3.1,63.89,6,780,N/A
2011,11,21,16,0,47,366,102,0.149,2.7,71.34,5,780,N/A
2011,11,21,16,30,22,189,33,0.149,2.1,76.53,4,780,N/A
2011,11,21,17,0,0,0,0,0.149,1.5,84.10000000000001,3,780,N/A
2011,11,21,17,30,0,0,0,0.149,1.4000000000000001,90.32000000000001,2,780,N/A
2011,11,21,18,0,0,0,0,0.149,1.4000000000000001,90.57000000000001,2,780,N/A
2011,11,21,18,30,0,0,0,0.149,1.5,97.32000000000001,1,780,N/A
2011,11,21,19,0,0,0,0,0.149,1.6,96.2,1,780,N/A
2011,11,21,19,30,0,0,0,0.149,1.6,100,0,780,N/A
2011,11,21,20,0,0,0,0,0.149,1.6,100,0,780,N/A
2011,11,21,20,30,0,0,0,0.149,1.5,100,0,780,N/A
2011,11,21,21,0,0,0,0,0.149,1.5,98.2,0,780,N/A
2011,11,21,21,30,0,0,0,0.149,1.5,98.21000000000001,0,780,N/A
2011,11,21,22,0,0,0,0,0.149,1.5,100,0,780,N/A
2011,11,21,22,30,0,0,0,0.149,1.5,100,0,780,N/A
2011,11,21,23,0,0,0,0,0.149,1.6,97.79,-1,780,N/A
2011,11,21,23,30,0,0,0,0.149,1.6,97.79,-1,780,N/A
2011,11,22,0,0,0,0,0,0.149,1.6,100,-1,780,N/A
2011,11,22,0,30,0,0,0,0.149,1.6,100,-1,780,N/A
2011,11,22,1,0,0,0,0,0.149,1.7000000000000002,96.34,-2,780,N/A
2011,11,22,1,30,0,0,0,0.149,1.7000000000000002,96.37,-2,780,N/A
2011,11,22,2,0,0,0,0,0.149,1.7000000000000002,93.19,-2,780,N/A
2011,11,22,2,30,0,0,0,0.149,1.6,93.19,-2,780,N/A
2011,11,22,3,0,0,0,0,0.149,1.6,91.19,-2,780,N/A
2011,11,22,3,30,0,0,0,0.149,1.6,91.2,-2,780,N/A
2011,11,22,4,0,0,0,0,0.149,1.6,96.64,-2,780,N/A
2011,11,22,4,30,0,0,0,0.149,1.6,96.66,-2,780,N/A
2011,11,22,5,0,0,0,0,0.149,1.6,95.46000000000001,-2,780,N/A
2011,11,22,5,30,0,0,0,0.149,1.6,95.48,-2,780,N/A
2011,11,22,6,0,0,0,0,0.149,1.6,94.59,-3,780,N/A
2011,11,22,6,30,0,0,0,0.149,1.6,87.87,-2,780,N/A
2011,11,22,7,0,13,300,21,0.149,1.6,87.69,-1,790,N/A
2011,11,22,7,30,29,607,103,0.149,2.1,75.78,0,790,N/A
2011,11,22,8,0,39,763,198,0.149,2.6,71.39,1,790,N/A
2011,11,22,8,30,45,852,292,0.149,3,66.46000000000001,3,790,N/A
2011,11,22,9,0,50,910,379,0.149,3.4000000000000004,53.81,5,790,N/A
2011,11,22,9,30,54,949,456,0.149,3.5,50.19,6,790,N/A
2011,11,22,10,0,56,975,520,0.149,3.6,39.97,7,790,N/A
2011,11,22,10,30,58,993,570,0.149,3.5,39.97,8,790,N/A
2011,11,22,11,0,54,1014,605,0.149,3.5,35.37,9,790,N/A
2011,11,22,11,30,55,1019,624,0.149,3.5,35.36,9,790,N/A
2011,11,22,12,0,55,1019,626,0.149,3.5,32.22,10,790,N/A
2011,11,22,12,30,55,1014,612,0.149,3.5,32.22,10,790,N/A
2011,11,22,13,0,54,1002,581,0.149,3.5,29.88,10,790,N/A
2011,11,22,13,30,53,986,536,0.149,3.5,29.88,10,790,N/A
2011,11,22,14,0,54,955,475,0.149,3.6,29.93,10,790,N/A
2011,11,22,14,30,50,920,402,0.149,3.5,32.01,9,790,N/A
2011,11,22,15,0,46,869,318,0.149,3.5,32.8,9,790,N/A
2011,11,22,15,30,40,793,227,0.149,2.6,37.57,7,790,N/A
2011,11,22,16,0,31,669,132,0.149,1.8,44.83,6,790,N/A
2011,11,22,16,30,18,435,44,0.149,1.6,55.29,4,790,N/A
2011,11,22,17,0,0,0,0,0.149,1.4000000000000001,63.370000000000005,2,790,N/A
2011,11,22,17,30,0,0,0,0.149,1.4000000000000001,68.13,1,790,N/A
2011,11,22,18,0,0,0,0,0.149,1.4000000000000001,67.07000000000001,1,790,N/A
2011,11,22,18,30,0,0,0,0.149,1.4000000000000001,67.08,0,790,N/A
2011,11,22,19,0,0,0,0,0.149,1.4000000000000001,66.52,0,790,N/A
2011,11,22,19,30,0,0,0,0.149,1.4000000000000001,66.53,0,790,N/A
2011,11,22,20,0,0,0,0,0.149,1.4000000000000001,66.41,0,790,N/A
2011,11,22,20,30,0,0,0,0.149,1.4000000000000001,66.42,0,790,N/A
2011,11,22,21,0,0,0,0,0.149,1.4000000000000001,71.45,-1,790,N/A
2011,11,22,21,30,0,0,0,0.149,1.4000000000000001,71.45,-1,790,N/A
2011,11,22,22,0,0,0,0,0.149,1.5,71.48,-1,790,N/A
2011,11,22,22,30,0,0,0,0.149,1.5,71.48,-1,790,N/A
2011,11,22,23,0,0,0,0,0.149,1.6,71.32000000000001,-1,790,N/A
2011,11,22,23,30,0,0,0,0.149,1.6,71.31,-1,790,N/A
2011,11,23,0,0,0,0,0,0.149,1.7000000000000002,76.32000000000001,-1,790,N/A
2011,11,23,0,30,0,0,0,0.149,1.7000000000000002,76.32000000000001,-1,790,N/A
2011,11,23,1,0,0,0,0,0.149,1.7000000000000002,75.63,-1,790,N/A
2011,11,23,1,30,0,0,0,0.149,1.7000000000000002,75.62,-1,790,N/A
2011,11,23,2,0,0,0,0,0.149,1.7000000000000002,74.38,-2,790,N/A
2011,11,23,2,30,0,0,0,0.149,1.7000000000000002,74.37,-2,790,N/A
2011,11,23,3,0,0,0,0,0.149,1.7000000000000002,72.39,-2,790,N/A
2011,11,23,3,30,0,0,0,0.149,1.7000000000000002,72.38,-2,790,N/A
2011,11,23,4,0,0,0,0,0.149,1.7000000000000002,69.72,-2,790,N/A
2011,11,23,4,30,0,0,0,0.149,1.6,69.73,-2,790,N/A
2011,11,23,5,0,0,0,0,0.149,1.6,66.55,-2,790,N/A
2011,11,23,5,30,0,0,0,0.149,1.5,61.84,-1,790,N/A
2011,11,23,6,0,0,0,0,0.149,1.5,58.61,-1,790,N/A
2011,11,23,6,30,0,0,0,0.149,1.4000000000000001,54.5,0,790,N/A
2011,11,23,7,0,12,324,20,0.149,1.4000000000000001,54.63,0,790,N/A
2011,11,23,7,30,27,638,103,0.149,1.5,47.32,2,790,N/A
2011,11,23,8,0,37,791,200,0.149,1.7000000000000002,46.62,5,790,N/A
2011,11,23,8,30,43,879,295,0.149,1.6,40.62,7,790,N/A
2011,11,23,9,0,48,935,383,0.149,1.6,27.990000000000002,9,790,N/A
2011,11,23,9,30,52,973,461,0.149,0.9,24.490000000000002,11,790,N/A
2011,11,23,10,0,54,999,526,0.149,0.2,17.73,13,790,N/A
2011,11,23,10,30,56,1017,577,0.149,0.8,16.61,14,790,N/A
2011,11,23,11,0,64,1012,611,0.149,1.4000000000000001,14.790000000000001,15,790,N/A
2011,11,23,11,30,65,1018,630,0.149,1.6,14.790000000000001,15,790,N/A
2011,11,23,12,0,66,1017,633,0.149,1.9000000000000001,15.16,16,790,N/A
2011,11,23,12,30,65,1012,619,0.149,2,15.15,16,790,N/A
2011,11,23,13,0,64,1001,588,0.149,2.1,15.55,16,790,N/A
2011,11,23,13,30,62,985,542,0.149,2,15.55,15,790,N/A
2011,11,23,14,0,57,968,482,0.149,2,16.16,15,790,N/A
2011,11,23,14,30,54,933,408,0.149,1.9000000000000001,17.240000000000002,14,790,N/A
2011,11,23,15,0,49,883,324,0.149,1.8,22.66,14,790,N/A
2011,11,23,15,30,42,806,231,0.149,1.4000000000000001,27.61,11,790,N/A
2011,11,23,16,0,33,682,134,0.149,1,43.38,9,790,N/A
2011,11,23,16,30,19,439,44,0.149,1.1,49.74,7,790,N/A
2011,11,23,17,0,0,0,0,0.149,1.2000000000000002,43.54,5,790,N/A
2011,11,23,17,30,0,0,0,0.149,1,46.7,4,790,N/A
2011,11,23,18,0,0,0,0,0.149,0.9,44.56,4,790,N/A
2011,11,23,18,30,0,0,0,0.149,0.7000000000000001,47.81,4,790,N/A
2011,11,23,19,0,0,0,0,0.149,0.5,46.09,4,790,N/A
2011,11,23,19,30,0,0,0,0.149,0.30000000000000004,46.08,3,790,N/A
2011,11,23,20,0,0,0,0,0.149,0.1,44.24,3,790,N/A
2011,11,23,20,30,0,0,0,0.149,0.2,44.230000000000004,3,790,N/A
2011,11,23,21,0,0,0,0,0.149,0.30000000000000004,42.910000000000004,3,790,N/A
2011,11,23,21,30,0,0,0,0.149,0.30000000000000004,46.06,2,790,N/A
2011,11,23,22,0,0,0,0,0.149,0.4,45.04,2,790,N/A
2011,11,23,22,30,0,0,0,0.149,0.30000000000000004,48.370000000000005,2,790,N/A
2011,11,23,23,0,0,0,0,0.149,0.30000000000000004,47.67,2,790,N/A
2011,11,23,23,30,0,0,0,0.149,0.2,47.660000000000004,1,790,N/A
2011,11,24,0,0,0,0,0,0.149,0.1,47.2,1,790,N/A
2011,11,24,0,30,0,0,0,0.149,0.1,50.72,1,780,N/A
2011,11,24,1,0,0,0,0,0.149,0.2,50.45,1,780,N/A
2011,11,24,1,30,0,0,0,0.149,0.2,50.44,0,780,N/A
2011,11,24,2,0,0,0,0,0.149,0.30000000000000004,50.230000000000004,0,780,N/A
2011,11,24,2,30,0,0,0,0.149,0.4,50.22,0,780,N/A
2011,11,24,3,0,0,0,0,0.149,0.5,50.29,0,780,N/A
2011,11,24,3,30,0,0,0,0.149,0.6000000000000001,50.28,0,780,N/A
2011,11,24,4,0,0,0,0,0.149,0.7000000000000001,50.72,0,780,N/A
2011,11,24,4,30,0,0,0,0.149,0.7000000000000001,50.72,0,780,N/A
2011,11,24,5,0,0,0,0,0.149,0.8,51.6,0,780,N/A
2011,11,24,5,30,0,0,0,0.149,0.8,51.6,0,780,N/A
2011,11,24,6,0,0,0,0,0.149,0.8,52.370000000000005,0,780,N/A
2011,11,24,6,30,0,0,0,0.149,0.8,52.370000000000005,0,780,N/A
2011,11,24,7,0,12,268,18,0.149,0.8,55.370000000000005,0,780,N/A
2011,11,24,7,30,29,591,97,0.149,0.8,47.96,2,780,N/A
2011,11,24,8,0,40,751,192,0.149,0.8,46.75,5,780,N/A
2011,11,24,8,30,47,841,285,0.149,1.3,43.59,6,780,N/A
2011,11,24,9,0,52,900,371,0.149,1.8,34.28,8,780,N/A
2011,11,24,9,30,56,937,447,0.149,2.1,32.02,9,780,N/A
2011,11,24,10,0,58,963,510,0.149,2.5,26.92,10,780,N/A
2011,11,24,10,30,60,978,558,0.149,2.8000000000000003,25.18,11,780,N/A
2011,11,24,11,0,59,990,591,0.149,3.2,22.54,12,780,N/A
2011,11,24,11,30,60,994,609,0.149,3.3000000000000003,22.52,12,780,N/A
2011,11,24,12,0,61,992,611,0.149,3.5,20.86,13,780,N/A
2011,11,24,12,30,60,989,598,0.149,3.3000000000000003,20.84,13,780,N/A
2011,11,24,13,0,59,980,570,0.149,3.2,21.2,13,780,N/A
2011,11,24,13,30,126,679,455,0.149,2.9000000000000004,21.19,13,780,N/A
2011,11,24,14,0,60,925,464,0.149,2.7,21.62,13,780,N/A
2011,11,24,14,30,56,885,391,0.149,1.9000000000000001,23.09,12,780,N/A
2011,11,24,15,0,55,808,305,0.149,1.2000000000000002,29,11,780,N/A
2011,11,24,15,30,47,721,215,0.149,0.8,33.15,9,780,N/A
2011,11,24,16,0,55,99,70,0.149,0.4,44.29,7,780,N/A
2011,11,24,16,30,20,40,22,0.149,0.5,47.44,6,780,N/A
2011,11,24,17,0,0,0,0,0.15,0.6000000000000001,48.9,5,780,N/A
2011,11,24,17,30,0,0,0,0.15,0.7000000000000001,52.43,4,780,N/A
2011,11,24,18,0,0,0,0,0.15,0.9,50.54,4,780,N/A
2011,11,24,18,30,0,0,0,0.15,0.9,54.22,3,780,N/A
2011,11,24,19,0,0,0,0,0.15,1,54.910000000000004,3,780,N/A
2011,11,24,19,30,0,0,0,0.15,1,54.910000000000004,3,780,N/A
2011,11,24,20,0,0,0,0,0.15,1.1,59.17,3,780,N/A
2011,11,24,20,30,0,0,0,0.15,0.8,59.17,3,780,N/A
2011,11,24,21,0,0,0,0,0.15,0.6000000000000001,75.51,3,780,N/A
2011,11,24,21,30,0,0,0,0.15,0.5,81.02,3,780,N/A
2011,11,24,22,0,0,0,0,0.15,0.4,96.22,3,780,N/A
2011,11,24,22,30,0,0,0,0.15,0.5,96.18,3,780,N/A
2011,11,24,23,0,0,0,0,0.15,0.6000000000000001,97.14,3,780,N/A
2011,11,24,23,30,0,0,0,0.15,0.7000000000000001,97.09,3,780,N/A
2011,11,25,0,0,0,0,0,0.15,0.8,100,3,780,N/A
2011,11,25,0,30,0,0,0,0.15,0.8,100,3,780,N/A
2011,11,25,1,0,0,0,0,0.15,0.8,100,3,780,N/A
2011,11,25,1,30,0,0,0,0.15,0.8,100,3,780,N/A
2011,11,25,2,0,0,0,0,0.15,0.8,100,3,780,N/A
2011,11,25,2,30,0,0,0,0.15,0.9,100,3,780,N/A
2011,11,25,3,0,0,0,0,0.15,1.1,100,3,780,N/A
2011,11,25,3,30,0,0,0,0.15,1.1,100,3,780,N/A
2011,11,25,4,0,0,0,0,0.15,1.2000000000000002,100,4,780,N/A
2011,11,25,4,30,0,0,0,0.15,1.1,100,3,780,N/A
2011,11,25,5,0,0,0,0,0.15,1,100,3,780,N/A
2011,11,25,5,30,0,0,0,0.15,0.9,100,3,780,N/A
2011,11,25,6,0,0,0,0,0.15,0.9,100,3,780,N/A
2011,11,25,6,30,0,0,0,0.15,0.9,100,3,780,N/A
2011,11,25,7,0,2,0,2,0.15,0.9,100,3,780,N/A
2011,11,25,7,30,14,0,14,0.15,1.4000000000000001,100,3,780,N/A
2011,11,25,8,0,29,0,29,0.15,1.9000000000000001,98.26,3,780,N/A
2011,11,25,8,30,103,15,107,0.15,2.4000000000000004,98.25,3,780,N/A
2011,11,25,9,0,15,0,15,0.15,2.9000000000000004,97.55,4,780,N/A
2011,11,25,9,30,16,0,16,0.15,3.4000000000000004,97.52,4,780,N/A
2011,11,25,10,0,19,0,19,0.15,3.9000000000000004,88.60000000000001,5,780,N/A
2011,11,25,10,30,183,16,191,0.15,4.3,88.58,5,780,N/A
2011,11,25,11,0,221,35,240,0.15,4.7,76.74,5,780,N/A
2011,11,25,11,30,98,873,578,0.15,4.800000000000001,76.7,5,780,N/A
2011,11,25,12,0,269,224,393,0.15,5,65.67,6,780,N/A
2011,11,25,12,30,265,222,385,0.15,5.1000000000000005,65.66,6,770,N/A
2011,11,25,13,0,183,14,190,0.15,5.2,59.95,7,770,N/A
2011,11,25,13,30,169,12,175,0.15,5.2,59.93,7,770,N/A
2011,11,25,14,0,174,407,351,0.15,5.300000000000001,50.75,7,770,N/A
2011,11,25,14,30,139,419,297,0.15,5.1000000000000005,50.75,7,770,N/A
2011,11,25,15,0,112,403,236,0.15,5.1000000000000005,46.78,7,770,N/A
2011,11,25,15,30,80,373,166,0.15,4.5,50.11,6,770,N/A
2011,11,25,16,0,35,603,123,0.15,3.9000000000000004,50.84,6,770,N/A
2011,11,25,16,30,19,348,38,0.15,3.7,54.54,4,780,N/A
2011,11,25,17,0,0,0,0,0.15,3.6,53.77,3,780,N/A
2011,11,25,17,30,0,0,0,0.15,3.9000000000000004,57.77,2,780,N/A
2011,11,25,18,0,0,0,0,0.15,4.3,54.54,2,780,N/A
2011,11,25,18,30,0,0,0,0.15,3.8000000000000003,58.620000000000005,1,780,N/A
2011,11,25,19,0,0,0,0,0.15,3.4000000000000004,57.76,1,780,N/A
2011,11,25,19,30,0,0,0,0.15,2.9000000000000004,62.11,0,780,N/A
2011,11,25,20,0,0,0,0,0.15,2.5,62.14,0,780,N/A
2011,11,25,20,30,0,0,0,0.15,2.3000000000000003,62.15,0,780,N/A
2011,11,25,21,0,0,0,0,0.15,2.2,62.95,0,780,N/A
2011,11,25,21,30,0,0,0,0.15,2.1,62.95,0,780,N/A
2011,11,25,22,0,0,0,0,0.15,2.1,69.5,-1,780,N/A
2011,11,25,22,30,0,0,0,0.15,2,69.51,-1,780,N/A
2011,11,25,23,0,0,0,0,0.15,2,76.37,-1,780,N/A
2011,11,25,23,30,0,0,0,0.15,2,76.39,-1,780,N/A
2011,11,26,0,0,0,0,0,0.15,2.1,76.37,-2,780,N/A
2011,11,26,0,30,0,0,0,0.15,2.1,76.4,-2,780,N/A
2011,11,26,1,0,0,0,0,0.15,2.1,80.29,-3,780,N/A
2011,11,26,1,30,0,0,0,0.15,2.1,80.33,-3,780,N/A
2011,11,26,2,0,0,0,0,0.15,2.1,76.22,-3,780,N/A
2011,11,26,2,30,0,0,0,0.15,2.1,76.26,-3,780,N/A
2011,11,26,3,0,0,0,0,0.15,2.2,75.71000000000001,-4,780,N/A
2011,11,26,3,30,0,0,0,0.15,2.2,75.76,-4,780,N/A
2011,11,26,4,0,0,0,0,0.15,2.2,68.85000000000001,-4,780,N/A
2011,11,26,4,30,0,0,0,0.15,2,68.89,-4,780,N/A
2011,11,26,5,0,0,0,0,0.15,1.9000000000000001,62.61,-4,780,N/A
2011,11,26,5,30,0,0,0,0.15,1.7000000000000002,62.65,-4,780,N/A
2011,11,26,6,0,0,0,0,0.15,1.6,62.38,-4,780,N/A
2011,11,26,6,30,0,0,0,0.15,1.5,57.89,-4,790,N/A
2011,11,26,7,0,0,0,0,0.15,1.5,55.34,-4,790,N/A
2011,11,26,7,30,26,631,95,0.15,2.2,47.72,-2,790,N/A
2011,11,26,8,0,37,791,192,0.15,2.9000000000000004,41.01,0,790,N/A
2011,11,26,8,30,43,883,287,0.15,3.3000000000000003,38.14,0,790,N/A
2011,11,26,9,0,48,941,376,0.15,3.7,33.74,0,790,N/A
2011,11,26,9,30,52,980,454,0.15,3.7,33.75,1,790,N/A
2011,11,26,10,0,54,1008,520,0.15,3.8000000000000003,29.18,2,790,N/A
2011,11,26,10,30,56,1026,572,0.15,3.8000000000000003,27.17,2,790,N/A
2011,11,26,11,0,56,1040,609,0.15,3.9000000000000004,23.96,3,790,N/A
2011,11,26,11,30,57,1047,629,0.15,3.9000000000000004,23.96,3,790,N/A
2011,11,26,12,0,56,1051,633,0.15,4,21.16,4,790,N/A
2011,11,26,12,30,55,1048,620,0.15,4,21.16,4,790,N/A
2011,11,26,13,0,53,1041,590,0.15,4,20.23,4,790,N/A
2011,11,26,13,30,52,1027,545,0.15,3.9000000000000004,20.23,4,790,N/A
2011,11,26,14,0,53,995,484,0.15,3.8000000000000003,19.650000000000002,4,790,N/A
2011,11,26,14,30,50,962,410,0.15,3.5,21.080000000000002,4,790,N/A
2011,11,26,15,0,46,913,325,0.15,3.3000000000000003,21.28,4,790,N/A
2011,11,26,15,30,40,837,231,0.15,2.3000000000000003,24.54,2,790,N/A
2011,11,26,16,0,31,713,134,0.15,1.4000000000000001,33.3,0,790,N/A
2011,11,26,16,30,18,465,43,0.15,1.3,35.83,-1,790,N/A
2011,11,26,17,0,0,0,0,0.15,1.3,40.730000000000004,-3,790,N/A
2011,11,26,17,30,0,0,0,0.15,1.2000000000000002,40.75,-3,790,N/A
2011,11,26,18,0,0,0,0,0.15,1.2000000000000002,39.230000000000004,-3,790,N/A
2011,11,26,18,30,0,0,0,0.15,1.1,39.24,-3,790,N/A
2011,11,26,19,0,0,0,0,0.15,1.1,41.15,-3,790,N/A
2011,11,26,19,30,0,0,0,0.15,1.1,41.160000000000004,-3,790,N/A
2011,11,26,20,0,0,0,0,0.15,1.1,41.550000000000004,-4,790,N/A
2011,11,26,20,30,0,0,0,0.15,1.1,41.56,-4,790,N/A
2011,11,26,21,0,0,0,0,0.15,1.1,42.300000000000004,-4,790,N/A
2011,11,26,21,30,0,0,0,0.15,1,42.300000000000004,-4,790,N/A
2011,11,26,22,0,0,0,0,0.15,1,43.44,-4,790,N/A
2011,11,26,22,30,0,0,0,0.15,1,43.44,-4,790,N/A
2011,11,26,23,0,0,0,0,0.15,1,48.15,-4,790,N/A
2011,11,26,23,30,0,0,0,0.15,1,48.14,-4,790,N/A
2011,11,27,0,0,0,0,0,0.15,1,49.35,-5,790,N/A
2011,11,27,0,30,0,0,0,0.15,1,49.35,-5,790,N/A
2011,11,27,1,0,0,0,0,0.15,1,50.11,-5,790,N/A
2011,11,27,1,30,0,0,0,0.15,1,50.11,-5,790,N/A
2011,11,27,2,0,0,0,0,0.15,1.1,50.300000000000004,-5,790,N/A
2011,11,27,2,30,0,0,0,0.15,1.1,50.28,-5,790,N/A
2011,11,27,3,0,0,0,0,0.15,1.1,50.17,-5,790,N/A
2011,11,27,3,30,0,0,0,0.15,1.1,50.17,-5,790,N/A
2011,11,27,4,0,0,0,0,0.15,1.2000000000000002,49.86,-5,790,N/A
2011,11,27,4,30,0,0,0,0.15,1.2000000000000002,49.86,-4,790,N/A
2011,11,27,5,0,0,0,0,0.15,1.2000000000000002,49.300000000000004,-4,790,N/A
2011,11,27,5,30,0,0,0,0.15,1.2000000000000002,45.730000000000004,-4,790,N/A
2011,11,27,6,0,0,0,0,0.15,1.2000000000000002,45.37,-4,790,N/A
2011,11,27,6,30,0,0,0,0.15,1.2000000000000002,42.11,-3,790,N/A
2011,11,27,7,0,0,0,0,0.15,1.3,43.32,-3,790,N/A
2011,11,27,7,30,25,624,91,0.15,1.8,37.39,-1,790,N/A
2011,11,27,8,0,34,785,186,0.15,2.3000000000000003,32.24,0,790,N/A
2011,11,27,8,30,40,875,280,0.15,2.2,29.990000000000002,1,790,N/A
2011,11,27,9,0,45,931,366,0.15,2.1,27.91,3,790,N/A
2011,11,27,9,30,48,968,443,0.15,2.3000000000000003,26.01,5,790,N/A
2011,11,27,10,0,51,992,507,0.15,2.6,23.95,7,790,N/A
2011,11,27,10,30,53,1008,556,0.15,2.6,22.35,7,790,N/A
2011,11,27,11,0,59,1007,591,0.15,2.7,22.31,8,790,N/A
2011,11,27,11,30,59,1012,609,0.15,2.7,22.29,9,790,N/A
2011,11,27,12,0,59,1012,612,0.15,2.7,21.89,10,790,N/A
2011,11,27,12,30,58,1006,598,0.15,2.8000000000000003,21.87,10,790,N/A
2011,11,27,13,0,56,996,568,0.15,2.9000000000000004,21.38,10,790,N/A
2011,11,27,13,30,55,979,523,0.15,2.9000000000000004,21.37,10,790,N/A
2011,11,27,14,0,49,963,463,0.15,2.9000000000000004,22.68,10,790,N/A
2011,11,27,14,30,46,928,392,0.15,2.5,24.25,9,790,N/A
2011,11,27,15,0,41,879,309,0.15,2.2,31.25,9,790,N/A
2011,11,27,15,30,36,802,219,0.15,1.7000000000000002,38.410000000000004,6,790,N/A
2011,11,27,16,0,28,676,125,0.15,1.2000000000000002,49.76,3,790,N/A
2011,11,27,16,30,16,437,39,0.15,1.3,57.4,1,790,N/A
2011,11,27,17,0,0,0,0,0.15,1.5,51.870000000000005,0,790,N/A
2011,11,27,17,30,0,0,0,0.15,1.5,51.88,0,790,N/A
2011,11,27,18,0,0,0,0,0.15,1.5,54.410000000000004,0,790,N/A
2011,11,27,18,30,0,0,0,0.15,1.5,54.410000000000004,0,790,N/A
2011,11,27,19,0,0,0,0,0.15,1.5,53.1,-1,790,N/A
2011,11,27,19,30,0,0,0,0.15,1.5,53.08,-1,790,N/A
2011,11,27,20,0,0,0,0,0.15,1.5,52.480000000000004,-1,790,N/A
2011,11,27,20,30,0,0,0,0.15,1.5,52.47,-1,790,N/A
2011,11,27,21,0,0,0,0,0.15,1.5,52.730000000000004,-1,790,N/A
2011,11,27,21,30,0,0,0,0.15,1.5,52.72,-1,790,N/A
2011,11,27,22,0,0,0,0,0.15,1.5,53.18,-1,790,N/A
2011,11,27,22,30,0,0,0,0.15,1.5,53.160000000000004,-1,790,N/A
2011,11,27,23,0,0,0,0,0.15,1.6,57.35,-1,790,N/A
2011,11,27,23,30,0,0,0,0.15,1.6,57.33,-1,790,N/A
2011,11,28,0,0,0,0,0,0.15,1.6,56.99,-1,790,N/A
2011,11,28,0,30,0,0,0,0.15,1.6,52.95,-1,790,N/A
2011,11,28,1,0,0,0,0,0.15,1.7000000000000002,52.45,-1,790,N/A
2011,11,28,1,30,0,0,0,0.15,1.7000000000000002,52.45,-1,790,N/A
2011,11,28,2,0,0,0,0,0.15,1.7000000000000002,51.94,-1,790,N/A
2011,11,28,2,30,0,0,0,0.15,1.8,51.93,-1,790,N/A
2011,11,28,3,0,0,0,0,0.15,1.9000000000000001,51.51,-1,790,N/A
2011,11,28,3,30,0,0,0,0.15,1.9000000000000001,51.51,-1,790,N/A
2011,11,28,4,0,0,0,0,0.15,2,51.21,-1,790,N/A
2011,11,28,4,30,0,0,0,0.15,2,51.21,-1,790,N/A
2011,11,28,5,0,0,0,0,0.15,2,51.160000000000004,-1,790,N/A
2011,11,28,5,30,0,0,0,0.15,2,51.15,-1,790,N/A
2011,11,28,6,0,0,0,0,0.15,2,51.22,-1,790,N/A
2011,11,28,6,30,0,0,0,0.15,2.3000000000000003,47.62,0,790,N/A
2011,11,28,7,0,0,0,0,0.15,2.6,48.33,0,790,N/A
2011,11,28,7,30,24,587,84,0.15,2.9000000000000004,44.97,1,790,N/A
2011,11,28,8,0,34,752,177,0.15,3.2,42.81,3,790,N/A
2011,11,28,8,30,40,848,269,0.15,3,37.17,4,790,N/A
2011,11,28,9,0,45,909,356,0.15,2.9000000000000004,34.97,6,790,N/A
2011,11,28,9,30,48,951,433,0.15,3.3000000000000003,32.64,8,790,N/A
2011,11,28,10,0,51,979,498,0.15,3.7,29.580000000000002,10,790,N/A
2011,11,28,10,30,53,999,550,0.15,3.8000000000000003,27.650000000000002,11,790,N/A
2011,11,28,11,0,201,478,452,0.15,3.9000000000000004,23.900000000000002,13,790,N/A
2011,11,28,11,30,261,229,385,0.15,3.9000000000000004,22.38,13,790,N/A
2011,11,28,12,0,175,598,500,0.15,4,20.1,14,780,N/A
2011,11,28,12,30,226,404,442,0.15,3.9000000000000004,20.1,14,780,N/A
2011,11,28,13,0,174,543,452,0.15,3.9000000000000004,19.86,15,780,N/A
2011,11,28,13,30,161,532,414,0.15,3.6,21.19,14,780,N/A
2011,11,28,14,0,170,396,340,0.15,3.4000000000000004,23.400000000000002,14,780,N/A
2011,11,28,14,30,127,471,302,0.15,2.6,24.990000000000002,12,780,N/A
2011,11,28,15,0,95,485,241,0.15,1.9000000000000001,31.990000000000002,11,780,N/A
2011,11,28,15,30,91,131,121,0.15,1.6,39.12,8,780,N/A
2011,11,28,16,0,39,443,102,0.15,1.4000000000000001,45,6,780,N/A
2011,11,28,16,30,19,365,37,0.15,1.4000000000000001,51.72,4,780,N/A
2011,11,28,17,0,0,0,0,0.15,1.5,52.53,3,780,N/A
2011,11,28,17,30,0,0,0,0.15,1.6,56.44,2,780,N/A
2011,11,28,18,0,0,0,0,0.15,1.7000000000000002,54.36,2,790,N/A
2011,11,28,18,30,0,0,0,0.15,1.7000000000000002,58.44,1,790,N/A
2011,11,28,19,0,0,0,0,0.15,1.8,56.42,1,790,N/A
2011,11,28,19,30,0,0,0,0.15,1.8,56.42,0,790,N/A
2011,11,28,20,0,0,0,0,0.15,1.8,55.25,0,790,N/A
2011,11,28,20,30,0,0,0,0.15,1.8,55.25,0,790,N/A
2011,11,28,21,0,0,0,0,0.15,1.8,55.68,0,790,N/A
2011,11,28,21,30,0,0,0,0.15,1.8,55.69,0,790,N/A
2011,11,28,22,0,0,0,0,0.15,1.8,57.54,1,790,N/A
2011,11,28,22,30,0,0,0,0.15,1.9000000000000001,57.54,1,790,N/A
2011,11,28,23,0,0,0,0,0.15,2.1,56.6,1,790,N/A
2011,11,28,23,30,0,0,0,0.15,2,60.84,1,790,N/A
2011,11,29,0,0,0,0,0,0.15,1.9000000000000001,65.18,1,790,N/A
2011,11,29,0,30,0,0,0,0.15,1.8,65.18,0,790,N/A
2011,11,29,1,0,0,0,0,0.15,1.8,67.12,0,790,N/A
2011,11,29,1,30,0,0,0,0.15,1.7000000000000002,67.12,0,790,N/A
2011,11,29,2,0,0,0,0,0.15,1.6,67.92,0,790,N/A
2011,11,29,2,30,0,0,0,0.15,1.5,67.91,0,790,N/A
2011,11,29,3,0,0,0,0,0.15,1.4000000000000001,68.06,0,790,N/A
2011,11,29,3,30,0,0,0,0.15,1.3,68.06,0,790,N/A
2011,11,29,4,0,0,0,0,0.15,1.3,67.92,0,790,N/A
2011,11,29,4,30,0,0,0,0.15,1.2000000000000002,67.93,0,790,N/A
2011,11,29,5,0,0,0,0,0.15,1.2000000000000002,67.67,0,790,N/A
2011,11,29,5,30,0,0,0,0.15,1.2000000000000002,67.68,0,790,N/A
2011,11,29,6,0,0,0,0,0.15,1.2000000000000002,67.34,0,790,N/A
2011,11,29,6,30,0,0,0,0.15,1.2000000000000002,67.34,0,790,N/A
2011,11,29,7,0,0,0,0,0.15,1.2000000000000002,67.91,0,790,N/A
2011,11,29,7,30,34,14,36,0.15,1.5,63.190000000000005,1,790,N/A
2011,11,29,8,0,71,40,78,0.15,1.9000000000000001,60.58,2,790,N/A
2011,11,29,8,30,48,795,261,0.15,2.2,56.43,3,790,N/A
2011,11,29,9,0,52,870,347,0.15,2.5,49.07,4,790,N/A
2011,11,29,9,30,57,913,423,0.15,2.1,45.77,5,790,N/A
2011,11,29,10,0,157,512,389,0.15,1.8,38.06,7,790,N/A
2011,11,29,10,30,61,964,537,0.15,1.5,35.54,8,790,N/A
2011,11,29,11,0,59,984,573,0.15,1.2000000000000002,32,9,790,N/A
2011,11,29,11,30,59,991,593,0.15,1.4000000000000001,31.98,10,790,N/A
2011,11,29,12,0,59,993,597,0.15,1.6,29.45,11,790,N/A
2011,11,29,12,30,58,990,585,0.15,1.7000000000000002,29.43,11,790,N/A
2011,11,29,13,0,57,982,557,0.15,1.9000000000000001,27.27,12,790,N/A
2011,11,29,13,30,56,968,514,0.15,1.9000000000000001,27.26,12,790,N/A
2011,11,29,14,0,53,946,457,0.15,1.9000000000000001,26.93,12,790,N/A
2011,11,29,14,30,50,913,387,0.15,1.7000000000000002,28.78,11,790,N/A
2011,11,29,15,0,45,867,307,0.15,1.5,30.51,11,780,N/A
2011,11,29,15,30,39,791,217,0.15,1.2000000000000002,34.9,8,780,N/A
2011,11,29,16,0,30,667,124,0.15,0.9,48.300000000000004,6,780,N/A
2011,11,29,16,30,17,418,38,0.15,1,55.52,5,780,N/A
2011,11,29,17,0,0,0,0,0.15,1.2000000000000002,49.9,4,780,N/A
2011,11,29,17,30,0,0,0,0.15,1.2000000000000002,53.59,3,790,N/A
2011,11,29,18,0,0,0,0,0.15,1.3,51.34,3,790,N/A
2011,11,29,18,30,0,0,0,0.15,1.2000000000000002,51.34,2,790,N/A
2011,11,29,19,0,0,0,0,0.15,1.2000000000000002,49.370000000000005,2,790,N/A
2011,11,29,19,30,0,0,0,0.15,1.1,53.04,1,790,N/A
2011,11,29,20,0,0,0,0,0.15,1.1,51.33,1,790,N/A
2011,11,29,20,30,0,0,0,0.15,1,55.17,1,790,N/A
2011,11,29,21,0,0,0,0,0.15,1,53.81,1,790,N/A
2011,11,29,21,30,0,0,0,0.15,1,53.800000000000004,0,790,N/A
2011,11,29,22,0,0,0,0,0.15,1.1,52.800000000000004,0,790,N/A
2011,11,29,22,30,0,0,0,0.15,1.1,52.79,0,790,N/A
2011,11,29,23,0,0,0,0,0.15,1.2000000000000002,52.22,0,790,N/A
2011,11,29,23,30,0,0,0,0.15,1.2000000000000002,52.2,0,790,N/A
2011,11,30,0,0,0,0,0,0.15,1.3,55.57,0,780,N/A
2011,11,30,0,30,0,0,0,0.15,1.3,55.550000000000004,0,780,N/A
2011,11,30,1,0,0,0,0,0.15,1.3,55.03,-1,780,N/A
2011,11,30,1,30,0,0,0,0.15,1.2000000000000002,55.01,-1,780,N/A
2011,11,30,2,0,0,0,0,0.15,1.2000000000000002,54.44,-1,780,N/A
2011,11,30,2,30,0,0,0,0.15,1.1,54.42,0,780,N/A
2011,11,30,3,0,0,0,0,0.15,1.1,53.89,0,780,N/A
2011,11,30,3,30,0,0,0,0.15,1,53.870000000000005,0,780,N/A
2011,11,30,4,0,0,0,0,0.15,1,53.44,-1,780,N/A
2011,11,30,4,30,0,0,0,0.15,1,53.43,-1,780,N/A
2011,11,30,5,0,0,0,0,0.15,1,53.2,-1,780,N/A
2011,11,30,5,30,0,0,0,0.15,1,53.2,-1,780,N/A
2011,11,30,6,0,0,0,0,0.15,1,53.2,-1,780,N/A
2011,11,30,6,30,0,0,0,0.15,1,49.45,0,780,N/A
2011,11,30,7,0,0,0,0,0.15,1,51.21,0,780,N/A
2011,11,30,7,30,24,597,82,0.15,1.1,47.63,1,780,N/A
2011,11,30,8,0,35,771,176,0.15,1.2000000000000002,47.15,3,780,N/A
2011,11,30,8,30,41,869,271,0.15,1.5,43.910000000000004,4,780,N/A
2011,11,30,9,0,46,931,359,0.15,1.9000000000000001,35.300000000000004,6,780,N/A
2011,11,30,9,30,50,972,437,0.15,2.4000000000000004,32.93,7,780,N/A
2011,11,30,10,0,53,1000,503,0.15,2.9000000000000004,27.02,8,780,N/A
2011,11,30,10,30,55,1019,555,0.15,3,27,9,780,N/A
2011,11,30,11,0,63,1012,590,0.15,3.2,24.18,10,780,N/A
2011,11,30,11,30,64,1019,610,0.15,3.3000000000000003,24.150000000000002,10,780,N/A
2011,11,30,12,0,64,1019,614,0.15,3.5,21.6,11,780,N/A
2011,11,30,12,30,64,1015,601,0.15,3.4000000000000004,21.580000000000002,11,780,N/A
2011,11,30,13,0,63,1005,572,0.15,3.4000000000000004,19.77,11,780,N/A
2011,11,30,13,30,61,988,527,0.15,3.3000000000000003,19.76,11,780,N/A
2011,11,30,14,0,56,970,468,0.15,3.2,19.98,11,780,N/A
2011,11,30,14,30,52,932,395,0.15,2.7,21.35,10,780,N/A
2011,11,30,15,0,48,877,311,0.15,2.3000000000000003,24.82,10,780,N/A
2011,11,30,15,30,41,792,219,0.15,1.6,28.43,7,780,N/A
2011,11,30,16,0,32,653,123,0.15,1,41.03,5,780,N/A
2011,11,30,16,30,17,391,37,0.15,1.1,47.2,3,780,N/A
2011,11,30,17,0,0,0,0,0.15,1.2000000000000002,48.57,1,780,N/A
2011,11,30,17,30,0,0,0,0.15,1.2000000000000002,52.2,1,780,N/A
2011,11,30,18,0,0,0,0,0.15,1.2000000000000002,51.120000000000005,1,780,N/A
2011,11,30,18,30,0,0,0,0.15,1.1,51.120000000000005,0,780,N/A
2011,11,30,19,0,0,0,0,0.15,1.1,50.46,0,780,N/A
2011,11,30,19,30,0,0,0,0.15,1.1,50.46,0,780,N/A
2011,11,30,20,0,0,0,0,0.15,1.1,50.18,0,780,N/A
2011,11,30,20,30,0,0,0,0.15,1,50.17,0,780,N/A
2011,11,30,21,0,0,0,0,0.15,1,54.43,0,780,N/A
2011,11,30,21,30,0,0,0,0.15,1,54.43,0,780,N/A
2011,11,30,22,0,0,0,0,0.15,1,55.82,-1,780,N/A
2011,11,30,22,30,0,0,0,0.15,1,55.81,-1,780,N/A
2011,11,30,23,0,0,0,0,0.15,1,55.29,-1,780,N/A
2011,11,30,23,30,0,0,0,0.15,1,55.28,-1,780,N/A
2011,12,1,0,0,0,0,0,0.15,1,54.69,-1,780,N/A
2011,12,1,0,30,0,0,0,0.15,1,54.69,-1,780,N/A
2011,12,1,1,0,0,0,0,0.15,1,53.95,-1,780,N/A
2011,12,1,1,30,0,0,0,0.15,1,50.17,0,780,N/A
2011,12,1,2,0,0,0,0,0.15,1.1,49.58,0,780,N/A
2011,12,1,2,30,0,0,0,0.15,1.2000000000000002,49.58,0,780,N/A
2011,12,1,3,0,0,0,0,0.15,1.3,52.800000000000004,-1,780,N/A
2011,12,1,3,30,0,0,0,0.15,1.4000000000000001,52.800000000000004,-1,780,N/A
2011,12,1,4,0,0,0,0,0.15,1.6,53.870000000000005,-1,780,N/A
2011,12,1,4,30,0,0,0,0.15,2.3000000000000003,53.89,0,780,N/A
2011,12,1,5,0,0,0,0,0.15,3.1,56.15,0,780,N/A
2011,12,1,5,30,0,0,0,0.15,4,56.17,0,780,N/A
2011,12,1,6,0,0,0,0,0.15,4.9,60.61,0,780,N/A
2011,12,1,6,30,0,0,0,0.15,5.2,60.64,0,780,N/A
2011,12,1,7,0,0,0,0,0.15,5.6000000000000005,62.22,-1,780,N/A
2011,12,1,7,30,28,452,71,0.15,6.1000000000000005,57.870000000000005,0,780,N/A
2011,12,1,8,0,42,649,160,0.15,6.7,57.6,0,780,N/A
2011,12,1,8,30,52,763,251,0.15,7,53.6,1,780,N/A
2011,12,1,9,0,58,842,338,0.15,7.4,48.730000000000004,2,780,N/A
2011,12,1,9,30,63,889,415,0.15,7.7,45.4,3,780,N/A
2011,12,1,10,0,66,925,480,0.15,8.1,41.56,4,780,N/A
2011,12,1,10,30,69,946,531,0.15,8.200000000000001,41.56,4,780,N/A
2011,12,1,11,0,69,962,567,0.15,8.3,39.02,5,780,N/A
2011,12,1,11,30,70,969,587,0.15,8.3,39.02,5,780,N/A
2011,12,1,12,0,71,970,591,0.15,8.3,39.69,5,780,N/A
2011,12,1,12,30,70,965,579,0.15,8.200000000000001,39.69,5,780,N/A
2011,12,1,13,0,70,950,550,0.15,8.200000000000001,40.34,5,780,N/A
2011,12,1,13,30,68,931,506,0.15,8.1,43.27,4,780,N/A
2011,12,1,14,0,66,899,447,0.15,8.1,43.5,4,780,N/A
2011,12,1,14,30,62,859,376,0.15,8,46.69,3,780,N/A
2011,12,1,15,0,59,783,293,0.15,8,49.96,3,780,N/A
2011,12,1,15,30,50,692,205,0.15,7.9,53.7,1,780,N/A
2011,12,1,16,0,40,521,113,0.15,7.800000000000001,57.120000000000005,0,780,N/A
2011,12,1,16,30,20,253,33,0.15,7.6000000000000005,57.160000000000004,0,780,N/A
2011,12,1,17,0,0,0,0,0.15,7.5,60.32,-1,780,N/A
2011,12,1,17,30,0,0,0,0.15,7.7,64.95,-1,780,N/A
2011,12,1,18,0,0,0,0,0.15,7.9,67.22,-2,780,N/A
2011,12,1,18,30,0,0,0,0.15,7.800000000000001,67.23,-3,780,N/A
2011,12,1,19,0,0,0,0,0.15,7.7,68.7,-4,780,N/A
2011,12,1,19,30,0,0,0,0.15,7.300000000000001,68.71000000000001,-4,780,N/A
2011,12,1,20,0,0,0,0,0.15,6.9,70.72,-5,780,N/A
2011,12,1,20,30,0,0,0,0.15,6.5,70.73,-5,780,N/A
2011,12,1,21,0,0,0,0,0.15,6.1000000000000005,68.3,-5,780,N/A
2011,12,1,21,30,0,0,0,0.15,5.9,68.3,-5,780,N/A
2011,12,1,22,0,0,0,0,0.15,5.7,71.61,-5,780,N/A
2011,12,1,22,30,0,0,0,0.15,5.5,71.60000000000001,-5,780,N/A
2011,12,1,23,0,0,0,0,0.15,5.4,69.98,-6,780,N/A
2011,12,1,23,30,0,0,0,0.15,5.300000000000001,69.96000000000001,-6,780,N/A
2011,12,2,0,0,0,0,0,0.15,5.2,68.72,-6,780,N/A
2011,12,2,0,30,0,0,0,0.15,5,68.7,-6,780,N/A
2011,12,2,1,0,0,0,0,0.15,4.9,73.44,-6,780,N/A
2011,12,2,1,30,0,0,0,0.15,4.6000000000000005,68,-6,780,N/A
2011,12,2,2,0,0,0,0,0.15,4.3,68.05,-6,780,N/A
2011,12,2,2,30,0,0,0,0.15,4,68.03,-6,780,N/A
2011,12,2,3,0,0,0,0,0.15,3.8000000000000003,68.73,-6,780,N/A
2011,12,2,3,30,0,0,0,0.15,3.6,68.71000000000001,-6,780,N/A
2011,12,2,4,0,0,0,0,0.15,3.5,69.68,-6,780,N/A
2011,12,2,4,30,0,0,0,0.15,3.5,69.66,-6,780,N/A
2011,12,2,5,0,0,0,0,0.15,3.5,70.89,-6,780,N/A
2011,12,2,5,30,0,0,0,0.15,3.4000000000000004,70.87,-6,780,N/A
2011,12,2,6,0,0,0,0,0.15,3.3000000000000003,72.38,-6,780,N/A
2011,12,2,6,30,0,0,0,0.15,3.3000000000000003,72.37,-5,780,N/A
2011,12,2,7,0,0,0,0,0.15,3.3000000000000003,74.26,-5,780,N/A
2011,12,2,7,30,4,0,4,0.15,3.6,68.82000000000001,-4,780,N/A
2011,12,2,8,0,11,0,11,0.15,3.9000000000000004,67.94,-4,780,N/A
2011,12,2,8,30,8,0,8,0.15,3.8000000000000003,63.04,-2,780,N/A
2011,12,2,9,0,101,0,101,0.15,3.7,63.06,-1,780,N/A
2011,12,2,9,30,135,7,139,0.15,3.6,58.58,0,780,N/A
2011,12,2,10,0,206,121,260,0.15,3.5,57.78,0,780,N/A
2011,12,2,10,30,230,128,293,0.15,3.4000000000000004,53.72,1,780,N/A
2011,12,2,11,0,186,16,195,0.15,3.3000000000000003,52.44,2,780,N/A
2011,12,2,11,30,226,41,249,0.15,3.3000000000000003,52.39,2,780,N/A
2011,12,2,12,0,251,84,296,0.15,3.4000000000000004,51.19,3,780,N/A
2011,12,2,12,30,79,923,563,0.15,3.5,54.92,3,780,N/A
2011,12,2,13,0,225,324,389,0.15,3.6,57.910000000000004,3,780,N/A
2011,12,2,13,30,203,340,362,0.15,3.6,62.18,2,780,N/A
2011,12,2,14,0,78,836,431,0.15,3.6,64.71000000000001,2,780,N/A
2011,12,2,14,30,72,793,362,0.15,3.4000000000000004,69.54,1,780,N/A
2011,12,2,15,0,59,0,59,0.15,3.3000000000000003,70.78,0,780,N/A
2011,12,2,15,30,70,0,70,0.15,2.5,70.77,0,780,N/A
2011,12,2,16,0,49,203,78,0.15,1.7000000000000002,77.11,0,780,N/A
2011,12,2,16,30,22,0,22,0.15,1.3,77.10000000000001,-1,780,N/A
2011,12,2,17,0,0,0,0,0.866,0.9,83.27,-2,780,N/A
2011,12,2,17,30,0,0,0,0.866,0.9,83.26,-2,780,N/A
2011,12,2,18,0,0,0,0,0.866,1,89.73,-2,780,N/A
2011,12,2,18,30,0,0,0,0.866,1.1,89.71000000000001,-2,780,N/A
2011,12,2,19,0,0,0,0,0.866,1.3,89.8,-3,780,N/A
2011,12,2,19,30,0,0,0,0.866,1.3,89.76,-3,780,N/A
2011,12,2,20,0,0,0,0,0.866,1.4000000000000001,89.04,-3,780,N/A
2011,12,2,20,30,0,0,0,0.866,1.4000000000000001,88.99,-3,770,N/A
2011,12,2,21,0,0,0,0,0.866,1.5,88.16,-3,770,N/A
2011,12,2,21,30,0,0,0,0.866,1.4000000000000001,88.12,-3,770,N/A
2011,12,2,22,0,0,0,0,0.866,1.3,86.79,-3,770,N/A
2011,12,2,22,30,0,0,0,0.866,1.1,86.75,-3,770,N/A
2011,12,2,23,0,0,0,0,0.866,0.9,85.07000000000001,-3,770,N/A
2011,12,2,23,30,0,0,0,0.866,0.8,85.04,-3,770,N/A
2011,12,3,0,0,0,0,0,0.866,0.8,89.94,-3,770,N/A
2011,12,3,0,30,0,0,0,0.866,0.9,89.94,-3,770,N/A
2011,12,3,1,0,0,0,0,0.866,1,88.58,-3,770,N/A
2011,12,3,1,30,0,0,0,0.866,1,88.58,-3,770,N/A
2011,12,3,2,0,0,0,0,0.866,1,87.78,-3,770,N/A
2011,12,3,2,30,0,0,0,0.866,1,87.76,-3,770,N/A
2011,12,3,3,0,0,0,0,0.866,1,87.5,-3,770,N/A
2011,12,3,3,30,0,0,0,0.866,1,87.48,-3,770,N/A
2011,12,3,4,0,0,0,0,0.866,1,87.74,-4,770,N/A
2011,12,3,4,30,0,0,0,0.866,1.1,87.75,-4,770,N/A
2011,12,3,5,0,0,0,0,0.866,1.2000000000000002,88.49,-4,770,N/A
2011,12,3,5,30,0,0,0,0.866,1.2000000000000002,88.51,-4,770,N/A
2011,12,3,6,0,0,0,0,0.866,1.4000000000000001,96.16,-4,770,N/A
2011,12,3,6,30,0,0,0,0.866,1.6,89.22,-4,770,N/A
2011,12,3,7,0,0,0,0,0.866,1.8,90.94,-4,770,N/A
2011,12,3,7,30,5,0,5,0.866,2.2,84.42,-3,770,N/A
2011,12,3,8,0,13,0,13,0.866,2.7,81.92,-2,770,N/A
2011,12,3,8,30,42,0,42,0.866,2.9000000000000004,76.14,-1,770,N/A
2011,12,3,9,0,77,0,77,0.866,3.2,68.03,0,770,N/A
2011,12,3,9,30,79,0,79,0.866,3.1,68.05,0,780,N/A
2011,12,3,10,0,146,6,149,0.866,3.1,62.79,0,780,N/A
2011,12,3,10,30,164,10,169,0.866,2.9000000000000004,62.79,0,780,N/A
2011,12,3,11,0,191,19,201,0.866,2.8000000000000003,59.36,0,780,N/A
2011,12,3,11,30,135,1,136,0.866,2.7,59.35,0,780,N/A
2011,12,3,12,0,220,33,238,0.866,2.6,57.03,1,780,N/A
2011,12,3,12,30,161,7,165,0.866,2.5,57.04,0,780,N/A
2011,12,3,13,0,184,17,193,0.866,2.4000000000000004,55.51,0,780,N/A
2011,12,3,13,30,197,43,217,0.866,2.3000000000000003,55.52,0,780,N/A
2011,12,3,14,0,176,38,192,0.866,2.3000000000000003,54.43,0,780,N/A
2011,12,3,14,30,146,392,289,0.866,2.2,54.45,0,780,N/A
2011,12,3,15,0,103,413,225,0.866,2.2,54.35,0,780,N/A
2011,12,3,15,30,25,0,25,0.866,1.7000000000000002,58.49,0,780,N/A
2011,12,3,16,0,13,0,13,0.866,1.2000000000000002,64.26,-1,780,N/A
2011,12,3,16,30,3,0,3,0.866,1,64.29,-2,780,N/A
2011,12,3,17,0,0,0,0,0.866,0.9,67.62,-3,780,N/A
2011,12,3,17,30,0,0,0,0.866,0.9,67.65,-3,780,N/A
2011,12,3,18,0,0,0,0,0.866,1,67.56,-3,780,N/A
2011,12,3,18,30,0,0,0,0.866,1,67.57000000000001,-3,780,N/A
2011,12,3,19,0,0,0,0,0.866,1,73.12,-4,780,N/A
2011,12,3,19,30,0,0,0,0.866,1,73.13,-4,780,N/A
2011,12,3,20,0,0,0,0,0.866,1.1,78.74,-4,780,N/A
2011,12,3,20,30,0,0,0,0.866,1.1,78.74,-4,780,N/A
2011,12,3,21,0,0,0,0,0.866,1.1,78.29,-5,780,N/A
2011,12,3,21,30,0,0,0,0.866,1,78.29,-5,780,N/A
2011,12,3,22,0,0,0,0,0.866,1,84.31,-5,780,N/A
2011,12,3,22,30,0,0,0,0.866,0.9,84.3,-5,780,N/A
2011,12,3,23,0,0,0,0,0.866,0.9,84.22,-6,780,N/A
2011,12,3,23,30,0,0,0,0.866,0.7000000000000001,84.2,-6,780,N/A
2011,12,4,0,0,0,0,0,0.866,0.5,84.4,-6,780,N/A
2011,12,4,0,30,0,0,0,0.866,0.30000000000000004,84.38,-6,780,N/A
2011,12,4,1,0,0,0,0,0.866,0.2,90.75,-7,780,N/A
2011,12,4,1,30,0,0,0,0.866,0.2,90.74,-7,780,N/A
2011,12,4,2,0,0,0,0,0.866,0.30000000000000004,90.25,-7,780,N/A
2011,12,4,2,30,0,0,0,0.866,0.30000000000000004,90.23,-7,780,N/A
2011,12,4,3,0,0,0,0,0.866,0.4,89.81,-7,780,N/A
2011,12,4,3,30,0,0,0,0.866,0.4,89.8,-7,780,N/A
2011,12,4,4,0,0,0,0,0.866,0.4,88.96000000000001,-7,780,N/A
2011,12,4,4,30,0,0,0,0.866,0.5,88.95,-7,780,N/A
2011,12,4,5,0,0,0,0,0.866,0.7000000000000001,94.81,-7,780,N/A
2011,12,4,5,30,0,0,0,0.866,0.7000000000000001,94.8,-7,780,N/A
2011,12,4,6,0,0,0,0,0.866,0.8,93.24,-8,780,N/A
2011,12,4,6,30,0,0,0,0.866,0.9,93.23,-7,780,N/A
2011,12,4,7,0,0,0,0,0.866,1.1,92.17,-7,780,N/A
2011,12,4,7,30,30,23,32,0.866,1.4000000000000001,79.03,-5,780,N/A
2011,12,4,8,0,66,64,77,0.866,1.8,75.78,-4,780,N/A
2011,12,4,8,30,66,723,248,0.866,2,65.23,-3,780,N/A
2011,12,4,9,0,78,798,337,0.866,2.3000000000000003,59,-2,780,N/A
2011,12,4,9,30,87,851,416,0.866,2.4000000000000004,54.81,-1,780,N/A
2011,12,4,10,0,96,880,483,0.866,2.5,53.160000000000004,-1,780,N/A
2011,12,4,10,30,101,905,537,0.866,2.6,49.410000000000004,0,780,N/A
2011,12,4,11,0,113,900,573,0.866,2.7,48.78,0,780,N/A
2011,12,4,11,30,116,908,594,0.866,2.7,48.76,0,780,N/A
2011,12,4,12,0,249,286,401,0.866,2.8000000000000003,48.44,0,780,N/A
2011,12,4,12,30,176,560,468,0.866,2.8000000000000003,48.42,0,780,N/A
2011,12,4,13,0,117,879,557,0.866,2.8000000000000003,48.54,0,780,N/A
2011,12,4,13,30,112,858,512,0.866,2.7,48.53,0,780,N/A
2011,12,4,14,0,107,820,452,0.866,2.6,48.47,0,780,N/A
2011,12,4,14,30,98,774,379,0.866,2.3000000000000003,48.47,0,780,N/A
2011,12,4,15,0,87,698,294,0.866,2.1,52.02,-1,780,N/A
2011,12,4,15,30,72,596,203,0.866,1.5,55.980000000000004,-1,780,N/A
2011,12,4,16,0,52,426,111,0.866,1,59.46,-2,780,N/A
2011,12,4,16,30,23,165,31,0.866,0.8,59.480000000000004,-2,780,N/A
2011,12,4,17,0,0,0,0,0.866,0.7000000000000001,63.09,-3,780,N/A
2011,12,4,17,30,0,0,0,0.866,0.6000000000000001,63.1,-3,780,N/A
2011,12,4,18,0,0,0,0,0.866,0.5,65.63,-3,780,N/A
2011,12,4,18,30,0,0,0,0.866,0.6000000000000001,65.64,-3,780,N/A
2011,12,4,19,0,0,0,0,0.866,0.8,66.93,-4,780,N/A
2011,12,4,19,30,0,0,0,0.866,0.9,66.94,-4,780,N/A
2011,12,4,20,0,0,0,0,0.866,1.1,74.66,-4,780,N/A
2011,12,4,20,30,0,0,0,0.866,1.3,74.66,-4,780,N/A
2011,12,4,21,0,0,0,0,0.866,1.6,75.88,-5,780,N/A
2011,12,4,21,30,0,0,0,0.866,2.1,75.88,-5,780,N/A
2011,12,4,22,0,0,0,0,0.866,2.6,79.59,-5,780,N/A
2011,12,4,22,30,0,0,0,0.866,3,79.59,-5,780,N/A
2011,12,4,23,0,0,0,0,0.866,3.5,73.94,-6,780,N/A
2011,12,4,23,30,0,0,0,0.866,4,73.94,-6,780,N/A
2011,12,5,0,0,0,0,0,0.866,4.6000000000000005,73.61,-7,780,N/A
2011,12,5,0,30,0,0,0,0.866,4.7,73.61,-7,780,N/A
2011,12,5,1,0,0,0,0,0.866,4.9,68.03,-7,780,N/A
2011,12,5,1,30,0,0,0,0.866,4.800000000000001,68.04,-7,780,N/A
2011,12,5,2,0,0,0,0,0.866,4.800000000000001,70.24,-8,780,N/A
2011,12,5,2,30,0,0,0,0.866,4.7,70.25,-8,780,N/A
2011,12,5,3,0,0,0,0,0.866,4.7,67.78,-8,780,N/A
2011,12,5,3,30,0,0,0,0.866,4.7,67.79,-8,780,N/A
2011,12,5,4,0,0,0,0,0.866,4.800000000000001,70.53,-8,780,N/A
2011,12,5,4,30,0,0,0,0.866,4.9,70.55,-8,780,N/A
2011,12,5,5,0,0,0,0,0.866,5,67.83,-9,780,N/A
2011,12,5,5,30,0,0,0,0.866,5.1000000000000005,67.85,-9,780,N/A
2011,12,5,6,0,0,0,0,0.866,5.2,65.68,-9,780,N/A
2011,12,5,6,30,0,0,0,0.866,5.2,65.69,-9,780,N/A
2011,12,5,7,0,0,0,0,0.866,5.2,63.65,-9,780,N/A
2011,12,5,7,30,8,0,8,0.866,5.2,63.660000000000004,-9,780,N/A
2011,12,5,8,0,21,0,21,0.866,5.300000000000001,61.980000000000004,-9,780,N/A
2011,12,5,8,30,43,0,43,0.866,5.1000000000000005,61.99,-9,780,N/A
2011,12,5,9,0,56,0,56,0.866,5.1000000000000005,60.230000000000004,-9,780,N/A
2011,12,5,9,30,137,10,141,0.866,4.9,60.230000000000004,-9,780,N/A
2011,12,5,10,0,182,42,201,0.866,4.800000000000001,59.21,-9,780,N/A
2011,12,5,10,30,205,47,227,0.866,4.6000000000000005,59.2,-8,780,N/A
2011,12,5,11,0,235,81,277,0.866,4.4,59.07,-8,780,N/A
2011,12,5,11,30,250,101,303,0.866,4.2,54.620000000000005,-8,780,N/A
2011,12,5,12,0,248,85,293,0.866,4.1000000000000005,54.82,-8,780,N/A
2011,12,5,12,30,250,116,310,0.866,3.9000000000000004,54.81,-8,780,N/A
2011,12,5,13,0,238,197,337,0.866,3.7,55.1,-8,780,N/A
2011,12,5,13,30,217,112,269,0.866,3.4000000000000004,55.09,-8,780,N/A
2011,12,5,14,0,192,153,256,0.866,3.1,55.35,-8,780,N/A
2011,12,5,14,30,143,32,155,0.866,2.8000000000000003,55.35,-8,780,N/A
2011,12,5,15,0,124,84,149,0.866,2.5,60.32,-8,780,N/A
2011,12,5,15,30,66,0,66,0.866,2.2,60.33,-8,780,N/A
2011,12,5,16,0,41,0,41,0.866,2,58.64,-9,780,N/A
2011,12,5,16,30,11,0,11,0.866,1.9000000000000001,58.660000000000004,-9,780,N/A
2011,12,5,17,0,0,0,0,0.866,1.8,59.27,-10,780,N/A
2011,12,5,17,30,0,0,0,0.866,1.6,59.29,-10,780,N/A
2011,12,5,18,0,0,0,0,0.866,1.5,58.4,-10,780,N/A
2011,12,5,18,30,0,0,0,0.866,1.3,58.410000000000004,-10,780,N/A
2011,12,5,19,0,0,0,0,0.866,1.2000000000000002,57.92,-10,780,N/A
2011,12,5,19,30,0,0,0,0.866,1.1,57.92,-10,780,N/A
2011,12,5,20,0,0,0,0,0.866,1,57.480000000000004,-10,780,N/A
2011,12,5,20,30,0,0,0,0.866,0.9,57.47,-10,780,N/A
2011,12,5,21,0,0,0,0,0.866,0.8,61.82,-10,780,N/A
2011,12,5,21,30,0,0,0,0.866,0.9,61.81,-10,780,N/A
2011,12,5,22,0,0,0,0,0.866,1,61.03,-11,780,N/A
2011,12,5,22,30,0,0,0,0.866,1.1,61.01,-11,780,N/A
2011,12,5,23,0,0,0,0,0.866,1.2000000000000002,65.09,-12,780,N/A
2011,12,5,23,30,0,0,0,0.866,1.2000000000000002,65.07000000000001,-12,780,N/A
2011,12,6,0,0,0,0,0,0.866,1.4000000000000001,69.95,-12,780,N/A
2011,12,6,0,30,0,0,0,0.866,1.5,69.93,-12,780,N/A
2011,12,6,1,0,0,0,0,0.866,1.6,69.02,-13,780,N/A
2011,12,6,1,30,0,0,0,0.866,1.7000000000000002,69.01,-13,780,N/A
2011,12,6,2,0,0,0,0,0.866,1.8,73.97,-13,780,N/A
2011,12,6,2,30,0,0,0,0.866,1.8,73.96000000000001,-13,780,N/A
2011,12,6,3,0,0,0,0,0.866,1.9000000000000001,73.21000000000001,-14,780,N/A
2011,12,6,3,30,0,0,0,0.866,1.9000000000000001,73.21000000000001,-14,780,N/A
2011,12,6,4,0,0,0,0,0.866,2,72.57000000000001,-14,780,N/A
2011,12,6,4,30,0,0,0,0.866,1.9000000000000001,72.57000000000001,-14,780,N/A
2011,12,6,5,0,0,0,0,0.866,1.8,72.11,-14,780,N/A
2011,12,6,5,30,0,0,0,0.866,1.7000000000000002,72.11,-14,780,N/A
2011,12,6,6,0,0,0,0,0.866,1.7000000000000002,78.08,-14,780,N/A
2011,12,6,6,30,0,0,0,0.866,1.7000000000000002,78.08,-14,780,N/A
2011,12,6,7,0,0,0,0,0.866,1.8,78.2,-14,780,N/A
2011,12,6,7,30,30,409,63,0.866,2.1,66.4,-12,780,N/A
2011,12,6,8,0,48,647,156,0.866,2.5,69.88,-11,780,N/A
2011,12,6,8,30,62,771,253,0.866,3,59.59,-10,780,N/A
2011,12,6,9,0,67,874,347,0.866,3.5,60.61,-9,780,N/A
2011,12,6,9,30,75,924,428,0.866,3.6,56.06,-8,780,N/A
2011,12,6,10,0,74,979,500,0.866,3.8000000000000003,51.88,-7,780,N/A
2011,12,6,10,30,78,1000,554,0.866,3.9000000000000004,48.04,-6,780,N/A
2011,12,6,11,0,77,1022,594,0.866,4.1000000000000005,44.51,-5,780,N/A
2011,12,6,11,30,78,1027,615,0.866,4.1000000000000005,41.26,-4,780,N/A
2011,12,6,12,0,75,1032,619,0.866,4.3,42.910000000000004,-4,780,N/A
2011,12,6,12,30,75,1024,606,0.866,4.4,39.81,-3,780,N/A
2011,12,6,13,0,71,1015,575,0.866,4.5,42.82,-3,780,N/A
2011,12,6,13,30,68,995,529,0.866,4.5,39.76,-2,780,N/A
2011,12,6,14,0,64,969,469,0.866,4.6000000000000005,43.06,-2,780,N/A
2011,12,6,14,30,59,931,395,0.866,4.4,43.06,-2,780,N/A
2011,12,6,15,0,52,879,311,0.866,4.3,48.74,-2,780,N/A
2011,12,6,15,30,43,799,219,0.866,3.7,52.53,-3,780,N/A
2011,12,6,16,0,32,669,124,0.866,3.1,54.81,-4,780,N/A
2011,12,6,16,30,17,419,37,0.866,2.7,59.160000000000004,-5,780,N/A
2011,12,6,17,0,0,0,0,0.866,2.3000000000000003,56.32,-7,780,N/A
2011,12,6,17,30,0,0,0,0.866,2.3000000000000003,60.870000000000005,-7,780,N/A
2011,12,6,18,0,0,0,0,0.866,2.4000000000000004,62.49,-8,780,N/A
2011,12,6,18,30,0,0,0,0.866,2.4000000000000004,62.5,-8,780,N/A
2011,12,6,19,0,0,0,0,0.866,2.5,60.6,-9,780,N/A
2011,12,6,19,30,0,0,0,0.866,2.4000000000000004,60.620000000000005,-9,780,N/A
2011,12,6,20,0,0,0,0,0.866,2.3000000000000003,64.34,-9,780,N/A
2011,12,6,20,30,0,0,0,0.866,2.2,64.35,-9,780,N/A
2011,12,6,21,0,0,0,0,0.866,2.1,63.2,-10,780,N/A
2011,12,6,21,30,0,0,0,0.866,1.9000000000000001,63.21,-10,780,N/A
2011,12,6,22,0,0,0,0,0.866,1.8,62.79,-10,780,N/A
2011,12,6,22,30,0,0,0,0.866,1.7000000000000002,62.79,-10,780,N/A
2011,12,6,23,0,0,0,0,0.866,1.7000000000000002,62.46,-10,780,N/A
2011,12,6,23,30,0,0,0,0.866,1.6,62.45,-10,780,N/A
2011,12,7,0,0,0,0,0,0.866,1.6,62.1,-10,780,N/A
2011,12,7,0,30,0,0,0,0.866,1.5,62.09,-10,780,N/A
2011,12,7,1,0,0,0,0,0.866,1.5,62.01,-10,780,N/A
2011,12,7,1,30,0,0,0,0.866,1.5,62.01,-10,780,N/A
2011,12,7,2,0,0,0,0,0.866,1.5,62.2,-10,780,N/A
2011,12,7,2,30,0,0,0,0.866,1.5,62.2,-10,780,N/A
2011,12,7,3,0,0,0,0,0.866,1.5,62.57,-10,780,N/A
2011,12,7,3,30,0,0,0,0.866,1.5,62.58,-10,780,N/A
2011,12,7,4,0,0,0,0,0.866,1.6,62.64,-10,780,N/A
2011,12,7,4,30,0,0,0,0.866,1.6,62.660000000000004,-10,780,N/A
2011,12,7,5,0,0,0,0,0.866,1.6,67.57000000000001,-10,780,N/A
2011,12,7,5,30,0,0,0,0.866,1.6,67.59,-10,780,N/A
2011,12,7,6,0,0,0,0,0.866,1.7000000000000002,67.5,-10,780,N/A
2011,12,7,6,30,0,0,0,0.866,1.8,62.36,-10,780,N/A
2011,12,7,7,0,0,0,0,0.866,2,63.72,-10,780,N/A
2011,12,7,7,30,22,527,63,0.866,2.3000000000000003,54.49,-8,780,N/A
2011,12,7,8,0,35,724,154,0.866,2.6,57.660000000000004,-6,780,N/A
2011,12,7,8,30,44,832,248,0.866,2.5,49.56,-4,780,N/A
2011,12,7,9,0,51,900,337,0.866,2.4000000000000004,53.18,-2,780,N/A
2011,12,7,9,30,57,944,416,0.866,2.3000000000000003,49.4,-1,780,N/A
2011,12,7,10,0,61,974,483,0.866,2.2,54.03,0,780,N/A
2011,12,7,10,30,65,994,536,0.866,1.9000000000000001,50.24,1,780,N/A
2011,12,7,11,0,68,1006,574,0.866,1.7000000000000002,51.14,2,780,N/A
2011,12,7,11,30,69,1012,596,0.866,1.7000000000000002,51.11,3,780,N/A
2011,12,7,12,0,70,1012,601,0.866,1.7000000000000002,48.78,4,780,N/A
2011,12,7,12,30,69,1008,590,0.866,1.7000000000000002,48.77,4,780,N/A
2011,12,7,13,0,68,998,562,0.866,1.8,46.04,4,780,N/A
2011,12,7,13,30,65,982,519,0.866,1.8,46.03,4,780,N/A
2011,12,7,14,0,62,956,461,0.866,1.8,46.730000000000004,4,780,N/A
2011,12,7,14,30,57,921,389,0.866,1.6,50.14,3,780,N/A
2011,12,7,15,0,51,869,307,0.866,1.4000000000000001,58.77,3,780,N/A
2011,12,7,15,30,43,790,216,0.866,1.2000000000000002,63.14,1,780,N/A
2011,12,7,16,0,32,655,122,0.866,1,65.57000000000001,0,780,N/A
2011,12,7,16,30,17,406,36,0.866,1.1,75.9,-1,780,N/A
2011,12,7,17,0,0,0,0,0.866,1.3,73.36,-3,780,N/A
2011,12,7,17,30,0,0,0,0.866,1.3,73.37,-3,780,N/A
2011,12,7,18,0,0,0,0,0.866,1.3,71.22,-4,780,N/A
2011,12,7,18,30,0,0,0,0.866,1.3,71.21000000000001,-4,780,N/A
2011,12,7,19,0,0,0,0,0.866,1.4000000000000001,75.11,-5,780,N/A
2011,12,7,19,30,0,0,0,0.866,1.3,75.09,-5,780,N/A
2011,12,7,20,0,0,0,0,0.866,1.3,74.19,-5,780,N/A
2011,12,7,20,30,0,0,0,0.866,1.3,74.17,-5,780,N/A
2011,12,7,21,0,0,0,0,0.866,1.3,73.15,-5,780,N/A
2011,12,7,21,30,0,0,0,0.866,1.2000000000000002,73.13,-5,780,N/A
2011,12,7,22,0,0,0,0,0.866,1.2000000000000002,76.89,-5,780,N/A
2011,12,7,22,30,0,0,0,0.866,1.2000000000000002,76.87,-5,780,N/A
2011,12,7,23,0,0,0,0,0.866,1.2000000000000002,74.25,-6,780,N/A
2011,12,7,23,30,0,0,0,0.866,1.1,74.24,-6,780,N/A
2011,12,8,0,0,0,0,0,0.866,1.1,71.38,-6,780,N/A
2011,12,8,0,30,0,0,0,0.866,1.1,71.36,-6,780,N/A
2011,12,8,1,0,0,0,0,0.866,1.2000000000000002,74.28,-6,780,N/A
2011,12,8,1,30,0,0,0,0.866,1.2000000000000002,74.27,-6,780,N/A
2011,12,8,2,0,0,0,0,0.866,1.2000000000000002,72.08,-6,780,N/A
2011,12,8,2,30,0,0,0,0.866,1.2000000000000002,72.07000000000001,-6,780,N/A
2011,12,8,3,0,0,0,0,0.866,1.3,70.47,-7,780,N/A
2011,12,8,3,30,0,0,0,0.866,1.3,70.46000000000001,-7,780,N/A
2011,12,8,4,0,0,0,0,0.866,1.4000000000000001,69.07000000000001,-7,780,N/A
2011,12,8,4,30,0,0,0,0.866,1.4000000000000001,69.08,-7,780,N/A
2011,12,8,5,0,0,0,0,0.866,1.4000000000000001,67.79,-7,780,N/A
2011,12,8,5,30,0,0,0,0.866,1.4000000000000001,67.8,-7,780,N/A
2011,12,8,6,0,0,0,0,0.866,1.5,72.10000000000001,-7,780,N/A
2011,12,8,6,30,0,0,0,0.866,1.5,66.75,-7,780,N/A
2011,12,8,7,0,0,0,0,0.866,1.6,67.1,-7,780,N/A
2011,12,8,7,30,25,6,26,0.866,2,57.6,-5,780,N/A
2011,12,8,8,0,60,38,66,0.866,2.5,59.76,-4,780,N/A
2011,12,8,8,30,92,274,158,0.866,2.4000000000000004,51.5,-2,780,N/A
2011,12,8,9,0,81,606,271,0.866,2.3000000000000003,54.13,-1,780,N/A
2011,12,8,9,30,69,906,411,0.866,2.5,50.33,0,780,N/A
2011,12,8,10,0,73,945,480,0.866,2.7,50.7,1,780,N/A
2011,12,8,10,30,77,967,533,0.866,2.8000000000000003,47.19,2,780,N/A
2011,12,8,11,0,79,981,572,0.866,3,45.75,3,780,N/A
2011,12,8,11,30,81,988,594,0.866,3.1,45.730000000000004,3,780,N/A
2011,12,8,12,0,82,987,599,0.866,3.2,43.15,4,780,N/A
2011,12,8,12,30,81,982,587,0.866,3.2,43.14,4,780,N/A
2011,12,8,13,0,81,968,559,0.866,3.3000000000000003,43.22,5,780,N/A
2011,12,8,13,30,77,950,516,0.866,3.2,43.22,4,780,N/A
2011,12,8,14,0,74,921,457,0.866,3.1,44.15,4,780,N/A
2011,12,8,14,30,67,882,385,0.866,2.5,47.37,3,780,N/A
2011,12,8,15,0,60,826,303,0.866,2,51.64,3,780,N/A
2011,12,8,15,30,50,740,212,0.866,1.6,59.56,1,780,N/A
2011,12,8,16,0,37,597,119,0.866,1.3,61.95,0,780,N/A
2011,12,8,16,30,19,333,35,0.866,1.3,66.65,-1,780,N/A
2011,12,8,17,0,0,0,0,0.866,1.4000000000000001,68.61,-3,780,N/A
2011,12,8,17,30,0,0,0,0.866,1.3,68.63,-3,780,N/A
2011,12,8,18,0,0,0,0,0.866,1.3,68.07000000000001,-3,780,N/A
2011,12,8,18,30,0,0,0,0.866,1.3,68.09,-3,780,N/A
2011,12,8,19,0,0,0,0,0.866,1.3,72.79,-3,780,N/A
2011,12,8,19,30,0,0,0,0.866,1.2000000000000002,72.8,-3,780,N/A
2011,12,8,20,0,0,0,0,0.866,1.2000000000000002,72.17,-4,780,N/A
2011,12,8,20,30,0,0,0,0.866,1.1,72.18,-4,780,N/A
2011,12,8,21,0,0,0,0,0.866,1.1,71.46000000000001,-4,780,N/A
2011,12,8,21,30,0,0,0,0.866,1.1,71.47,-4,780,N/A
2011,12,8,22,0,0,0,0,0.866,1.1,76.35000000000001,-5,780,N/A
2011,12,8,22,30,0,0,0,0.866,1,76.36,-5,780,N/A
2011,12,8,23,0,0,0,0,0.866,1,75.12,-5,780,N/A
2011,12,8,23,30,0,0,0,0.866,1,75.11,-5,780,N/A
2011,12,9,0,0,0,0,0,0.866,1,79.4,-6,780,N/A
2011,12,9,0,30,0,0,0,0.866,1,79.39,-6,780,N/A
2011,12,9,1,0,0,0,0,0.866,1,78.03,-6,780,N/A
2011,12,9,1,30,0,0,0,0.866,1,78.03,-6,780,N/A
2011,12,9,2,0,0,0,0,0.866,1,82.78,-7,780,N/A
2011,12,9,2,30,0,0,0,0.866,1,82.78,-7,780,N/A
2011,12,9,3,0,0,0,0,0.866,1.1,87.94,-7,780,N/A
2011,12,9,3,30,0,0,0,0.866,1.1,87.92,-7,780,N/A
2011,12,9,4,0,0,0,0,0.866,1.2000000000000002,86.36,-8,780,N/A
2011,12,9,4,30,0,0,0,0.866,1.2000000000000002,86.37,-8,780,N/A
2011,12,9,5,0,0,0,0,0.866,1.2000000000000002,84.53,-8,780,N/A
2011,12,9,5,30,0,0,0,0.866,1.2000000000000002,84.56,-8,780,N/A
2011,12,9,6,0,0,0,0,0.866,1.3,82.63,-8,780,N/A
2011,12,9,6,30,0,0,0,0.866,1.3,82.65,-8,780,N/A
2011,12,9,7,0,0,0,0,0.866,1.3,81.52,-8,780,N/A
2011,12,9,7,30,23,480,58,0.866,1.6,69.92,-5,780,N/A
2011,12,9,8,0,39,697,150,0.866,2,66.48,-3,780,N/A
2011,12,9,8,30,50,815,245,0.866,1.9000000000000001,57.31,-1,780,N/A
2011,12,9,9,0,58,889,335,0.866,1.9000000000000001,52.06,0,780,N/A
2011,12,9,9,30,64,937,416,0.866,2,48.44,1,780,N/A
2011,12,9,10,0,69,971,485,0.866,2.1,42.12,2,780,N/A
2011,12,9,10,30,73,993,540,0.866,2,39.230000000000004,3,780,N/A
2011,12,9,11,0,80,996,579,0.866,2,33.95,4,780,N/A
2011,12,9,11,30,82,1003,601,0.866,1.9000000000000001,33.94,5,780,N/A
2011,12,9,12,0,82,1006,608,0.866,1.9000000000000001,29.97,6,780,N/A
2011,12,9,12,30,82,1002,597,0.866,1.8,29.96,6,780,N/A
2011,12,9,13,0,79,992,569,0.866,1.8,27.5,6,780,N/A
2011,12,9,13,30,76,974,525,0.866,1.6,29.47,6,780,N/A
2011,12,9,14,0,71,949,466,0.866,1.5,30.62,6,780,N/A
2011,12,9,14,30,65,912,394,0.866,1.1,32.84,5,780,N/A
2011,12,9,15,0,58,859,310,0.866,0.7000000000000001,44.730000000000004,4,780,N/A
2011,12,9,15,30,48,776,218,0.866,0.8,51.53,2,780,N/A
2011,12,9,16,0,36,639,123,0.866,1,47.07,1,780,N/A
2011,12,9,16,30,18,376,36,0.866,1,50.61,0,780,N/A
2011,12,9,17,0,0,0,0,0.866,1,44.71,0,780,N/A
2011,12,9,17,30,0,0,0,0.866,0.8,44.730000000000004,0,780,N/A
2011,12,9,18,0,0,0,0,0.866,0.7000000000000001,49.49,-1,790,N/A
2011,12,9,18,30,0,0,0,0.866,0.6000000000000001,49.51,-1,790,N/A
2011,12,9,19,0,0,0,0,0.866,0.5,54.45,-2,790,N/A
2011,12,9,19,30,0,0,0,0.866,0.4,54.46,-2,790,N/A
2011,12,9,20,0,0,0,0,0.866,0.4,58.78,-3,790,N/A
2011,12,9,20,30,0,0,0,0.866,0.5,58.78,-3,790,N/A
2011,12,9,21,0,0,0,0,0.866,0.7000000000000001,63.410000000000004,-3,790,N/A
2011,12,9,21,30,0,0,0,0.866,0.8,63.410000000000004,-3,790,N/A
2011,12,9,22,0,0,0,0,0.866,0.9,63.6,-4,790,N/A
2011,12,9,22,30,0,0,0,0.866,0.9,63.59,-4,790,N/A
2011,12,9,23,0,0,0,0,0.866,0.9,68.15,-5,790,N/A
2011,12,9,23,30,0,0,0,0.866,0.9,68.14,-5,790,N/A
2011,12,10,0,0,0,0,0,0.866,0.9,66.78,-5,790,N/A
2011,12,10,0,30,0,0,0,0.866,0.8,66.78,-5,790,N/A
2011,12,10,1,0,0,0,0,0.866,0.8,65.15,-5,790,N/A
2011,12,10,1,30,0,0,0,0.866,0.7000000000000001,65.15,-5,790,N/A
2011,12,10,2,0,0,0,0,0.866,0.7000000000000001,68.76,-5,790,N/A
2011,12,10,2,30,0,0,0,0.866,0.6000000000000001,68.74,-5,790,N/A
2011,12,10,3,0,0,0,0,0.866,0.6000000000000001,67.01,-6,790,N/A
2011,12,10,3,30,0,0,0,0.866,0.6000000000000001,67,-6,790,N/A
2011,12,10,4,0,0,0,0,0.866,0.6000000000000001,65.1,-6,790,N/A
2011,12,10,4,30,0,0,0,0.866,0.6000000000000001,65.1,-6,790,N/A
2011,12,10,5,0,0,0,0,0.866,0.7000000000000001,63.300000000000004,-6,790,N/A
2011,12,10,5,30,0,0,0,0.866,0.7000000000000001,63.300000000000004,-6,790,N/A
2011,12,10,6,0,0,0,0,0.866,0.8,66.84,-6,790,N/A
2011,12,10,6,30,0,0,0,0.866,0.8,61.910000000000004,-6,790,N/A
2011,12,10,7,0,0,0,0,0.866,0.9,61.9,-6,790,N/A
2011,12,10,7,30,23,475,56,0.866,0.7000000000000001,53.21,-4,790,N/A
2011,12,10,8,0,38,696,147,0.866,0.6000000000000001,58.5,-3,790,N/A
2011,12,10,8,30,49,814,242,0.866,0.4,50.49,-1,790,N/A
2011,12,10,9,0,58,887,332,0.866,0.2,47.29,0,790,N/A
2011,12,10,9,30,64,934,413,0.866,0.7000000000000001,43.99,1,790,N/A
2011,12,10,10,0,69,966,481,0.866,1.2000000000000002,37.27,3,790,N/A
2011,12,10,10,30,73,987,536,0.866,1.4000000000000001,34.72,4,790,N/A
2011,12,10,11,0,77,998,575,0.866,1.7000000000000002,32.44,5,790,N/A
2011,12,10,11,30,79,1005,598,0.866,1.8,32.43,5,790,N/A
2011,12,10,12,0,80,1006,604,0.866,2,30.46,6,780,N/A
2011,12,10,12,30,79,1002,593,0.866,2,30.44,6,780,N/A
2011,12,10,13,0,77,991,565,0.866,2.1,30.87,6,780,N/A
2011,12,10,13,30,74,975,522,0.866,2,33.07,5,780,N/A
2011,12,10,14,0,72,942,463,0.866,2,33.980000000000004,5,780,N/A
2011,12,10,14,30,66,906,392,0.866,1.6,36.43,4,780,N/A
2011,12,10,15,0,59,850,309,0.866,1.3,45.660000000000004,4,780,N/A
2011,12,10,15,30,49,767,217,0.866,1.1,52.660000000000004,2,780,N/A
2011,12,10,16,0,37,627,123,0.866,0.9,57.04,0,780,N/A
2011,12,10,16,30,19,364,36,0.866,0.8,61.34,-1,780,N/A
2011,12,10,17,0,0,0,0,0.866,0.8,57.910000000000004,-2,780,N/A
2011,12,10,17,30,0,0,0,0.866,0.6000000000000001,57.92,-2,780,N/A
2011,12,10,18,0,0,0,0,0.866,0.5,56.910000000000004,-2,780,N/A
2011,12,10,18,30,0,0,0,0.866,0.30000000000000004,56.92,-2,780,N/A
2011,12,10,19,0,0,0,0,0.866,0.2,55.94,-2,780,N/A
2011,12,10,19,30,0,0,0,0.866,0.2,55.93,-2,780,N/A
2011,12,10,20,0,0,0,0,0.866,0.2,54.76,-2,780,N/A
2011,12,10,20,30,0,0,0,0.866,0.30000000000000004,54.75,-2,780,N/A
2011,12,10,21,0,0,0,0,0.866,0.4,53.47,-2,780,N/A
2011,12,10,21,30,0,0,0,0.866,0.4,53.46,-2,780,N/A
2011,12,10,22,0,0,0,0,0.866,0.5,56.42,-2,780,N/A
2011,12,10,22,30,0,0,0,0.866,0.5,56.410000000000004,-2,780,N/A
2011,12,10,23,0,0,0,0,0.866,0.6000000000000001,55.07,-3,780,N/A
2011,12,10,23,30,0,0,0,0.866,0.6000000000000001,55.050000000000004,-3,780,N/A
2011,12,11,0,0,0,0,0,0.866,0.6000000000000001,54.21,-3,780,N/A
2011,12,11,0,30,0,0,0,0.866,0.6000000000000001,54.19,-3,780,N/A
2011,12,11,1,0,0,0,0,0.866,0.7000000000000001,56.660000000000004,-4,780,N/A
2011,12,11,1,30,0,0,0,0.866,0.7000000000000001,56.64,-4,780,N/A
2011,12,11,2,0,0,0,0,0.866,0.7000000000000001,55.28,-4,780,N/A
2011,12,11,2,30,0,0,0,0.866,0.6000000000000001,55.26,-4,780,N/A
2011,12,11,3,0,0,0,0,0.866,0.5,58.86,-5,780,N/A
2011,12,11,3,30,0,0,0,0.866,0.4,58.85,-5,780,N/A
2011,12,11,4,0,0,0,0,0.866,0.4,58.69,-5,780,N/A
2011,12,11,4,30,0,0,0,0.866,0.30000000000000004,58.68,-5,780,N/A
2011,12,11,5,0,0,0,0,0.866,0.2,63.89,-5,780,N/A
2011,12,11,5,30,0,0,0,0.866,0.1,63.89,-5,780,N/A
2011,12,11,6,0,0,0,0,0.866,0.1,65.12,-5,780,N/A
2011,12,11,6,30,0,0,0,0.866,0.1,65.12,-5,780,N/A
2011,12,11,7,0,0,0,0,0.866,0.2,67.19,-5,780,N/A
2011,12,11,7,30,23,434,53,0.866,0.2,57.75,-4,780,N/A
2011,12,11,8,0,41,658,143,0.866,0.30000000000000004,60.74,-3,780,N/A
2011,12,11,8,30,53,783,237,0.866,0.7000000000000001,52.42,-1,780,N/A
2011,12,11,9,0,63,858,327,0.866,1.1,51.74,0,780,N/A
2011,12,11,9,30,71,909,408,0.866,1.4000000000000001,51.74,1,780,N/A
2011,12,11,10,0,77,943,477,0.866,1.7000000000000002,49.86,2,780,N/A
2011,12,11,10,30,81,966,532,0.866,1.8,46.4,2,780,N/A
2011,12,11,11,0,85,979,571,0.866,2,44.02,3,780,N/A
2011,12,11,11,30,87,987,595,0.866,2,43.99,3,780,N/A
2011,12,11,12,0,87,991,602,0.866,2.1,40.67,4,780,N/A
2011,12,11,12,30,86,987,591,0.866,2,40.65,4,780,N/A
2011,12,11,13,0,83,978,564,0.866,2,40.26,5,780,N/A
2011,12,11,13,30,80,961,521,0.866,2,40.25,4,780,N/A
2011,12,11,14,0,76,933,462,0.866,2,40.61,4,780,N/A
2011,12,11,14,30,69,894,390,0.866,1.8,43.57,3,780,N/A
2011,12,11,15,0,62,831,307,0.866,1.6,46.5,3,780,N/A
2011,12,11,15,30,52,744,215,0.866,1.3,53.63,1,780,N/A
2011,12,11,16,0,40,590,121,0.866,1,59.59,0,780,N/A
2011,12,11,16,30,36,0,36,0.866,0.9,64.09,-1,780,N/A
2011,12,11,17,0,0,0,0,0.866,0.8,67.54,-2,780,N/A
2011,12,11,17,30,0,0,0,0.866,0.7000000000000001,67.55,-2,780,N/A
2011,12,11,18,0,0,0,0,0.866,0.6000000000000001,69.52,-2,780,N/A
2011,12,11,18,30,0,0,0,0.866,0.6000000000000001,69.52,-2,780,N/A
2011,12,11,19,0,0,0,0,0.866,0.6000000000000001,70.98,-2,780,N/A
2011,12,11,19,30,0,0,0,0.866,0.6000000000000001,70.99,-2,780,N/A
2011,12,11,20,0,0,0,0,0.866,0.7000000000000001,72.21000000000001,-2,780,N/A
2011,12,11,20,30,0,0,0,0.866,0.7000000000000001,72.21000000000001,-2,780,N/A
2011,12,11,21,0,0,0,0,0.866,0.8,73.13,-2,780,N/A
2011,12,11,21,30,0,0,0,0.866,0.8,73.14,-2,780,N/A
2011,12,11,22,0,0,0,0,0.866,0.8,74.54,-2,780,N/A
2011,12,11,22,30,0,0,0,0.866,0.7000000000000001,74.54,-2,780,N/A
2011,12,11,23,0,0,0,0,0.866,0.6000000000000001,82.09,-2,780,N/A
2011,12,11,23,30,0,0,0,0.866,0.5,76.22,-2,780,N/A
2011,12,12,0,0,0,0,0,0.866,0.5,78.25,-2,780,N/A
2011,12,12,0,30,0,0,0,0.866,0.5,78.24,-2,780,N/A
2011,12,12,1,0,0,0,0,0.866,0.5,79.41,-2,780,N/A
2011,12,12,1,30,0,0,0,0.866,0.4,79.4,-1,780,N/A
2011,12,12,2,0,0,0,0,0.866,0.4,79.42,-1,780,N/A
2011,12,12,2,30,0,0,0,0.866,0.2,79.42,-1,780,N/A
2011,12,12,3,0,0,0,0,0.866,0.1,78.89,-1,780,N/A
2011,12,12,3,30,0,0,0,0.866,0.2,78.91,-1,780,N/A
2011,12,12,4,0,0,0,0,0.866,0.30000000000000004,79.18,-1,780,N/A
2011,12,12,4,30,0,0,0,0.866,0.30000000000000004,73.58,-1,780,N/A
2011,12,12,5,0,0,0,0,0.866,0.4,74.13,-1,780,N/A
2011,12,12,5,30,0,0,0,0.866,0.4,74.15,-1,780,N/A
2011,12,12,6,0,0,0,0,0.866,0.5,80.09,-1,780,N/A
2011,12,12,6,30,0,0,0,0.866,0.6000000000000001,80.11,-1,780,N/A
2011,12,12,7,0,0,0,0,0.866,0.7000000000000001,81.35000000000001,-2,780,N/A
2011,12,12,7,30,21,0,21,0.866,0.5,75.62,-1,780,N/A
2011,12,12,8,0,56,26,60,0.866,0.30000000000000004,79.85000000000001,0,780,N/A
2011,12,12,8,30,95,104,119,0.866,0.30000000000000004,74.24,0,780,N/A
2011,12,12,9,0,123,274,207,0.866,0.30000000000000004,76.48,1,780,N/A
2011,12,12,9,30,154,300,264,0.866,0.6000000000000001,71.14,2,780,N/A
2011,12,12,10,0,184,295,309,0.866,0.9,70.5,3,780,N/A
2011,12,12,10,30,192,389,373,0.866,1,70.46000000000001,3,780,N/A
2011,12,12,11,0,203,418,410,0.866,1.2000000000000002,70.33,4,780,N/A
2011,12,12,11,30,242,93,290,0.866,1.2000000000000002,70.29,4,780,N/A
2011,12,12,12,0,234,61,266,0.866,1.2000000000000002,66.96000000000001,4,780,N/A
2011,12,12,12,30,185,16,193,0.866,1.4000000000000001,71.85000000000001,4,780,N/A
2011,12,12,13,0,233,213,338,0.866,1.7000000000000002,75.15,4,780,N/A
2011,12,12,13,30,200,57,227,0.866,1.5,80.66,3,780,N/A
2011,12,12,14,0,188,103,230,0.866,1.4000000000000001,85.32000000000001,3,780,N/A
2011,12,12,14,30,162,87,194,0.866,1.2000000000000002,91.65,2,780,N/A
2011,12,12,15,0,120,59,138,0.866,1.2000000000000002,93.37,1,780,N/A
2011,12,12,15,30,88,110,113,0.866,1,100,0,780,N/A
2011,12,12,16,0,54,59,62,0.866,0.9,98.59,0,780,N/A
2011,12,12,16,30,18,0,18,0.866,0.9,98.62,0,780,N/A
2011,12,12,17,0,0,0,0,0.866,1,96.73,0,780,N/A
2011,12,12,17,30,0,0,0,0.866,1.1,96.76,0,780,N/A
2011,12,12,18,0,0,0,0,0.866,1.3,95.98,0,780,N/A
2011,12,12,18,30,0,0,0,0.866,1.3,95.98,0,780,N/A
2011,12,12,19,0,0,0,0,0.866,1.4000000000000001,94.15,0,780,N/A
2011,12,12,19,30,0,0,0,0.866,1.4000000000000001,94.16,0,780,N/A
2011,12,12,20,0,0,0,0,0.866,1.4000000000000001,93.47,0,780,N/A
2011,12,12,20,30,0,0,0,0.866,1.4000000000000001,93.45,0,780,N/A
2011,12,12,21,0,0,0,0,0.866,1.4000000000000001,92.88,0,780,N/A
2011,12,12,21,30,0,0,0,0.866,1.4000000000000001,92.88,0,780,N/A
2011,12,12,22,0,0,0,0,0.866,1.5,92.15,0,780,N/A
2011,12,12,22,30,0,0,0,0.866,1.5,92.15,0,780,N/A
2011,12,12,23,0,0,0,0,0.866,1.6,98.27,0,780,N/A
2011,12,12,23,30,0,0,0,0.866,1.5,98.26,0,780,N/A
2011,12,13,0,0,0,0,0,0.866,1.5,96.94,0,780,N/A
2011,12,13,0,30,0,0,0,0.866,1.3,96.93,0,780,N/A
2011,12,13,1,0,0,0,0,0.866,1.2000000000000002,95.5,-1,780,N/A
2011,12,13,1,30,0,0,0,0.866,1.1,95.5,-1,780,N/A
2011,12,13,2,0,0,0,0,0.866,1,94.29,-1,780,N/A
2011,12,13,2,30,0,0,0,0.866,0.9,94.28,-1,780,N/A
2011,12,13,3,0,0,0,0,0.866,0.9,94.2,-1,780,N/A
2011,12,13,3,30,0,0,0,0.866,0.8,94.19,-1,780,N/A
2011,12,13,4,0,0,0,0,0.866,0.8,94.57000000000001,-1,780,N/A
2011,12,13,4,30,0,0,0,0.866,0.7000000000000001,94.57000000000001,-1,780,N/A
2011,12,13,5,0,0,0,0,0.866,0.7000000000000001,94.29,-1,780,N/A
2011,12,13,5,30,0,0,0,0.866,0.7000000000000001,94.3,-1,780,N/A
2011,12,13,6,0,0,0,0,0.866,0.7000000000000001,94.13,-1,780,N/A
2011,12,13,6,30,0,0,0,0.866,0.7000000000000001,94.13,-1,780,N/A
2011,12,13,7,0,0,0,0,0.866,0.7000000000000001,96.48,-1,780,N/A
2011,12,13,7,30,23,77,27,0.866,0.7000000000000001,89.71000000000001,0,780,N/A
2011,12,13,8,0,56,152,79,0.866,0.8,99.59,0,780,N/A
2011,12,13,8,30,8,0,8,0.866,0.8,92.65,1,780,N/A
2011,12,13,9,0,106,414,231,0.866,0.9,92.55,2,780,N/A
2011,12,13,9,30,115,0,115,0.866,1.1,92.53,2,780,N/A
2011,12,13,10,0,194,137,251,0.866,1.3,88.79,3,780,N/A
2011,12,13,10,30,218,127,277,0.866,1.5,88.74,3,780,N/A
2011,12,13,11,0,233,237,350,0.866,1.8,82.06,4,780,N/A
2011,12,13,11,30,169,570,461,0.866,1.8,81.99,4,780,N/A
2011,12,13,12,0,250,128,316,0.866,1.8,81.21000000000001,4,780,N/A
2011,12,13,12,30,172,11,178,0.866,2,81.16,4,780,N/A
2011,12,13,13,0,169,11,175,0.866,2.2,80.27,4,780,N/A
2011,12,13,13,30,206,72,239,0.866,2,86.11,4,780,N/A
2011,12,13,14,0,156,19,165,0.866,1.9000000000000001,86.28,4,780,N/A
2011,12,13,14,30,134,15,139,0.866,1.5,92.63,3,780,N/A
2011,12,13,15,0,119,256,194,0.866,1.2000000000000002,94.13,3,780,N/A
2011,12,13,15,30,82,262,140,0.866,1.1,100,2,780,N/A
2011,12,13,16,0,53,184,78,0.866,1,100,1,780,N/A
2011,12,13,16,30,23,0,23,0.866,1,100,0,780,N/A
2011,12,13,17,0,0,0,0,0.866,1.1,100,0,780,N/A
2011,12,13,17,30,0,0,0,0.866,1.1,100,0,780,N/A
2011,12,13,18,0,0,0,0,0.866,1.2000000000000002,99.24000000000001,0,780,N/A
2011,12,13,18,30,0,0,0,0.866,1.2000000000000002,99.25,0,780,N/A
2011,12,13,19,0,0,0,0,0.866,1.2000000000000002,97.89,0,780,N/A
2011,12,13,19,30,0,0,0,0.866,1.1,97.88,0,780,N/A
2011,12,13,20,0,0,0,0,0.866,1,97.36,0,780,N/A
2011,12,13,20,30,0,0,0,0.866,1,97.35000000000001,0,780,N/A
2011,12,13,21,0,0,0,0,0.866,1,97.42,0,780,N/A
2011,12,13,21,30,0,0,0,0.866,1.1,97.41,0,780,N/A
2011,12,13,22,0,0,0,0,0.866,1.2000000000000002,96.98,0,780,N/A
2011,12,13,22,30,0,0,0,0.866,1.2000000000000002,96.96000000000001,0,780,N/A
2011,12,13,23,0,0,0,0,0.866,1.4000000000000001,95.64,0,780,N/A
2011,12,13,23,30,0,0,0,0.866,1.4000000000000001,95.62,0,780,N/A
2011,12,14,0,0,0,0,0,0.866,1.4000000000000001,94.16,0,780,N/A
2011,12,14,0,30,0,0,0,0.866,1.4000000000000001,94.14,0,780,N/A
2011,12,14,1,0,0,0,0,0.866,1.4000000000000001,99.42,0,780,N/A
2011,12,14,1,30,0,0,0,0.866,1.4000000000000001,99.42,0,780,N/A
2011,12,14,2,0,0,0,0,0.866,1.4000000000000001,96.95,-1,780,N/A
2011,12,14,2,30,0,0,0,0.866,1.4000000000000001,96.95,-1,780,N/A
2011,12,14,3,0,0,0,0,0.866,1.4000000000000001,94.19,-1,780,N/A
2011,12,14,3,30,0,0,0,0.866,1.2000000000000002,94.2,-1,780,N/A
2011,12,14,4,0,0,0,0,0.866,1.2000000000000002,96.5,-2,780,N/A
2011,12,14,4,30,0,0,0,0.866,1.2000000000000002,96.52,-2,780,N/A
2011,12,14,5,0,0,0,0,0.866,1.3,92.26,-2,780,N/A
2011,12,14,5,30,0,0,0,0.866,1.3,92.28,-2,780,N/A
2011,12,14,6,0,0,0,0,0.866,1.4000000000000001,95.41,-3,780,N/A
2011,12,14,6,30,0,0,0,0.866,1.5,95.43,-3,780,N/A
2011,12,14,7,0,0,0,0,0.866,1.6,92.77,-3,780,N/A
2011,12,14,7,30,6,0,6,0.866,2.2,86.18,-2,780,N/A
2011,12,14,8,0,19,0,19,0.866,2.9000000000000004,86.42,-1,780,N/A
2011,12,14,8,30,93,118,120,0.866,3.3000000000000003,80.38,0,780,N/A
2011,12,14,9,0,31,0,31,0.866,3.7,82.34,0,780,N/A
2011,12,14,9,30,157,70,183,0.866,3.8000000000000003,82.35000000000001,0,780,N/A
2011,12,14,10,0,190,223,283,0.866,4,79.69,1,780,N/A
2011,12,14,10,30,185,418,378,0.866,4,79.68,1,780,N/A
2011,12,14,11,0,236,140,305,0.866,4,70.63,1,780,N/A
2011,12,14,11,30,241,94,289,0.866,4,70.61,1,780,N/A
2011,12,14,12,0,248,225,364,0.866,4.1000000000000005,62.910000000000004,2,780,N/A
2011,12,14,12,30,246,133,313,0.866,4.1000000000000005,62.910000000000004,2,780,N/A
2011,12,14,13,0,199,32,215,0.866,4.2,61.02,2,780,N/A
2011,12,14,13,30,44,0,44,0.866,4.1000000000000005,65.56,2,780,N/A
2011,12,14,14,0,63,0,63,0.866,4.1000000000000005,64.36,2,780,N/A
2011,12,14,14,30,54,0,54,0.866,3.7,69.2,1,780,N/A
2011,12,14,15,0,83,0,83,0.866,3.4000000000000004,68.85000000000001,1,780,N/A
2011,12,14,15,30,15,0,15,0.866,2.6,68.86,0,780,N/A
2011,12,14,16,0,8,0,8,0.866,1.9000000000000001,71.77,-1,780,N/A
2011,12,14,16,30,2,0,2,0.866,1.7000000000000002,77.27,-2,780,N/A
2011,12,14,17,0,0,0,0,0.866,1.6,81.56,-3,780,N/A
2011,12,14,17,30,0,0,0,0.866,1.6,81.58,-3,780,N/A
2011,12,14,18,0,0,0,0,0.866,1.6,79.74,-4,780,N/A
2011,12,14,18,30,0,0,0,0.866,1.6,79.76,-4,780,N/A
2011,12,14,19,0,0,0,0,0.866,1.6,84.94,-5,780,N/A
2011,12,14,19,30,0,0,0,0.866,1.6,84.95,-5,780,N/A
2011,12,14,20,0,0,0,0,0.866,1.6,84.25,-5,780,N/A
2011,12,14,20,30,0,0,0,0.866,1.6,84.26,-5,780,N/A
2011,12,14,21,0,0,0,0,0.866,1.7000000000000002,89.78,-6,780,N/A
2011,12,14,21,30,0,0,0,0.866,1.7000000000000002,89.78,-6,780,N/A
2011,12,14,22,0,0,0,0,0.866,1.7000000000000002,88.09,-6,780,N/A
2011,12,14,22,30,0,0,0,0.866,1.7000000000000002,88.08,-6,780,N/A
2011,12,14,23,0,0,0,0,0.866,1.8,92.52,-6,780,N/A
2011,12,14,23,30,0,0,0,0.866,1.8,92.52,-6,780,N/A
2011,12,15,0,0,0,0,0,0.866,1.8,89.91,-7,780,N/A
2011,12,15,0,30,0,0,0,0.866,1.8,89.89,-7,780,N/A
2011,12,15,1,0,0,0,0,0.866,1.8,87.07000000000001,-7,780,N/A
2011,12,15,1,30,0,0,0,0.866,1.7000000000000002,87.07000000000001,-7,780,N/A
2011,12,15,2,0,0,0,0,0.866,1.7000000000000002,90.81,-7,780,N/A
2011,12,15,2,30,0,0,0,0.866,1.6,90.8,-7,780,N/A
2011,12,15,3,0,0,0,0,0.866,1.6,87.41,-8,780,N/A
2011,12,15,3,30,0,0,0,0.866,1.6,87.41,-8,780,N/A
2011,12,15,4,0,0,0,0,0.866,1.6,83.82000000000001,-8,780,N/A
2011,12,15,4,30,0,0,0,0.866,1.7000000000000002,83.83,-8,780,N/A
2011,12,15,5,0,0,0,0,0.866,1.8,86.38,-8,780,N/A
2011,12,15,5,30,0,0,0,0.866,1.9000000000000001,86.4,-8,780,N/A
2011,12,15,6,0,0,0,0,0.866,2.1,82.16,-9,780,N/A
2011,12,15,6,30,0,0,0,0.866,2.2,76.03,-8,780,N/A
2011,12,15,7,0,0,0,0,0.866,2.3000000000000003,76.02,-8,780,N/A
2011,12,15,7,30,20,443,46,0.866,2.4000000000000004,65.19,-6,780,N/A
2011,12,15,8,0,38,655,134,0.866,2.6,71.12,-5,780,N/A
2011,12,15,8,30,51,783,228,0.866,2.8000000000000003,61.230000000000004,-3,780,N/A
2011,12,15,9,0,62,849,317,0.866,3.1,65.86,-1,780,N/A
2011,12,15,9,30,70,901,398,0.866,3.3000000000000003,61.2,0,780,N/A
2011,12,15,10,0,78,931,467,0.866,3.6,61.06,0,780,N/A
2011,12,15,10,30,155,534,402,0.866,3.5,61.050000000000004,0,780,N/A
2011,12,15,11,0,193,454,416,0.866,3.4000000000000004,62.95,0,780,N/A
2011,12,15,11,30,177,538,451,0.866,3.3000000000000003,62.93,0,780,N/A
2011,12,15,12,0,185,520,453,0.866,3.2,59.18,1,780,N/A
2011,12,15,12,30,246,169,332,0.866,3,59.17,1,780,N/A
2011,12,15,13,0,236,166,318,0.866,2.8000000000000003,59.01,1,780,N/A
2011,12,15,13,30,191,372,361,0.866,2.5,63.42,1,780,N/A
2011,12,15,14,0,175,352,321,0.866,2.4000000000000004,62.47,1,780,N/A
2011,12,15,14,30,147,346,271,0.866,2.1,62.47,0,780,N/A
2011,12,15,15,0,123,253,198,0.866,1.8,62.07,0,780,N/A
2011,12,15,15,30,89,229,140,0.866,1.3,66.77,-1,780,N/A
2011,12,15,16,0,50,208,79,0.866,0.9,68.68,-2,780,N/A
2011,12,15,16,30,21,309,37,0.866,1,73.98,-3,780,N/A
2011,12,15,17,0,0,0,0,0.866,1.1,80.65,-4,780,N/A
2011,12,15,17,30,0,0,0,0.866,1.1,80.67,-4,780,N/A
2011,12,15,18,0,0,0,0,0.866,1.1,80.42,-5,780,N/A
2011,12,15,18,30,0,0,0,0.866,1.1,80.44,-5,780,N/A
2011,12,15,19,0,0,0,0,0.866,1.2000000000000002,86.76,-6,780,N/A
2011,12,15,19,30,0,0,0,0.866,1.2000000000000002,86.77,-6,780,N/A
2011,12,15,20,0,0,0,0,0.866,1.2000000000000002,93.73,-6,780,N/A
2011,12,15,20,30,0,0,0,0.866,1.2000000000000002,93.74,-6,780,N/A
2011,12,15,21,0,0,0,0,0.866,1.2000000000000002,93.62,-7,780,N/A
2011,12,15,21,30,0,0,0,0.866,1.1,93.63,-7,780,N/A
2011,12,15,22,0,0,0,0,0.866,1.1,92.87,-7,780,N/A
2011,12,15,22,30,0,0,0,0.866,1.1,92.88,-7,780,N/A
2011,12,15,23,0,0,0,0,0.866,1.1,91.85000000000001,-7,780,N/A
2011,12,15,23,30,0,0,0,0.866,1.1,91.84,-7,780,N/A
2011,12,16,0,0,0,0,0,0.866,1.1,90.76,-7,780,N/A
2011,12,16,0,30,0,0,0,0.866,1.1,90.75,-7,780,N/A
2011,12,16,1,0,0,0,0,0.866,1.1,96.9,-7,780,N/A
2011,12,16,1,30,0,0,0,0.866,1.1,96.89,-7,780,N/A
2011,12,16,2,0,0,0,0,0.866,1.2000000000000002,95.35000000000001,-7,780,N/A
2011,12,16,2,30,0,0,0,0.866,1.2000000000000002,95.32000000000001,-7,780,N/A
2011,12,16,3,0,0,0,0,0.866,1.4000000000000001,93.32000000000001,-8,780,N/A
2011,12,16,3,30,0,0,0,0.866,1.4000000000000001,93.32000000000001,-8,780,N/A
2011,12,16,4,0,0,0,0,0.866,1.4000000000000001,91.17,-8,780,N/A
2011,12,16,4,30,0,0,0,0.866,1.2000000000000002,91.2,-8,780,N/A
2011,12,16,5,0,0,0,0,0.866,1.2000000000000002,96.46000000000001,-8,780,N/A
2011,12,16,5,30,0,0,0,0.866,1.1,96.48,-8,780,N/A
2011,12,16,6,0,0,0,0,0.866,1.1,94.13,-9,780,N/A
2011,12,16,6,30,0,0,0,0.866,1.1,94.16,-8,790,N/A
2011,12,16,7,0,0,0,0,0.866,1.1,92.57000000000001,-8,790,N/A
2011,12,16,7,30,20,438,45,0.866,1.5,79.28,-6,790,N/A
2011,12,16,8,0,37,678,134,0.866,1.9000000000000001,72.13,-5,790,N/A
2011,12,16,8,30,48,806,230,0.866,1.5,62.1,-3,790,N/A
2011,12,16,9,0,56,890,321,0.866,1.2000000000000002,61.28,-2,790,N/A
2011,12,16,9,30,63,940,404,0.866,1,56.95,-1,790,N/A
2011,12,16,10,0,67,978,474,0.866,0.8,50.63,0,790,N/A
2011,12,16,10,30,71,1000,530,0.866,0.7000000000000001,47.1,1,790,N/A
2011,12,16,11,0,80,1000,570,0.866,0.7000000000000001,43.1,2,790,N/A
2011,12,16,11,30,82,1008,595,0.866,0.6000000000000001,43.08,3,790,N/A
2011,12,16,12,0,82,1012,603,0.866,0.5,37.07,4,790,N/A
2011,12,16,12,30,81,1009,594,0.866,0.5,37.06,4,790,N/A
2011,12,16,13,0,78,1002,568,0.866,0.6000000000000001,32.85,4,790,N/A
2011,12,16,13,30,75,986,526,0.866,0.6000000000000001,32.85,4,790,N/A
2011,12,16,14,0,71,961,469,0.866,0.6000000000000001,32.35,4,790,N/A
2011,12,16,14,30,65,925,398,0.866,0.5,34.71,3,790,N/A
2011,12,16,15,0,57,876,316,0.866,0.4,45.58,3,790,N/A
2011,12,16,15,30,48,797,225,0.866,0.4,52.56,2,790,N/A
2011,12,16,16,0,36,669,130,0.866,0.5,48.38,1,790,N/A
2011,12,16,16,30,19,420,41,0.866,0.30000000000000004,48.39,0,790,N/A
2011,12,16,17,0,0,0,0,0.866,0.1,42.49,0,790,N/A
2011,12,16,17,30,0,0,0,0.866,0.2,42.5,0,790,N/A
2011,12,16,18,0,0,0,0,0.866,0.4,45.53,0,790,N/A
2011,12,16,18,30,0,0,0,0.866,0.5,45.53,0,790,N/A
2011,12,16,19,0,0,0,0,0.866,0.7000000000000001,45.14,-1,790,N/A
2011,12,16,19,30,0,0,0,0.866,0.7000000000000001,45.14,-1,790,N/A
2011,12,16,20,0,0,0,0,0.866,0.8,48.17,-2,790,N/A
2011,12,16,20,30,0,0,0,0.866,0.8,48.17,-2,790,N/A
2011,12,16,21,0,0,0,0,0.866,0.8,47.63,-2,790,N/A
2011,12,16,21,30,0,0,0,0.866,0.8,47.64,-2,790,N/A
2011,12,16,22,0,0,0,0,0.866,0.8,47.22,-2,790,N/A
2011,12,16,22,30,0,0,0,0.866,0.8,47.22,-2,790,N/A
2011,12,16,23,0,0,0,0,0.866,0.9,50.620000000000005,-3,790,N/A
2011,12,16,23,30,0,0,0,0.866,1,50.620000000000005,-3,790,N/A
2011,12,17,0,0,0,0,0,0.866,1.1,54.120000000000005,-4,790,N/A
2011,12,17,0,30,0,0,0,0.866,1.1,54.120000000000005,-4,790,N/A
2011,12,17,1,0,0,0,0,0.866,1.1,57.33,-5,790,N/A
2011,12,17,1,30,0,0,0,0.866,1.1,57.33,-5,790,N/A
2011,12,17,2,0,0,0,0,0.866,1.1,60.410000000000004,-5,790,N/A
2011,12,17,2,30,0,0,0,0.866,1.1,60.410000000000004,-5,790,N/A
2011,12,17,3,0,0,0,0,0.866,1.2000000000000002,58.46,-6,790,N/A
2011,12,17,3,30,0,0,0,0.866,1.2000000000000002,58.46,-6,790,N/A
2011,12,17,4,0,0,0,0,0.866,1.2000000000000002,56.800000000000004,-6,790,N/A
2011,12,17,4,30,0,0,0,0.866,1.2000000000000002,56.800000000000004,-6,790,N/A
2011,12,17,5,0,0,0,0,0.866,1.3,54.94,-6,790,N/A
2011,12,17,5,30,0,0,0,0.866,1.3,54.94,-5,790,N/A
2011,12,17,6,0,0,0,0,0.866,1.3,53.01,-5,790,N/A
2011,12,17,6,30,0,0,0,0.866,1.2000000000000002,49.14,-4,790,N/A
2011,12,17,7,0,0,0,0,0.866,1.2000000000000002,48.29,-4,790,N/A
2011,12,17,7,30,20,146,28,0.866,1,41.57,-2,790,N/A
2011,12,17,8,0,49,263,86,0.866,0.8,51.49,-1,790,N/A
2011,12,17,8,30,47,814,229,0.866,1,44.49,0,790,N/A
2011,12,17,9,0,55,893,320,0.866,1.2000000000000002,42.21,1,790,N/A
2011,12,17,9,30,87,652,322,0.866,1,39.29,2,790,N/A
2011,12,17,10,0,91,715,388,0.866,0.8,39.76,3,790,N/A
2011,12,17,10,30,73,995,528,0.866,0.7000000000000001,37.04,4,790,N/A
2011,12,17,11,0,102,777,482,0.866,0.6000000000000001,35.07,5,790,N/A
2011,12,17,11,30,81,1005,592,0.866,0.6000000000000001,35.050000000000004,5,790,N/A
2011,12,17,12,0,83,1003,599,0.866,0.7000000000000001,33.13,6,790,N/A
2011,12,17,12,30,95,824,514,0.866,0.8,33.12,6,790,N/A
2011,12,17,13,0,80,986,562,0.866,0.9,35.28,6,790,N/A
2011,12,17,13,30,76,965,518,0.866,0.8,37.81,6,790,N/A
2011,12,17,14,0,92,713,387,0.866,0.8,41.1,6,790,N/A
2011,12,17,14,30,83,679,327,0.866,0.6000000000000001,44.06,5,790,N/A
2011,12,17,15,0,94,475,234,0.866,0.5,55.49,4,790,N/A
2011,12,17,15,30,64,477,170,0.866,0.6000000000000001,63.910000000000004,2,790,N/A
2011,12,17,16,0,42,382,96,0.866,0.7000000000000001,59.07,1,790,N/A
2011,12,17,16,30,19,210,31,0.866,0.9,63.49,0,790,N/A
2011,12,17,17,0,0,0,0,0.866,1.1,56.2,0,790,N/A
2011,12,17,17,30,0,0,0,0.866,1.1,56.19,0,790,N/A
2011,12,17,18,0,0,0,0,0.866,1.2000000000000002,55.370000000000005,0,790,N/A
2011,12,17,18,30,0,0,0,0.866,1.2000000000000002,55.370000000000005,0,790,N/A
2011,12,17,19,0,0,0,0,0.866,1.2000000000000002,54.15,0,790,N/A
2011,12,17,19,30,0,0,0,0.866,1.2000000000000002,54.14,0,790,N/A
2011,12,17,20,0,0,0,0,0.866,1.3,52.95,0,790,N/A
2011,12,17,20,30,0,0,0,0.866,1.2000000000000002,52.95,0,790,N/A
2011,12,17,21,0,0,0,0,0.866,1.2000000000000002,52.58,0,790,N/A
2011,12,17,21,30,0,0,0,0.866,1.1,52.58,0,790,N/A
2011,12,17,22,0,0,0,0,0.866,1.1,52.84,1,790,N/A
2011,12,17,22,30,0,0,0,0.866,1,52.83,1,790,N/A
2011,12,17,23,0,0,0,0,0.866,1,49.5,1,790,N/A
2011,12,17,23,30,0,0,0,0.866,0.9,49.480000000000004,1,790,N/A
2011,12,18,0,0,0,0,0,0.866,0.9,50.25,1,790,N/A
2011,12,18,0,30,0,0,0,0.866,0.9,50.230000000000004,1,790,N/A
2011,12,18,1,0,0,0,0,0.866,1,51.32,1,790,N/A
2011,12,18,1,30,0,0,0,0.866,1,51.31,1,790,N/A
2011,12,18,2,0,0,0,0,0.866,1,52.56,1,790,N/A
2011,12,18,2,30,0,0,0,0.866,0.9,52.53,1,780,N/A
2011,12,18,3,0,0,0,0,0.866,0.9,53.69,1,780,N/A
2011,12,18,3,30,0,0,0,0.866,0.9,53.67,1,780,N/A
2011,12,18,4,0,0,0,0,0.866,0.9,55.09,2,780,N/A
2011,12,18,4,30,0,0,0,0.866,0.9,55.08,2,780,N/A
2011,12,18,5,0,0,0,0,0.866,0.9,56.54,2,780,N/A
2011,12,18,5,30,0,0,0,0.866,0.9,56.54,1,780,N/A
2011,12,18,6,0,0,0,0,0.866,0.9,57.84,1,780,N/A
2011,12,18,6,30,0,0,0,0.866,0.8,57.84,1,780,N/A
2011,12,18,7,0,0,0,0,0.866,0.8,59.870000000000005,2,780,N/A
2011,12,18,7,30,18,404,39,0.866,0.7000000000000001,55.730000000000004,2,780,N/A
2011,12,18,8,0,34,634,123,0.866,0.7000000000000001,62.21,3,780,N/A
2011,12,18,8,30,45,763,215,0.866,0.8,57.980000000000004,4,780,N/A
2011,12,18,9,0,54,840,302,0.866,0.9,58.13,5,780,N/A
2011,12,18,9,30,61,892,382,0.866,1,54.230000000000004,6,780,N/A
2011,12,18,10,0,67,926,450,0.866,1.2000000000000002,53.71,7,780,N/A
2011,12,18,10,30,71,950,505,0.866,1.2000000000000002,53.67,8,780,N/A
2011,12,18,11,0,80,951,544,0.866,1.4000000000000001,54.300000000000004,9,780,N/A
2011,12,18,11,30,82,961,569,0.866,1.4000000000000001,54.26,9,780,N/A
2011,12,18,12,0,82,964,578,0.866,1.4000000000000001,51.96,9,780,N/A
2011,12,18,12,30,82,961,570,0.866,1.4000000000000001,51.92,9,780,N/A
2011,12,18,13,0,80,953,546,0.866,1.4000000000000001,52.7,9,780,N/A
2011,12,18,13,30,77,937,505,0.866,1.4000000000000001,56.36,8,780,N/A
2011,12,18,14,0,74,906,450,0.866,1.4000000000000001,57.410000000000004,8,780,N/A
2011,12,18,14,30,68,869,381,0.866,1.1,61.44,7,780,N/A
2011,12,18,15,0,61,812,301,0.866,0.8,70.16,6,780,N/A
2011,12,18,15,30,51,728,214,0.866,0.7000000000000001,80.62,4,780,N/A
2011,12,18,16,0,38,589,122,0.866,0.7000000000000001,85.12,2,780,N/A
2011,12,18,16,30,20,347,39,0.866,0.6000000000000001,91.42,1,780,N/A
2011,12,18,17,0,0,0,0,0.866,0.6000000000000001,96.03,0,780,N/A
2011,12,18,17,30,0,0,0,0.866,0.6000000000000001,96.01,0,780,N/A
2011,12,18,18,0,0,0,0,0.866,0.7000000000000001,95.64,0,780,N/A
2011,12,18,18,30,0,0,0,0.866,0.7000000000000001,95.62,0,780,N/A
2011,12,18,19,0,0,0,0,0.866,0.8,94.52,0,780,N/A
2011,12,18,19,30,0,0,0,0.866,0.7000000000000001,94.49,0,780,N/A
2011,12,18,20,0,0,0,0,0.866,0.6000000000000001,100,0,780,N/A
2011,12,18,20,30,0,0,0,0.866,0.6000000000000001,100,0,780,N/A
2011,12,18,21,0,0,0,0,0.866,0.6000000000000001,99.12,0,780,N/A
2011,12,18,21,30,0,0,0,0.866,0.8,99.08,0,780,N/A
2011,12,18,22,0,0,0,0,0.866,1,98.64,0,780,N/A
2011,12,18,22,30,0,0,0,0.866,1.3,98.57000000000001,0,780,N/A
2011,12,18,23,0,0,0,0,0.866,1.6,99.14,0,780,N/A
2011,12,18,23,30,0,0,0,0.866,1.8,99.06,0,770,N/A
2011,12,19,0,0,0,0,0,0.866,2,100,0,770,N/A
2011,12,19,0,30,0,0,0,0.866,1.9000000000000001,92.95,0,770,N/A
2011,12,19,1,0,0,0,0,0.866,1.9000000000000001,93.02,0,770,N/A
2011,12,19,1,30,0,0,0,0.866,1.9000000000000001,92.96000000000001,0,770,N/A
2011,12,19,2,0,0,0,0,0.866,2,91.45,0,770,N/A
2011,12,19,2,30,0,0,0,0.866,1.9000000000000001,91.4,0,770,N/A
2011,12,19,3,0,0,0,0,0.866,1.9000000000000001,91.83,0,770,N/A
2011,12,19,3,30,0,0,0,0.866,1.7000000000000002,91.81,0,770,N/A
2011,12,19,4,0,0,0,0,0.866,1.5,92.7,0,770,N/A
2011,12,19,4,30,0,0,0,0.866,1.5,92.69,0,770,N/A
2011,12,19,5,0,0,0,0,0.866,1.5,92.22,0,770,N/A
2011,12,19,5,30,0,0,0,0.866,1.4000000000000001,92.2,0,770,N/A
2011,12,19,6,0,0,0,0,0.866,1.4000000000000001,97.15,-1,770,N/A
2011,12,19,6,30,0,0,0,0.866,1.6,97.17,0,770,N/A
2011,12,19,7,0,0,0,0,0.866,1.8,96.14,0,770,N/A
2011,12,19,7,30,8,0,8,0.866,2.1,89.39,0,770,N/A
2011,12,19,8,0,28,0,28,0.866,2.5,89.99,0,770,N/A
2011,12,19,8,30,76,0,76,0.866,2.5,89.99,0,770,N/A
2011,12,19,9,0,45,0,45,0.866,2.6,84.98,0,770,N/A
2011,12,19,9,30,119,1,119,0.866,2.8000000000000003,84.97,0,770,N/A
2011,12,19,10,0,152,16,159,0.866,3,79.39,0,770,N/A
2011,12,19,10,30,147,5,150,0.866,3.1,79.37,0,770,N/A
2011,12,19,11,0,160,8,164,0.866,3.2,75.95,0,770,N/A
2011,12,19,11,30,230,323,394,0.866,3,75.94,0,770,N/A
2011,12,19,12,0,248,120,310,0.866,2.9000000000000004,74.54,0,770,N/A
2011,12,19,12,30,235,293,384,0.866,2.7,74.55,0,770,N/A
2011,12,19,13,0,228,90,272,0.866,2.5,73.34,0,770,N/A
2011,12,19,13,30,121,0,121,0.866,2.2,73.37,0,770,N/A
2011,12,19,14,0,65,0,65,0.866,1.9000000000000001,72.04,0,770,N/A
2011,12,19,14,30,55,0,55,0.866,1.4000000000000001,72.09,0,770,N/A
2011,12,19,15,0,75,0,75,0.866,1,76.35000000000001,-1,770,N/A
2011,12,19,15,30,90,84,109,0.866,0.9,76.4,-1,770,N/A
2011,12,19,16,0,53,50,61,0.866,0.8,77.94,-2,770,N/A
2011,12,19,16,30,19,2,19,0.866,0.8,78,-2,770,N/A
2011,12,19,17,0,0,0,0,0.866,0.8,80.12,-3,770,N/A
2011,12,19,17,30,0,0,0,0.866,0.8,80.18,-3,780,N/A
2011,12,19,18,0,0,0,0,0.866,0.8,78.24,-3,780,N/A
2011,12,19,18,30,0,0,0,0.866,0.8,78.28,-3,780,N/A
2011,12,19,19,0,0,0,0,0.866,0.9,81.88,-3,780,N/A
2011,12,19,19,30,0,0,0,0.866,0.9,81.89,-3,780,N/A
2011,12,19,20,0,0,0,0,0.866,0.9,79.82000000000001,-4,780,N/A
2011,12,19,20,30,0,0,0,0.866,0.9,79.83,-4,780,N/A
2011,12,19,21,0,0,0,0,0.866,1,77.91,-4,780,N/A
2011,12,19,21,30,0,0,0,0.866,1,77.91,-4,780,N/A
2011,12,19,22,0,0,0,0,0.866,1.1,80.7,-4,780,N/A
2011,12,19,22,30,0,0,0,0.866,1.1,80.7,-4,780,N/A
2011,12,19,23,0,0,0,0,0.866,1.2000000000000002,80.53,-5,780,N/A
2011,12,19,23,30,0,0,0,0.866,1.2000000000000002,80.51,-5,780,N/A
2011,12,20,0,0,0,0,0,0.866,1.3,79.85000000000001,-6,780,N/A
2011,12,20,0,30,0,0,0,0.866,1.2000000000000002,79.85000000000001,-6,780,N/A
2011,12,20,1,0,0,0,0,0.866,1.2000000000000002,81.75,-7,780,N/A
2011,12,20,1,30,0,0,0,0.866,1.1,81.75,-7,780,N/A
2011,12,20,2,0,0,0,0,0.866,1.1,80.19,-8,780,N/A
2011,12,20,2,30,0,0,0,0.866,1.1,80.2,-8,780,N/A
2011,12,20,3,0,0,0,0,0.866,1.1,79.49,-8,780,N/A
2011,12,20,3,30,0,0,0,0.866,1.1,79.49,-8,780,N/A
2011,12,20,4,0,0,0,0,0.866,1.1,78.74,-8,780,N/A
2011,12,20,4,30,0,0,0,0.866,1.1,78.76,-8,780,N/A
2011,12,20,5,0,0,0,0,0.866,1.1,77.97,-8,780,N/A
2011,12,20,5,30,0,0,0,0.866,1.1,77.98,-8,780,N/A
2011,12,20,6,0,0,0,0,0.866,1.1,76.86,-8,780,N/A
2011,12,20,6,30,0,0,0,0.866,1.1,76.86,-7,780,N/A
2011,12,20,7,0,0,0,0,0.866,1.1,76.43,-7,780,N/A
2011,12,20,7,30,36,0,36,0.866,1.1,65.52,-6,780,N/A
2011,12,20,8,0,35,625,121,0.866,1.1,64.85,-5,780,N/A
2011,12,20,8,30,47,760,213,0.866,0.7000000000000001,55.82,-3,780,N/A
2011,12,20,9,0,56,843,302,0.866,0.4,59.27,-1,780,N/A
2011,12,20,9,30,63,896,383,0.866,0.6000000000000001,55.07,0,780,N/A
2011,12,20,10,0,68,932,452,0.866,0.8,56.53,0,780,N/A
2011,12,20,10,30,72,956,508,0.866,1.2000000000000002,56.5,0,780,N/A
2011,12,20,11,0,78,966,548,0.866,1.6,56.85,1,780,N/A
2011,12,20,11,30,178,532,447,0.866,1.8,56.82,1,780,N/A
2011,12,20,12,0,81,977,582,0.866,2.1,58.97,2,780,N/A
2011,12,20,12,30,80,974,575,0.866,2.2,58.95,2,780,N/A
2011,12,20,13,0,78,965,550,0.866,2.3000000000000003,59.82,2,780,N/A
2011,12,20,13,30,75,950,510,0.866,2.3000000000000003,59.800000000000004,2,780,N/A
2011,12,20,14,0,70,928,456,0.866,2.3000000000000003,60.42,2,780,N/A
2011,12,20,14,30,64,893,388,0.866,2.1,64.94,1,780,N/A
2011,12,20,15,0,57,844,308,0.866,2,66.21000000000001,1,780,N/A
2011,12,20,15,30,48,766,220,0.866,1.5,71.21000000000001,0,780,N/A
2011,12,20,16,0,36,642,129,0.866,1.1,72.42,-1,780,N/A
2011,12,20,16,30,20,408,43,0.866,1.1,77.98,-2,780,N/A
2011,12,20,17,0,0,0,0,0.866,1.2000000000000002,78.27,-4,780,N/A
2011,12,20,17,30,0,0,0,0.866,1.2000000000000002,78.28,-4,780,N/A
2011,12,20,18,0,0,0,0,0.866,1.3,82.10000000000001,-5,780,N/A
2011,12,20,18,30,0,0,0,0.866,1.3,82.10000000000001,-5,780,N/A
2011,12,20,19,0,0,0,0,0.866,1.3,81.21000000000001,-6,780,N/A
2011,12,20,19,30,0,0,0,0.866,1.3,81.2,-6,780,N/A
2011,12,20,20,0,0,0,0,0.866,1.3,87.12,-6,780,N/A
2011,12,20,20,30,0,0,0,0.866,1.3,87.11,-6,780,N/A
2011,12,20,21,0,0,0,0,0.866,1.4000000000000001,86.52,-7,780,N/A
2011,12,20,21,30,0,0,0,0.866,1.4000000000000001,86.52,-7,780,N/A
2011,12,20,22,0,0,0,0,0.866,1.4000000000000001,85.66,-7,780,N/A
2011,12,20,22,30,0,0,0,0.866,1.4000000000000001,85.65,-7,780,N/A
2011,12,20,23,0,0,0,0,0.866,1.4000000000000001,84.67,-7,780,N/A
2011,12,20,23,30,0,0,0,0.866,1.4000000000000001,84.65,-7,780,N/A
2011,12,21,0,0,0,0,0,0.866,1.4000000000000001,90.45,-7,780,N/A
2011,12,21,0,30,0,0,0,0.866,1.4000000000000001,90.44,-7,780,N/A
2011,12,21,1,0,0,0,0,0.866,1.4000000000000001,89.75,-7,780,N/A
2011,12,21,1,30,0,0,0,0.866,1.4000000000000001,89.73,-7,770,N/A
2011,12,21,2,0,0,0,0,0.866,1.4000000000000001,90.2,-8,770,N/A
2011,12,21,2,30,0,0,0,0.866,1.4000000000000001,90.17,-8,770,N/A
2011,12,21,3,0,0,0,0,0.866,1.4000000000000001,91.18,-8,770,N/A
2011,12,21,3,30,0,0,0,0.866,1.4000000000000001,91.16,-8,770,N/A
2011,12,21,4,0,0,0,0,0.866,1.4000000000000001,91.55,-8,770,N/A
2011,12,21,4,30,0,0,0,0.866,1.4000000000000001,91.54,-8,770,N/A
2011,12,21,5,0,0,0,0,0.866,1.4000000000000001,91.27,-8,770,N/A
2011,12,21,5,30,0,0,0,0.866,1.4000000000000001,91.27,-8,770,N/A
2011,12,21,6,0,0,0,0,0.866,1.5,90.35000000000001,-8,770,N/A
2011,12,21,6,30,0,0,0,0.866,1.6,90.35000000000001,-8,770,N/A
2011,12,21,7,0,0,0,0,0.866,1.7000000000000002,89.72,-8,770,N/A
2011,12,21,7,30,9,0,9,0.866,1.9000000000000001,76.93,-6,770,N/A
2011,12,21,8,0,30,0,30,0.866,2.2,80.39,-5,770,N/A
2011,12,21,8,30,53,0,53,0.866,2.7,69.19,-3,770,N/A
2011,12,21,9,0,92,0,92,0.866,3.2,72.97,-2,770,N/A
2011,12,21,9,30,144,38,157,0.866,3.5,67.79,-1,770,N/A
2011,12,21,10,0,183,84,218,0.866,3.8000000000000003,66.42,0,770,N/A
2011,12,21,10,30,214,143,279,0.866,3.9000000000000004,66.38,0,770,N/A
2011,12,21,11,0,232,131,296,0.866,4,67.7,1,770,N/A
2011,12,21,11,30,234,290,382,0.866,4.1000000000000005,67.66,1,770,N/A
2011,12,21,12,0,225,369,415,0.866,4.2,62.95,1,770,N/A
2011,12,21,12,30,210,426,426,0.866,4.1000000000000005,62.910000000000004,1,770,N/A
2011,12,21,13,0,214,355,388,0.866,4.1000000000000005,62.050000000000004,2,770,N/A
2011,12,21,13,30,196,356,360,0.866,4,62.04,1,770,N/A
2011,12,21,14,0,171,366,323,0.866,3.9000000000000004,60.550000000000004,1,770,N/A
2011,12,21,14,30,147,353,275,0.866,3.5,65.08,0,770,N/A
2011,12,21,15,0,63,842,314,0.866,3.1,63.800000000000004,0,770,N/A
2011,12,21,15,30,53,760,225,0.866,2.4000000000000004,68.63,-1,770,N/A
2011,12,21,16,0,39,632,131,0.866,1.7000000000000002,67.19,-2,770,N/A
2011,12,21,16,30,21,389,44,0.866,1.7000000000000002,72.38,-3,770,N/A
2011,12,21,17,0,0,0,0,0.866,1.7000000000000002,72.49,-5,770,N/A
2011,12,21,17,30,0,0,0,0.866,1.7000000000000002,72.52,-5,770,N/A
2011,12,21,18,0,0,0,0,0.866,1.7000000000000002,75.3,-5,770,N/A
2011,12,21,18,30,0,0,0,0.866,1.6,75.32000000000001,-5,770,N/A
2011,12,21,19,0,0,0,0,0.866,1.6,74.4,-6,770,N/A
2011,12,21,19,30,0,0,0,0.866,1.6,74.41,-6,770,N/A
2011,12,21,20,0,0,0,0,0.866,1.6,75.29,-6,770,N/A
2011,12,21,20,30,0,0,0,0.866,1.5,75.3,-6,770,N/A
2011,12,21,21,0,0,0,0,0.866,1.5,82.69,-7,770,N/A
2011,12,21,21,30,0,0,0,0.866,1.4000000000000001,82.71000000000001,-7,770,N/A
2011,12,21,22,0,0,0,0,0.866,1.4000000000000001,83.89,-7,770,N/A
2011,12,21,22,30,0,0,0,0.866,1.3,83.9,-7,770,N/A
2011,12,21,23,0,0,0,0,0.866,1.3,91.02,-7,770,N/A
2011,12,21,23,30,0,0,0,0.866,1.3,91.03,-7,770,N/A
2011,12,22,0,0,0,0,0,0.866,1.3,90.5,-8,780,N/A
2011,12,22,0,30,0,0,0,0.866,1.3,90.52,-8,780,N/A
2011,12,22,1,0,0,0,0,0.866,1.3,89.22,-8,780,N/A
2011,12,22,1,30,0,0,0,0.866,1.3,89.24,-8,780,N/A
2011,12,22,2,0,0,0,0,0.866,1.3,88.13,-8,780,N/A
2011,12,22,2,30,0,0,0,0.866,1.3,88.16,-8,780,N/A
2011,12,22,3,0,0,0,0,0.866,1.3,87.16,-8,780,N/A
2011,12,22,3,30,0,0,0,0.866,1.2000000000000002,87.19,-8,780,N/A
2011,12,22,4,0,0,0,0,0.866,1.1,93.17,-8,780,N/A
2011,12,22,4,30,0,0,0,0.866,1,93.2,-8,780,N/A
2011,12,22,5,0,0,0,0,0.866,0.9,92.13,-8,780,N/A
2011,12,22,5,30,0,0,0,0.866,0.9,85.25,-8,780,N/A
2011,12,22,6,0,0,0,0,0.866,0.9,84.74,-8,780,N/A
2011,12,22,6,30,0,0,0,0.866,0.7000000000000001,84.77,-7,780,N/A
2011,12,22,7,0,0,0,0,0.866,0.6000000000000001,84.09,-7,780,N/A
2011,12,22,7,30,2,0,2,0.866,0.7000000000000001,72.13,-6,780,N/A
2011,12,22,8,0,8,0,8,0.866,0.8,72.56,-5,780,N/A
2011,12,22,8,30,14,0,14,0.866,1.1,62.480000000000004,-3,780,N/A
2011,12,22,9,0,26,0,26,0.866,1.4000000000000001,61.730000000000004,-2,780,N/A
2011,12,22,9,30,140,30,151,0.866,1.7000000000000002,57.36,-1,780,N/A
2011,12,22,10,0,185,104,228,0.866,2,59.2,0,780,N/A
2011,12,22,10,30,182,30,196,0.866,2.2,55.03,0,780,N/A
2011,12,22,11,0,209,363,386,0.866,2.5,56.71,0,780,N/A
2011,12,22,11,30,216,42,238,0.866,2.6,56.69,0,780,N/A
2011,12,22,12,0,235,312,395,0.866,2.8000000000000003,57.63,0,780,N/A
2011,12,22,12,30,232,311,390,0.866,2.9000000000000004,57.61,0,780,N/A
2011,12,22,13,0,238,274,373,0.866,3,62.440000000000005,-1,780,N/A
2011,12,22,13,30,124,654,425,0.866,3.2,62.440000000000005,-1,780,N/A
2011,12,22,14,0,176,330,314,0.866,3.4000000000000004,67.51,-2,780,N/A
2011,12,22,14,30,168,269,266,0.866,3.7,67.51,-2,780,N/A
2011,12,22,15,0,102,433,232,0.866,4.1000000000000005,71.41,-3,780,N/A
2011,12,22,15,30,77,583,210,0.866,4.4,71.42,-3,780,N/A
2011,12,22,16,0,55,146,77,0.866,4.7,73.47,-4,780,N/A
2011,12,22,16,30,23,40,25,0.866,5.1000000000000005,79.24,-4,780,N/A
2011,12,22,17,0,0,0,0,0.866,5.5,80.21000000000001,-5,780,N/A
2011,12,22,17,30,0,0,0,0.866,5.7,80.24,-5,780,N/A
2011,12,22,18,0,0,0,0,0.866,6,75.01,-6,780,N/A
2011,12,22,18,30,0,0,0,0.866,6.1000000000000005,75.03,-6,780,N/A
2011,12,22,19,0,0,0,0,0.866,6.2,76.41,-7,780,N/A
2011,12,22,19,30,0,0,0,0.866,6.1000000000000005,76.41,-7,780,N/A
2011,12,22,20,0,0,0,0,0.866,6.1000000000000005,72.84,-7,780,N/A
2011,12,22,20,30,0,0,0,0.866,5.800000000000001,72.85000000000001,-7,780,N/A
2011,12,22,21,0,0,0,0,0.866,5.6000000000000005,76.27,-7,780,N/A
2011,12,22,21,30,0,0,0,0.866,5.300000000000001,76.28,-7,780,N/A
2011,12,22,22,0,0,0,0,0.866,5,74.93,-8,780,N/A
2011,12,22,22,30,0,0,0,0.866,4.7,74.95,-8,780,N/A
2011,12,22,23,0,0,0,0,0.866,4.4,73.99,-8,780,N/A
2011,12,22,23,30,0,0,0,0.866,4.1000000000000005,74,-8,780,N/A
2011,12,23,0,0,0,0,0,0.866,3.9000000000000004,72.76,-8,780,N/A
2011,12,23,0,30,0,0,0,0.866,3.7,72.77,-8,780,N/A
2011,12,23,1,0,0,0,0,0.866,3.6,71.71000000000001,-8,780,N/A
2011,12,23,1,30,0,0,0,0.866,3.4000000000000004,71.71000000000001,-8,780,N/A
2011,12,23,2,0,0,0,0,0.866,3.2,76.07000000000001,-8,780,N/A
2011,12,23,2,30,0,0,0,0.866,3,76.06,-8,780,N/A
2011,12,23,3,0,0,0,0,0.866,2.9000000000000004,72.58,-9,780,N/A
2011,12,23,3,30,0,0,0,0.866,2.7,72.58,-9,780,N/A
2011,12,23,4,0,0,0,0,0.866,2.6,75.86,-9,780,N/A
2011,12,23,4,30,0,0,0,0.866,2.4000000000000004,75.88,-9,780,N/A
2011,12,23,5,0,0,0,0,0.866,2.3000000000000003,75.10000000000001,-10,780,N/A
2011,12,23,5,30,0,0,0,0.866,2.2,75.13,-10,780,N/A
2011,12,23,6,0,0,0,0,0.866,2.2,74.28,-10,780,N/A
2011,12,23,6,30,0,0,0,0.866,2.2,74.3,-10,780,N/A
2011,12,23,7,0,0,0,0,0.866,2.2,73.83,-10,780,N/A
2011,12,23,7,30,23,0,23,0.866,2.3000000000000003,68.27,-9,780,N/A
2011,12,23,8,0,50,248,83,0.866,2.5,67.88,-8,780,N/A
2011,12,23,8,30,72,360,150,0.866,2.7,62.85,-6,790,N/A
2011,12,23,9,0,65,797,295,0.866,3,64.65,-5,790,N/A
2011,12,23,9,30,73,856,376,0.866,3,59.93,-4,790,N/A
2011,12,23,10,0,83,888,446,0.866,3.1,59.410000000000004,-4,790,N/A
2011,12,23,10,30,88,915,503,0.866,3,55.120000000000005,-3,790,N/A
2011,12,23,11,0,227,98,275,0.866,3,58.44,-2,790,N/A
2011,12,23,11,30,229,317,390,0.866,2.9000000000000004,54.24,-1,780,N/A
2011,12,23,12,0,167,579,465,0.866,2.8000000000000003,52.620000000000005,-1,780,N/A
2011,12,23,12,30,214,401,418,0.866,2.6,48.92,0,780,N/A
2011,12,23,13,0,91,938,551,0.866,2.5,50.57,0,780,N/A
2011,12,23,13,30,88,923,512,0.866,2.3000000000000003,50.57,0,780,N/A
2011,12,23,14,0,81,904,459,0.866,2.1,51.85,0,780,N/A
2011,12,23,14,30,74,868,391,0.866,1.8,51.86,0,780,N/A
2011,12,23,15,0,64,822,312,0.866,1.5,53.78,0,780,N/A
2011,12,23,15,30,54,742,224,0.866,1.1,57.86,-1,780,N/A
2011,12,23,16,0,40,624,133,0.866,0.8,55.39,-2,780,N/A
2011,12,23,16,30,22,393,46,0.866,0.8,59.660000000000004,-3,790,N/A
2011,12,23,17,0,0,0,0,0.866,0.9,57.15,-5,790,N/A
2011,12,23,17,30,0,0,0,0.866,1,61.68,-5,790,N/A
2011,12,23,18,0,0,0,0,0.866,1.1,61.44,-6,790,N/A
2011,12,23,18,30,0,0,0,0.866,1.2000000000000002,61.45,-7,790,N/A
2011,12,23,19,0,0,0,0,0.866,1.3,61.32,-8,790,N/A
2011,12,23,19,30,0,0,0,0.866,1.3,61.32,-8,790,N/A
2011,12,23,20,0,0,0,0,0.866,1.4000000000000001,61.17,-9,790,N/A
2011,12,23,20,30,0,0,0,0.866,1.4000000000000001,61.17,-9,790,N/A
2011,12,23,21,0,0,0,0,0.866,1.4000000000000001,61.42,-10,790,N/A
2011,12,23,21,30,0,0,0,0.866,1.4000000000000001,61.42,-10,790,N/A
2011,12,23,22,0,0,0,0,0.866,1.5,62.07,-10,790,N/A
2011,12,23,22,30,0,0,0,0.866,1.5,62.07,-10,790,N/A
2011,12,23,23,0,0,0,0,0.866,1.5,58.32,-11,790,N/A
2011,12,23,23,30,0,0,0,0.866,1.5,58.32,-11,790,N/A
2011,12,24,0,0,0,0,0,0.866,1.6,59.54,-11,790,N/A
2011,12,24,0,30,0,0,0,0.866,1.6,59.54,-11,790,N/A
2011,12,24,1,0,0,0,0,0.866,1.6,56.49,-12,790,N/A
2011,12,24,1,30,0,0,0,0.866,1.6,56.49,-12,790,N/A
2011,12,24,2,0,0,0,0,0.866,1.7000000000000002,54.19,-12,790,N/A
2011,12,24,2,30,0,0,0,0.866,1.7000000000000002,54.19,-12,790,N/A
2011,12,24,3,0,0,0,0,0.866,1.8,52.72,-12,790,N/A
2011,12,24,3,30,0,0,0,0.866,1.8,52.72,-12,790,N/A
2011,12,24,4,0,0,0,0,0.866,1.8,56.370000000000005,-12,790,N/A
2011,12,24,4,30,0,0,0,0.866,1.8,56.38,-12,790,N/A
2011,12,24,5,0,0,0,0,0.866,1.9000000000000001,56.68,-12,790,N/A
2011,12,24,5,30,0,0,0,0.866,1.9000000000000001,56.69,-12,790,N/A
2011,12,24,6,0,0,0,0,0.866,2,57.75,-12,790,N/A
2011,12,24,6,30,0,0,0,0.866,2,53.28,-11,790,N/A
2011,12,24,7,0,0,0,0,0.866,2.1,56.33,-11,790,N/A
2011,12,24,7,30,17,378,33,0.866,2.5,44.42,-9,790,N/A
2011,12,24,8,0,34,634,118,0.866,2.9000000000000004,49.99,-7,790,N/A
2011,12,24,8,30,46,771,211,0.866,2.9000000000000004,42.93,-5,790,N/A
2011,12,24,9,0,56,849,301,0.866,2.9000000000000004,47.99,-3,790,N/A
2011,12,24,9,30,64,902,382,0.866,2.7,41.410000000000004,-1,790,N/A
2011,12,24,10,0,70,936,452,0.866,2.6,44.04,0,790,N/A
2011,12,24,10,30,75,960,509,0.866,2.5,44.02,0,790,N/A
2011,12,24,11,0,79,971,551,0.866,2.5,45.04,1,790,N/A
2011,12,24,11,30,81,980,577,0.866,2.4000000000000004,45.01,1,790,N/A
2011,12,24,12,0,82,981,586,0.866,2.3000000000000003,44.480000000000004,2,790,N/A
2011,12,24,12,30,82,978,579,0.866,2.2,44.47,2,790,N/A
2011,12,24,13,0,80,968,556,0.866,2.1,46.45,3,790,N/A
2011,12,24,13,30,189,396,371,0.866,1.9000000000000001,46.44,3,790,N/A
2011,12,24,14,0,189,227,285,0.866,1.8,48.01,3,790,N/A
2011,12,24,14,30,162,221,243,0.866,1.3,51.58,2,790,N/A
2011,12,24,15,0,110,378,225,0.866,0.9,57.47,2,790,N/A
2011,12,24,15,30,51,764,227,0.866,0.8,61.79,0,790,N/A
2011,12,24,16,0,38,643,135,0.866,0.8,58.88,-1,790,N/A
2011,12,24,16,30,21,415,48,0.866,0.9,63.39,-2,790,N/A
2011,12,24,17,0,0,0,0,0.866,1.1,60.9,-4,790,N/A
2011,12,24,17,30,0,0,0,0.866,1.1,60.92,-4,790,N/A
2011,12,24,18,0,0,0,0,0.866,1.1,64.21000000000001,-5,790,N/A
2011,12,24,18,30,0,0,0,0.866,1.1,69.28,-5,790,N/A
2011,12,24,19,0,0,0,0,0.866,1.2000000000000002,73.13,-6,790,N/A
2011,12,24,19,30,0,0,0,0.866,1.2000000000000002,73.13,-6,790,N/A
2011,12,24,20,0,0,0,0,0.866,1.2000000000000002,70.24,-7,790,N/A
2011,12,24,20,30,0,0,0,0.866,1.2000000000000002,70.23,-7,790,N/A
2011,12,24,21,0,0,0,0,0.866,1.3,72.96000000000001,-8,790,N/A
2011,12,24,21,30,0,0,0,0.866,1.3,72.95,-8,790,N/A
2011,12,24,22,0,0,0,0,0.866,1.4000000000000001,69.39,-8,790,N/A
2011,12,24,22,30,0,0,0,0.866,1.4000000000000001,69.38,-8,790,N/A
2011,12,24,23,0,0,0,0,0.866,1.5,71.12,-9,790,N/A
2011,12,24,23,30,0,0,0,0.866,1.5,71.11,-9,790,N/A
2011,12,25,0,0,0,0,0,0.866,1.6,72.56,-9,790,N/A
2011,12,25,0,30,0,0,0,0.866,1.7000000000000002,72.57000000000001,-9,790,N/A
2011,12,25,1,0,0,0,0,0.866,1.8,68.31,-10,790,N/A
2011,12,25,1,30,0,0,0,0.866,1.9000000000000001,68.32000000000001,-10,790,N/A
2011,12,25,2,0,0,0,0,0.866,2,64.7,-10,790,N/A
2011,12,25,2,30,0,0,0,0.866,1.9000000000000001,64.7,-10,790,N/A
2011,12,25,3,0,0,0,0,0.866,1.9000000000000001,62.03,-10,790,N/A
2011,12,25,3,30,0,0,0,0.866,1.8,62.02,-10,790,N/A
2011,12,25,4,0,0,0,0,0.866,1.8,60.22,-10,790,N/A
2011,12,25,4,30,0,0,0,0.866,1.8,60.22,-10,790,N/A
2011,12,25,5,0,0,0,0,0.866,1.8,59.29,-10,790,N/A
2011,12,25,5,30,0,0,0,0.866,1.7000000000000002,59.29,-10,790,N/A
2011,12,25,6,0,0,0,0,0.866,1.7000000000000002,63.99,-10,790,N/A
2011,12,25,6,30,0,0,0,0.866,1.8,59.11,-10,790,N/A
2011,12,25,7,0,0,0,0,0.866,1.9000000000000001,60.980000000000004,-10,790,N/A
2011,12,25,7,30,33,0,33,0.866,2.4000000000000004,52.15,-8,790,N/A
2011,12,25,8,0,31,677,119,0.866,3,55.02,-6,790,N/A
2011,12,25,8,30,41,810,214,0.866,2.9000000000000004,47.31,-4,790,N/A
2011,12,25,9,0,49,890,305,0.866,2.9000000000000004,49.92,-2,790,N/A
2011,12,25,9,30,56,942,387,0.866,2.9000000000000004,46.39,-1,790,N/A
2011,12,25,10,0,60,977,459,0.866,2.9000000000000004,47.72,0,790,N/A
2011,12,25,10,30,64,1000,517,0.866,2.7,47.7,1,790,N/A
2011,12,25,11,0,70,1009,559,0.866,2.5,46.160000000000004,2,790,N/A
2011,12,25,11,30,71,1017,586,0.866,2.3000000000000003,46.13,2,790,N/A
2011,12,25,12,0,72,1019,596,0.866,2.1,43.39,3,790,N/A
2011,12,25,12,30,71,1016,589,0.866,1.9000000000000001,43.37,3,790,N/A
2011,12,25,13,0,70,1007,565,0.866,1.7000000000000002,40.69,3,790,N/A
2011,12,25,13,30,67,992,526,0.866,1.5,40.67,3,790,N/A
2011,12,25,14,0,65,966,471,0.866,1.3,41.52,3,790,N/A
2011,12,25,14,30,60,932,402,0.866,0.9,44.56,2,790,N/A
2011,12,25,15,0,53,883,322,0.866,0.6000000000000001,49.18,2,790,N/A
2011,12,25,15,30,45,809,233,0.866,0.4,52.83,1,790,N/A
2011,12,25,16,0,35,688,140,0.866,0.2,52.71,0,790,N/A
2011,12,25,16,30,20,470,51,0.866,0.30000000000000004,56.69,-1,790,N/A
2011,12,25,17,0,0,0,0,0.866,0.4,53.550000000000004,-2,790,N/A
2011,12,25,17,30,0,0,0,0.866,0.4,53.550000000000004,-2,790,N/A
2011,12,25,18,0,0,0,0,0.866,0.4,57.33,-3,790,N/A
2011,12,25,18,30,0,0,0,0.866,0.4,57.33,-3,790,N/A
2011,12,25,19,0,0,0,0,0.866,0.4,62.26,-4,790,N/A
2011,12,25,19,30,0,0,0,0.866,0.4,62.25,-4,790,N/A
2011,12,25,20,0,0,0,0,0.866,0.4,67.79,-4,790,N/A
2011,12,25,20,30,0,0,0,0.866,0.4,67.77,-4,790,N/A
2011,12,25,21,0,0,0,0,0.866,0.5,68.77,-5,790,N/A
2011,12,25,21,30,0,0,0,0.866,0.5,68.75,-5,790,N/A
2011,12,25,22,0,0,0,0,0.866,0.5,73.48,-6,780,N/A
2011,12,25,22,30,0,0,0,0.866,0.5,73.45,-6,780,N/A
2011,12,25,23,0,0,0,0,0.866,0.5,77.81,-6,780,N/A
2011,12,25,23,30,0,0,0,0.866,0.5,77.77,-6,780,N/A
2011,12,26,0,0,0,0,0,0.866,0.5,80.87,-7,780,N/A
2011,12,26,0,30,0,0,0,0.866,0.5,80.84,-7,780,N/A
2011,12,26,1,0,0,0,0,0.866,0.6000000000000001,79.15,-8,780,N/A
2011,12,26,1,30,0,0,0,0.866,0.8,79.12,-8,780,N/A
2011,12,26,2,0,0,0,0,0.866,1,84.67,-9,780,N/A
2011,12,26,2,30,0,0,0,0.866,1.1,84.63,-9,780,N/A
2011,12,26,3,0,0,0,0,0.866,1.2000000000000002,90.86,-9,780,N/A
2011,12,26,3,30,0,0,0,0.866,1.2000000000000002,90.83,-9,780,N/A
2011,12,26,4,0,0,0,0,0.866,1.3,89.93,-10,780,N/A
2011,12,26,4,30,0,0,0,0.866,1.4000000000000001,89.92,-10,780,N/A
2011,12,26,5,0,0,0,0,0.866,1.5,88.44,-10,780,N/A
2011,12,26,5,30,0,0,0,0.866,1.4000000000000001,88.43,-10,780,N/A
2011,12,26,6,0,0,0,0,0.866,1.4000000000000001,86.07000000000001,-10,780,N/A
2011,12,26,6,30,0,0,0,0.866,1.4000000000000001,86.06,-9,780,N/A
2011,12,26,7,0,0,0,0,0.866,1.5,84.85000000000001,-9,780,N/A
2011,12,26,7,30,31,0,31,0.866,1.9000000000000001,72.55,-7,780,N/A
2011,12,26,8,0,31,645,115,0.866,2.4000000000000004,69.24,-6,780,N/A
2011,12,26,8,30,42,782,208,0.866,2.8000000000000003,59.53,-4,780,N/A
2011,12,26,9,0,51,863,298,0.866,3.2,61.83,-3,780,N/A
2011,12,26,9,30,57,919,381,0.866,3.9000000000000004,53.35,-1,780,N/A
2011,12,26,10,0,64,954,452,0.866,4.6000000000000005,55.7,0,780,N/A
2011,12,26,10,30,68,981,512,0.866,4.800000000000001,51.81,1,780,N/A
2011,12,26,11,0,72,997,556,0.866,5.1000000000000005,54.230000000000004,2,780,N/A
2011,12,26,11,30,74,1009,585,0.866,5.1000000000000005,50.5,3,780,N/A
2011,12,26,12,0,75,1013,597,0.866,5.300000000000001,49.120000000000005,4,780,N/A
2011,12,26,12,30,75,1012,591,0.866,5.300000000000001,49.120000000000005,4,780,N/A
2011,12,26,13,0,73,1006,569,0.866,5.4,48.88,5,780,N/A
2011,12,26,13,30,70,993,530,0.866,5.1000000000000005,48.89,5,780,N/A
2011,12,26,14,0,68,966,475,0.866,4.800000000000001,48.54,5,780,N/A
2011,12,26,14,30,63,934,407,0.866,3.9000000000000004,52.09,4,780,N/A
2011,12,26,15,0,56,886,327,0.866,3,54.69,3,780,N/A
2011,12,26,15,30,48,814,238,0.866,2.4000000000000004,63.09,1,780,N/A
2011,12,26,16,0,37,696,144,0.866,1.9000000000000001,63.300000000000004,0,780,N/A
2011,12,26,16,30,22,477,54,0.866,1.8,68.1,-1,780,N/A
2011,12,26,17,0,0,0,0,0.866,1.8,68.79,-3,780,N/A
2011,12,26,17,30,0,0,0,0.866,1.8,68.81,-3,780,N/A
2011,12,26,18,0,0,0,0,0.866,1.8,69.65,-3,780,N/A
2011,12,26,18,30,0,0,0,0.866,1.8,69.68,-3,780,N/A
2011,12,26,19,0,0,0,0,0.866,1.8,65.83,-4,780,N/A
2011,12,26,19,30,0,0,0,0.866,1.8,65.85,-4,780,N/A
2011,12,26,20,0,0,0,0,0.866,1.8,67.59,-4,780,N/A
2011,12,26,20,30,0,0,0,0.866,1.8,67.61,-4,780,N/A
2011,12,26,21,0,0,0,0,0.866,1.8,65.15,-5,780,N/A
2011,12,26,21,30,0,0,0,0.866,1.8,65.17,-5,780,N/A
2011,12,26,22,0,0,0,0,0.866,1.8,68.34,-5,780,N/A
2011,12,26,22,30,0,0,0,0.866,1.8,68.35000000000001,-5,790,N/A
2011,12,26,23,0,0,0,0,0.866,1.8,66.65,-6,790,N/A
2011,12,26,23,30,0,0,0,0.866,1.7000000000000002,66.66,-6,790,N/A
2011,12,27,0,0,0,0,0,0.866,1.6,64.75,-6,790,N/A
2011,12,27,0,30,0,0,0,0.866,1.5,64.76,-6,790,N/A
2011,12,27,1,0,0,0,0,0.866,1.4000000000000001,67.49,-7,790,N/A
2011,12,27,1,30,0,0,0,0.866,1.3,67.49,-7,790,N/A
2011,12,27,2,0,0,0,0,0.866,1.3,64.88,-7,790,N/A
2011,12,27,2,30,0,0,0,0.866,1.3,64.87,-7,790,N/A
2011,12,27,3,0,0,0,0,0.866,1.3,62.45,-7,790,N/A
2011,12,27,3,30,0,0,0,0.866,1.3,62.440000000000005,-7,790,N/A
2011,12,27,4,0,0,0,0,0.866,1.3,60.39,-7,790,N/A
2011,12,27,4,30,0,0,0,0.866,1.3,60.38,-7,790,N/A
2011,12,27,5,0,0,0,0,0.866,1.3,63.15,-7,790,N/A
2011,12,27,5,30,0,0,0,0.866,1.3,63.14,-7,780,N/A
2011,12,27,6,0,0,0,0,0.866,1.4000000000000001,61.07,-7,780,N/A
2011,12,27,6,30,0,0,0,0.866,1.4000000000000001,56.52,-7,780,N/A
2011,12,27,7,0,0,0,0,0.866,1.4000000000000001,56.4,-7,780,N/A
2011,12,27,7,30,31,0,31,0.866,1.5,48.42,-5,780,N/A
2011,12,27,8,0,31,662,116,0.866,1.6,50.86,-3,780,N/A
2011,12,27,8,30,42,799,211,0.866,1.8,43.9,-1,780,N/A
2011,12,27,9,0,50,880,302,0.866,2.1,46.03,0,790,N/A
2011,12,27,9,30,57,933,385,0.866,2,42.82,1,780,N/A
2011,12,27,10,0,62,968,456,0.866,1.9000000000000001,44.71,2,780,N/A
2011,12,27,10,30,66,993,515,0.866,2.3000000000000003,41.63,3,780,N/A
2011,12,27,11,0,76,993,558,0.866,2.7,38.62,4,780,N/A
2011,12,27,11,30,77,1003,586,0.866,2.9000000000000004,38.59,4,780,N/A
2011,12,27,12,0,75,1015,597,0.866,3.1,35.65,5,780,N/A
2011,12,27,12,30,74,1013,592,0.866,3.1,35.64,5,780,N/A
2011,12,27,13,0,72,1009,570,0.866,3.2,36.36,5,780,N/A
2011,12,27,13,30,69,996,531,0.866,3,38.980000000000004,5,780,N/A
2011,12,27,14,0,66,973,478,0.866,2.8000000000000003,40.86,5,780,N/A
2011,12,27,14,30,61,942,410,0.866,2.2,43.84,4,780,N/A
2011,12,27,15,0,54,898,331,0.866,1.7000000000000002,48.36,3,780,N/A
2011,12,27,15,30,46,828,242,0.866,1.5,55.76,1,780,N/A
2011,12,27,16,0,36,715,147,0.866,1.4000000000000001,56.1,0,780,N/A
2011,12,27,16,30,21,504,56,0.866,1.5,60.34,-1,780,N/A
2011,12,27,17,0,0,0,0,0.866,1.6,61.230000000000004,-2,780,N/A
2011,12,27,17,30,0,0,0,0.866,1.6,61.24,-2,780,N/A
2011,12,27,18,0,0,0,0,0.866,1.6,58.910000000000004,-3,780,N/A
2011,12,27,18,30,0,0,0,0.866,1.6,58.910000000000004,-3,780,N/A
2011,12,27,19,0,0,0,0,0.866,1.6,61.03,-4,780,N/A
2011,12,27,19,30,0,0,0,0.866,1.6,61.03,-4,780,N/A
2011,12,27,20,0,0,0,0,0.866,1.6,63.35,-5,780,N/A
2011,12,27,20,30,0,0,0,0.866,1.6,63.35,-5,780,N/A
2011,12,27,21,0,0,0,0,0.866,1.6,61.52,-5,780,N/A
2011,12,27,21,30,0,0,0,0.866,1.7000000000000002,61.52,-5,780,N/A
2011,12,27,22,0,0,0,0,0.866,1.8,65.14,-5,780,N/A
2011,12,27,22,30,0,0,0,0.866,1.9000000000000001,65.14,-5,780,N/A
2011,12,27,23,0,0,0,0,0.866,2,64.25,-5,780,N/A
2011,12,27,23,30,0,0,0,0.866,2,64.24,-5,780,N/A
2011,12,28,0,0,0,0,0,0.866,2.1,63.47,-6,780,N/A
2011,12,28,0,30,0,0,0,0.866,2,63.480000000000004,-6,780,N/A
2011,12,28,1,0,0,0,0,0.866,2,62.6,-6,780,N/A
2011,12,28,1,30,0,0,0,0.866,2,62.6,-6,780,N/A
2011,12,28,2,0,0,0,0,0.866,2.1,66.17,-7,780,N/A
2011,12,28,2,30,0,0,0,0.866,2.1,66.17,-7,780,N/A
2011,12,28,3,0,0,0,0,0.866,2.2,64.83,-7,780,N/A
2011,12,28,3,30,0,0,0,0.866,2.1,64.84,-7,780,N/A
2011,12,28,4,0,0,0,0,0.866,2.1,68.81,-7,780,N/A
2011,12,28,4,30,0,0,0,0.866,2,68.82000000000001,-7,780,N/A
2011,12,28,5,0,0,0,0,0.866,1.9000000000000001,67.76,-7,780,N/A
2011,12,28,5,30,0,0,0,0.866,1.8,67.77,-7,780,N/A
2011,12,28,6,0,0,0,0,0.866,1.7000000000000002,66.91,-8,780,N/A
2011,12,28,6,30,0,0,0,0.866,1.7000000000000002,61.95,-7,780,N/A
2011,12,28,7,0,0,0,0,0.866,1.8,61.97,-7,780,N/A
2011,12,28,7,30,30,0,30,0.866,2.2,53.22,-5,780,N/A
2011,12,28,8,0,30,649,113,0.866,2.7,54.4,-4,780,N/A
2011,12,28,8,30,41,784,206,0.866,2.5,46.89,-2,780,N/A
2011,12,28,9,0,49,866,296,0.866,2.4000000000000004,49.050000000000004,0,790,N/A
2011,12,28,9,30,55,919,378,0.866,2.8000000000000003,45.61,1,790,N/A
2011,12,28,10,0,61,953,449,0.866,3.2,44.44,2,790,N/A
2011,12,28,10,30,65,977,507,0.866,3.6,41.37,3,780,N/A
2011,12,28,11,0,75,977,549,0.866,4,40.93,5,780,N/A
2011,12,28,11,30,76,986,576,0.866,4.2,38.15,5,780,N/A
2011,12,28,12,0,143,671,490,0.866,4.4,35.46,6,780,N/A
2011,12,28,12,30,109,782,509,0.866,4.5,35.45,6,780,N/A
2011,12,28,13,0,74,978,558,0.866,4.6000000000000005,36.1,6,780,N/A
2011,12,28,13,30,71,961,518,0.866,4.3,36.1,6,780,N/A
2011,12,28,14,0,67,937,464,0.866,4.1000000000000005,37.82,6,780,N/A
2011,12,28,14,30,62,902,397,0.866,3.3000000000000003,40.53,5,780,N/A
2011,12,28,15,0,54,856,319,0.866,2.5,47.230000000000004,4,780,N/A
2011,12,28,15,30,46,783,232,0.866,2.1,54.42,2,780,N/A
2011,12,28,16,0,35,675,141,0.866,1.7000000000000002,62.57,0,780,N/A
2011,12,28,16,30,21,467,54,0.866,1.6,62.59,0,780,N/A
2011,12,28,17,0,0,0,0,0.866,1.6,61.58,-1,780,N/A
2011,12,28,17,30,0,0,0,0.866,1.5,61.6,-1,780,N/A
2011,12,28,18,0,0,0,0,0.866,1.5,64.62,-1,780,N/A
2011,12,28,18,30,0,0,0,0.866,1.4000000000000001,64.62,-1,780,N/A
2011,12,28,19,0,0,0,0,0.866,1.4000000000000001,62.74,-2,780,N/A
2011,12,28,19,30,0,0,0,0.866,1.4000000000000001,62.730000000000004,-2,780,N/A
2011,12,28,20,0,0,0,0,0.866,1.5,60.7,-2,780,N/A
2011,12,28,20,30,0,0,0,0.866,1.6,60.7,-2,780,N/A
2011,12,28,21,0,0,0,0,0.866,1.8,58.82,-2,780,N/A
2011,12,28,21,30,0,0,0,0.866,2,58.82,-2,780,N/A
2011,12,28,22,0,0,0,0,0.866,2.2,57.13,-2,780,N/A
2011,12,28,22,30,0,0,0,0.866,2.3000000000000003,57.13,-2,780,N/A
2011,12,28,23,0,0,0,0,0.866,2.5,55.92,-2,780,N/A
2011,12,28,23,30,0,0,0,0.866,2.5,55.910000000000004,-2,780,N/A
2011,12,29,0,0,0,0,0,0.866,2.6,59.86,-2,780,N/A
2011,12,29,0,30,0,0,0,0.866,2.6,59.85,-2,780,N/A
2011,12,29,1,0,0,0,0,0.866,2.7,60.160000000000004,-2,780,N/A
2011,12,29,1,30,0,0,0,0.866,2.7,60.15,-2,780,N/A
2011,12,29,2,0,0,0,0,0.866,2.8000000000000003,60.96,-2,780,N/A
2011,12,29,2,30,0,0,0,0.866,2.8000000000000003,60.94,-2,780,N/A
2011,12,29,3,0,0,0,0,0.866,2.8000000000000003,62,-3,780,N/A
2011,12,29,3,30,0,0,0,0.866,2.8000000000000003,61.99,-3,780,N/A
2011,12,29,4,0,0,0,0,0.866,2.8000000000000003,63.35,-3,780,N/A
2011,12,29,4,30,0,0,0,0.866,2.7,63.34,-3,780,N/A
2011,12,29,5,0,0,0,0,0.866,2.6,64.86,-3,780,N/A
2011,12,29,5,30,0,0,0,0.866,2.4000000000000004,64.85,-3,780,N/A
2011,12,29,6,0,0,0,0,0.866,2.3000000000000003,66.19,-3,780,N/A
2011,12,29,6,30,0,0,0,0.866,2.2,66.19,-3,780,N/A
2011,12,29,7,0,0,0,0,0.866,2.2,67.86,-3,780,N/A
2011,12,29,7,30,14,371,28,0.866,2.6,58.56,-1,780,N/A
2011,12,29,8,0,29,628,109,0.866,3,59.300000000000004,0,780,N/A
2011,12,29,8,30,40,765,200,0.866,2.9000000000000004,55.18,1,780,N/A
2011,12,29,9,0,50,839,289,0.866,2.8000000000000003,57.58,2,780,N/A
2011,12,29,9,30,56,893,369,0.866,3,53.63,3,780,N/A
2011,12,29,10,0,64,921,439,0.866,3.4000000000000004,54.47,5,780,N/A
2011,12,29,10,30,68,946,496,0.866,3.8000000000000003,50.800000000000004,6,780,N/A
2011,12,29,11,0,82,936,537,0.866,4.2,52.02,7,780,N/A
2011,12,29,11,30,84,948,565,0.866,4.3,51.99,7,780,N/A
2011,12,29,12,0,132,715,501,0.866,4.5,50.09,8,780,N/A
2011,12,29,12,30,144,665,485,0.866,4.4,50.07,8,780,N/A
2011,12,29,13,0,138,666,469,0.866,4.4,50.4,8,780,N/A
2011,12,29,13,30,74,952,519,0.866,4.2,50.4,8,780,N/A
2011,12,29,14,0,66,943,468,0.866,4,50.44,8,780,N/A
2011,12,29,14,30,61,911,402,0.866,3.3000000000000003,54,7,780,N/A
2011,12,29,15,0,54,866,324,0.866,2.7,58.160000000000004,6,780,N/A
2011,12,29,15,30,46,794,237,0.866,2.3000000000000003,66.84,4,780,N/A
2011,12,29,16,0,36,679,145,0.866,2,73.4,3,780,N/A
2011,12,29,16,30,22,473,57,0.866,1.8,78.87,1,780,N/A
2011,12,29,17,0,0,0,0,0.866,1.7000000000000002,79.02,0,780,N/A
2011,12,29,17,30,0,0,0,0.866,1.7000000000000002,79.03,0,780,N/A
2011,12,29,18,0,0,0,0,0.866,1.7000000000000002,76.38,0,780,N/A
2011,12,29,18,30,0,0,0,0.866,1.6,76.4,0,780,N/A
2011,12,29,19,0,0,0,0,0.866,1.6,79.62,0,780,N/A
2011,12,29,19,30,0,0,0,0.866,1.7000000000000002,79.63,0,780,N/A
2011,12,29,20,0,0,0,0,0.866,1.8,78.25,0,780,N/A
2011,12,29,20,30,0,0,0,0.866,1.7000000000000002,78.25,0,780,N/A
2011,12,29,21,0,0,0,0,0.866,1.7000000000000002,78.15,0,780,N/A
2011,12,29,21,30,0,0,0,0.866,1.6,78.15,0,780,N/A
2011,12,29,22,0,0,0,0,0.866,1.6,78.44,0,780,N/A
2011,12,29,22,30,0,0,0,0.866,1.6,78.44,0,780,N/A
2011,12,29,23,0,0,0,0,0.866,1.6,79.41,0,780,N/A
2011,12,29,23,30,0,0,0,0.866,1.5,73.84,0,780,N/A
2011,12,30,0,0,0,0,0,0.866,1.4000000000000001,75,0,780,N/A
2011,12,30,0,30,0,0,0,0.866,1.3,75.02,0,780,N/A
2011,12,30,1,0,0,0,0,0.866,1.3,81.60000000000001,0,780,N/A
2011,12,30,1,30,0,0,0,0.866,1.2000000000000002,81.62,0,780,N/A
2011,12,30,2,0,0,0,0,0.866,1.1,81.66,-1,780,N/A
2011,12,30,2,30,0,0,0,0.866,1,81.67,-1,780,N/A
2011,12,30,3,0,0,0,0,0.866,0.9,81.43,-1,780,N/A
2011,12,30,3,30,0,0,0,0.866,0.7000000000000001,81.43,-1,780,N/A
2011,12,30,4,0,0,0,0,0.866,0.6000000000000001,81.62,-1,780,N/A
2011,12,30,4,30,0,0,0,0.866,0.6000000000000001,81.63,-1,780,N/A
2011,12,30,5,0,0,0,0,0.866,0.6000000000000001,81.78,-1,780,N/A
2011,12,30,5,30,0,0,0,0.866,0.6000000000000001,81.78,-1,780,N/A
2011,12,30,6,0,0,0,0,0.866,0.7000000000000001,87.95,-1,780,N/A
2011,12,30,6,30,0,0,0,0.866,0.8,87.97,-1,780,N/A
2011,12,30,7,0,0,0,0,0.866,0.9,88.38,-1,780,N/A
2011,12,30,7,30,27,0,27,0.866,1.2000000000000002,82.16,0,780,N/A
2011,12,30,8,0,31,605,108,0.866,1.5,80.35000000000001,1,780,N/A
2011,12,30,8,30,43,747,199,0.866,1.6,74.77,2,780,N/A
2011,12,30,9,0,52,832,288,0.866,1.7000000000000002,67.95,3,780,N/A
2011,12,30,9,30,59,887,370,0.866,2,63.33,4,780,N/A
2011,12,30,10,0,64,923,440,0.866,2.3000000000000003,57.38,6,780,N/A
2011,12,30,10,30,69,949,498,0.866,2.5,57.36,7,780,N/A
2011,12,30,11,0,75,956,541,0.866,2.9000000000000004,54.050000000000004,8,780,N/A
2011,12,30,11,30,77,966,569,0.866,3,54.02,8,780,N/A
2011,12,30,12,0,78,971,580,0.866,3.3000000000000003,50.5,9,780,N/A
2011,12,30,12,30,77,970,576,0.866,3.3000000000000003,50.480000000000004,9,780,N/A
2011,12,30,13,0,75,965,555,0.866,3.3000000000000003,47.54,9,780,N/A
2011,12,30,13,30,73,953,519,0.866,3.1,50.86,8,780,N/A
2011,12,30,14,0,67,939,468,0.866,3,51.52,8,780,N/A
2011,12,30,14,30,62,910,403,0.866,2.3000000000000003,55.14,7,780,N/A
2011,12,30,15,0,54,872,327,0.866,1.7000000000000002,60.42,7,780,N/A
2011,12,30,15,30,46,804,241,0.866,1.6,69.44,4,780,N/A
2011,12,30,16,0,36,699,149,0.866,1.5,76.10000000000001,2,780,N/A
2011,12,30,16,30,22,500,60,0.866,1.5,81.75,1,780,N/A
2011,12,30,17,0,0,0,0,0.149,1.6,83.39,0,780,N/A
2011,12,30,17,30,0,0,0,0.149,1.6,83.39,0,780,N/A
2011,12,30,18,0,0,0,0,0.149,1.6,81.83,0,780,N/A
2011,12,30,18,30,0,0,0,0.149,1.5,81.83,0,780,N/A
2011,12,30,19,0,0,0,0,0.149,1.5,80.08,0,780,N/A
2011,12,30,19,30,0,0,0,0.149,1.5,80.07000000000001,0,780,N/A
2011,12,30,20,0,0,0,0,0.149,1.5,83.93,0,780,N/A
2011,12,30,20,30,0,0,0,0.149,1.4000000000000001,83.92,0,780,N/A
2011,12,30,21,0,0,0,0,0.149,1.4000000000000001,81.91,0,780,N/A
2011,12,30,21,30,0,0,0,0.149,1.3,76.15,0,780,N/A
2011,12,30,22,0,0,0,0,0.149,1.3,74.71000000000001,0,780,N/A
2011,12,30,22,30,0,0,0,0.149,1.2000000000000002,74.69,0,780,N/A
2011,12,30,23,0,0,0,0,0.149,1.2000000000000002,73.52,0,780,N/A
2011,12,30,23,30,0,0,0,0.149,1.1,73.5,0,780,N/A
2011,12,31,0,0,0,0,0,0.149,1.1,72.67,0,780,N/A
2011,12,31,0,30,0,0,0,0.149,1,72.67,0,780,N/A
2011,12,31,1,0,0,0,0,0.149,1,72.2,0,780,N/A
2011,12,31,1,30,0,0,0,0.149,1,72.19,0,780,N/A
2011,12,31,2,0,0,0,0,0.149,1,72.59,0,780,N/A
2011,12,31,2,30,0,0,0,0.149,0.7000000000000001,72.55,0,780,N/A
2011,12,31,3,0,0,0,0,0.149,0.5,73.9,0,780,N/A
2011,12,31,3,30,0,0,0,0.149,0.5,73.87,0,780,N/A
2011,12,31,4,0,0,0,0,0.149,0.5,75.33,0,780,N/A
2011,12,31,4,30,0,0,0,0.149,0.8,75.35000000000001,0,780,N/A
2011,12,31,5,0,0,0,0,0.149,1.1,76.25,0,780,N/A
2011,12,31,5,30,0,0,0,0.149,1.4000000000000001,76.26,0,780,N/A
2011,12,31,6,0,0,0,0,0.149,1.7000000000000002,74.55,0,780,N/A
2011,12,31,6,30,0,0,0,0.149,1.7000000000000002,74.56,0,780,N/A
2011,12,31,7,0,0,0,0,0.149,1.7000000000000002,72.44,0,780,N/A
2011,12,31,7,30,14,375,28,0.149,2,67.42,1,780,N/A
2011,12,31,8,0,29,657,111,0.149,2.4000000000000004,63.370000000000005,2,780,N/A
2011,12,31,8,30,38,797,204,0.149,2.8000000000000003,59.050000000000004,3,780,N/A
2011,12,31,9,0,44,881,294,0.149,3.3000000000000003,53.7,4,780,N/A
2011,12,31,9,30,48,934,376,0.149,4,53.71,5,780,N/A
2011,12,31,10,0,51,971,446,0.149,4.7,45.53,6,780,N/A
2011,12,31,10,30,53,995,504,0.149,5.2,45.53,6,780,N/A
2011,12,31,11,0,55,1011,548,0.149,5.800000000000001,37.89,7,780,N/A
2011,12,31,11,30,56,1022,576,0.149,5.9,37.88,7,780,N/A
2011,12,31,12,0,55,1030,589,0.149,6.1000000000000005,31.73,7,780,N/A
2011,12,31,12,30,55,1030,586,0.149,6,33.980000000000004,7,780,N/A
2011,12,31,13,0,54,1027,566,0.149,6,31.43,7,780,N/A
2011,12,31,13,30,52,1017,530,0.149,5.7,31.44,6,780,N/A
2011,12,31,14,0,51,997,480,0.149,5.5,28.98,6,780,N/A
2011,12,31,14,30,49,971,415,0.149,4.800000000000001,31.07,5,780,N/A
2011,12,31,15,0,45,931,338,0.149,4.2,31.09,5,780,N/A
2011,12,31,15,30,40,867,251,0.149,3.3000000000000003,35.83,3,780,N/A
2011,12,31,16,0,32,765,158,0.149,2.5,36.78,1,780,N/A
2011,12,31,16,30,21,570,66,0.149,2.5,36.78,1,780,N/A
2011,12,31,17,0,0,0,0,0.866,4.5,48.95,-11,770,N/A
2011,12,31,17,30,0,0,0,0.866,4.3,48.980000000000004,-11,770,N/A
2011,12,31,18,0,0,0,0,0.866,4.2,51.08,-12,770,N/A
2011,12,31,18,30,0,0,0,0.866,4.1000000000000005,51.1,-12,770,N/A
2011,12,31,19,0,0,0,0,0.866,4,52.84,-13,770,N/A
2011,12,31,19,30,0,0,0,0.866,3.8000000000000003,52.86,-13,770,N/A
2011,12,31,20,0,0,0,0,0.866,3.7,54.480000000000004,-14,770,N/A
2011,12,31,20,30,0,0,0,0.866,3.4000000000000004,54.5,-14,770,N/A
2011,12,31,21,0,0,0,0,0.866,3.1,57.85,-15,770,N/A
2011,12,31,21,30,0,0,0,0.866,2.7,57.86,-15,770,N/A
2011,12,31,22,0,0,0,0,0.866,2.3000000000000003,57.76,-15,770,N/A
2011,12,31,22,30,0,0,0,0.866,2,57.77,-15,770,N/A
2011,12,31,23,0,0,0,0,0.866,1.7000000000000002,62.65,-16,770,N/A
2011,12,31,23,30,0,0,0,0.866,1.7000000000000002,62.65,-16,770,N/A
